1.280000000000000000e+02 8.333154597877844294e-01
2.560000000000000000e+02 8.333154597877844294e-01
3.840000000000000000e+02 1.666854803894046444e-01
5.120000000000000000e+02 1.223896763791790070e-02
6.400000000000000000e+02 1.223896763791790070e-02
7.680000000000000000e+02 1.223896763791790070e-02
8.960000000000000000e+02 1.223896763791790070e-02
1.024000000000000000e+03 1.223896763791790070e-02
1.152000000000000000e+03 1.223896763791790070e-02
1.280000000000000000e+03 1.223896763791790070e-02
1.408000000000000000e+03 1.223896763791790070e-02
1.536000000000000000e+03 2.661753383516808798e-03
1.664000000000000000e+03 1.833655830815824510e-04
1.792000000000000000e+03 1.833655830815824510e-04
1.920000000000000000e+03 1.833655830815824510e-04
2.048000000000000000e+03 1.833655830815824510e-04
2.176000000000000000e+03 8.006749608999383654e-05
2.304000000000000000e+03 8.006749608999383654e-05
2.432000000000000000e+03 8.006749608999383654e-05
2.560000000000000000e+03 8.006749608999383654e-05
2.688000000000000000e+03 8.006749608999383654e-05
2.816000000000000000e+03 8.006749608999383654e-05
2.944000000000000000e+03 8.006749608999383654e-05
3.072000000000000000e+03 6.019804244935947784e-06
3.200000000000000000e+03 6.019804244935947784e-06
3.328000000000000000e+03 6.019804244935947784e-06
3.456000000000000000e+03 9.280492520618969212e-07
3.584000000000000000e+03 9.280492520618969212e-07
3.712000000000000000e+03 9.280492520618969212e-07
3.840000000000000000e+03 9.280492520618969212e-07
3.968000000000000000e+03 9.280492520618969212e-07
4.096000000000000000e+03 9.280492520618969212e-07
4.224000000000000000e+03 9.280492520618969212e-07
4.352000000000000000e+03 9.280492520618969212e-07
4.480000000000000000e+03 9.280492520618969212e-07
4.608000000000000000e+03 2.953664386065631787e-07
4.736000000000000000e+03 2.495990851128808792e-07
4.864000000000000000e+03 2.299351488699961509e-07
4.992000000000000000e+03 2.299351488699961509e-07
5.120000000000000000e+03 1.268290034592156711e-07
5.248000000000000000e+03 6.552988518518749971e-08
5.376000000000000000e+03 1.225775228321894234e-08
5.504000000000000000e+03 1.225775228321894234e-08
5.632000000000000000e+03 6.595047895701537172e-10
5.760000000000000000e+03 6.595047895701537172e-10
5.888000000000000000e+03 6.595047895701537172e-10
6.016000000000000000e+03 6.595047895701537172e-10
6.144000000000000000e+03 6.595047895701537172e-10
6.272000000000000000e+03 6.595047895701537172e-10
6.400000000000000000e+03 6.595047895701537172e-10
6.528000000000000000e+03 6.595047895701537172e-10
6.656000000000000000e+03 3.176222226010542364e-10
6.784000000000000000e+03 2.955465713033659510e-10
6.912000000000000000e+03 4.606431676372319081e-11
7.040000000000000000e+03 2.365254980834554688e-11
7.168000000000000000e+03 2.365254980834554688e-11
7.296000000000000000e+03 1.556954744932944710e-11
7.424000000000000000e+03 8.101355986035586011e-12
7.552000000000000000e+03 4.871447815966484693e-12
7.680000000000000000e+03 4.871447815966484693e-12
7.808000000000000000e+03 2.279440260857558152e-12
7.936000000000000000e+03 6.168425207789804041e-13
8.064000000000000000e+03 6.168425207789804041e-13
8.192000000000000000e+03 6.168425207789804041e-13
8.320000000000000000e+03 6.168425207789804041e-13
8.448000000000000000e+03 2.106614157001240114e-13
8.576000000000000000e+03 2.106614157001240114e-13
8.704000000000000000e+03 2.106614157001240114e-13
8.832000000000000000e+03 5.488007833134176923e-14
8.960000000000000000e+03 5.488007833134176923e-14
9.088000000000000000e+03 5.488007833134176923e-14
9.216000000000000000e+03 4.539186201809427416e-16
9.344000000000000000e+03 4.539186201809427416e-16
9.472000000000000000e+03 4.539186201809427416e-16
9.600000000000000000e+03 4.539186201809427416e-16
9.728000000000000000e+03 4.539186201809427416e-16
9.856000000000000000e+03 4.539186201809427416e-16
9.984000000000000000e+03 4.539186201809427416e-16
1.011200000000000000e+04 9.866617730460398002e-17
1.024000000000000000e+04 9.866617730460398002e-17
1.036800000000000000e+04 9.866617730460398002e-17
1.049600000000000000e+04 9.866617730460398002e-17
1.062400000000000000e+04 9.866617730460398002e-17
1.075200000000000000e+04 2.188318822557864359e-17
1.088000000000000000e+04 2.188318822557864359e-17
1.100800000000000000e+04 1.991147657703752812e-17
1.113600000000000000e+04 1.991147657703752812e-17
1.126400000000000000e+04 1.628622509468265477e-17
1.139200000000000000e+04 1.438159753184065199e-17
1.152000000000000000e+04 1.000645999891077043e-17
1.164800000000000000e+04 1.000645999891077043e-17
1.177600000000000000e+04 2.278572483069849255e-18
1.190400000000000000e+04 1.354728753766948552e-18
1.203200000000000000e+04 1.354728753766948552e-18
1.216000000000000000e+04 1.354728753766948552e-18
1.228800000000000000e+04 1.078653573040807352e-19
1.241600000000000000e+04 1.078653573040807352e-19
1.254400000000000000e+04 1.078653573040807352e-19
1.267200000000000000e+04 1.078653573040807352e-19
1.280000000000000000e+04 1.078653573040807352e-19
1.292800000000000000e+04 1.576198301660192264e-20
1.305600000000000000e+04 1.576198301660192264e-20
1.318400000000000000e+04 6.501190651903504534e-21
1.331200000000000000e+04 6.501190651903504534e-21
1.344000000000000000e+04 1.866939667439575271e-21
1.356800000000000000e+04 1.866939667439575271e-21
1.369600000000000000e+04 7.785128569662010100e-22
1.382400000000000000e+04 1.730178929240550759e-22
1.395200000000000000e+04 1.730178929240550759e-22
1.408000000000000000e+04 1.730178929240550759e-22
1.420800000000000000e+04 1.730178929240550759e-22
1.433600000000000000e+04 1.730178929240550759e-22
1.446400000000000000e+04 1.730178929240550759e-22
1.459200000000000000e+04 1.435468636980697963e-22
1.472000000000000000e+04 1.435468636980697963e-22
1.484800000000000000e+04 1.435468636980697963e-22
1.497600000000000000e+04 5.656512937937318992e-23
1.510400000000000000e+04 5.656512937937318992e-23
1.523200000000000000e+04 4.111425241073842057e-23
1.536000000000000000e+04 4.111425241073842057e-23
1.548800000000000000e+04 7.609507688494505124e-24
1.561600000000000000e+04 7.609507688494505124e-24
1.574400000000000000e+04 1.930774278497856991e-24
1.587200000000000000e+04 1.930774278497856991e-24
1.600000000000000000e+04 2.714769636166271315e-25
1.612800000000000000e+04 2.597267338596804159e-25
1.625600000000000000e+04 2.597267338596804159e-25
1.638400000000000000e+04 2.123468560962220769e-25
1.651200000000000000e+04 2.123468560962220769e-25
1.664000000000000000e+04 2.123468560962220769e-25
1.676800000000000000e+04 8.691248142513941484e-26
1.689600000000000000e+04 4.441478075384427042e-26
1.702400000000000000e+04 3.373646487181882751e-26
1.715200000000000000e+04 3.373646487181882751e-26
1.728000000000000000e+04 3.373646487181882751e-26
1.740800000000000000e+04 8.539640758611536197e-27
1.753600000000000000e+04 4.948776316242723647e-27
1.766400000000000000e+04 4.948776316242723647e-27
1.779200000000000000e+04 2.501616446615147251e-27
1.792000000000000000e+04 1.370502640466792870e-27
1.804800000000000000e+04 4.543399777049803654e-29
1.817600000000000000e+04 4.543399777049803654e-29
1.830400000000000000e+04 4.543399777049803654e-29
1.843200000000000000e+04 4.322196727632638072e-29
1.856000000000000000e+04 4.322196727632638072e-29
1.868800000000000000e+04 4.322196727632638072e-29
1.881600000000000000e+04 4.322196727632638072e-29
1.894400000000000000e+04 4.322196727632638072e-29
1.907200000000000000e+04 4.322196727632638072e-29
1.920000000000000000e+04 4.322196727632638072e-29
1.932800000000000000e+04 4.658673964255177147e-30
1.945600000000000000e+04 4.658673964255177147e-30
1.958400000000000000e+04 4.658673964255177147e-30
1.971200000000000000e+04 1.459862039616720724e-30
1.984000000000000000e+04 1.459862039616720724e-30
1.996800000000000000e+04 1.436701928936628525e-30
2.009600000000000000e+04 1.096992495248163490e-30
2.022400000000000000e+04 3.967309868604304948e-33
2.035200000000000000e+04 3.967309868604304948e-33
2.048000000000000000e+04 3.967309868604304948e-33
2.060800000000000000e+04 3.967309868604304948e-33
2.073600000000000000e+04 3.967309868604304948e-33
2.086400000000000000e+04 3.149061298269827683e-33
2.099200000000000000e+04 3.149061298269827683e-33
2.112000000000000000e+04 3.149061298269827683e-33
2.124800000000000000e+04 3.149061298269827683e-33
2.137600000000000000e+04 3.149061298269827683e-33
2.150400000000000000e+04 2.006929782826631947e-33
2.163200000000000000e+04 8.019648890558322569e-34
2.176000000000000000e+04 2.507164520344093579e-34
2.188800000000000000e+04 2.507164520344093579e-34
2.201600000000000000e+04 1.954926470543065325e-34
2.214400000000000000e+04 1.954926470543065325e-34
2.227200000000000000e+04 1.954926470543065325e-34
2.240000000000000000e+04 1.954926470543065325e-34
2.252800000000000000e+04 1.754392275196672369e-34
2.265600000000000000e+04 1.664242164294941685e-34
2.278400000000000000e+04 1.664242164294941685e-34
2.291200000000000000e+04 1.982662623787210804e-35
2.304000000000000000e+04 8.904603491111231497e-36
2.316800000000000000e+04 8.904603491111231497e-36
2.329600000000000000e+04 8.904603491111231497e-36
2.342400000000000000e+04 9.549433511443561238e-37
2.355200000000000000e+04 9.549433511443561238e-37
2.368000000000000000e+04 9.549433511443561238e-37
2.380800000000000000e+04 9.549433511443561238e-37
2.393600000000000000e+04 9.549433511443561238e-37
2.406400000000000000e+04 9.549433511443561238e-37
2.419200000000000000e+04 6.546812380501909938e-37
2.432000000000000000e+04 6.546812380501909938e-37
2.444800000000000000e+04 6.546812380501909938e-37
2.457600000000000000e+04 5.513445358632668577e-38
2.470400000000000000e+04 5.513445358632668577e-38
2.483200000000000000e+04 2.508276997307858067e-38
2.496000000000000000e+04 5.329855061079401827e-39
2.508800000000000000e+04 4.899370584539199114e-39
2.521600000000000000e+04 4.899370584539199114e-39
2.534400000000000000e+04 4.899370584539199114e-39
2.547200000000000000e+04 4.899370584539199114e-39
2.560000000000000000e+04 3.082496831431692348e-39
2.572800000000000000e+04 3.082496831431692348e-39
2.585600000000000000e+04 1.455756650381265897e-39
2.598400000000000000e+04 9.649851545688663839e-40
2.611200000000000000e+04 2.888746718322161171e-40
2.624000000000000000e+04 2.888746718322161171e-40
2.636800000000000000e+04 1.180299979913336826e-40
2.649600000000000000e+04 1.180299979913336826e-40
2.662400000000000000e+04 3.635955912703722109e-41
2.675200000000000000e+04 3.635955912703722109e-41
2.688000000000000000e+04 2.260251630278807736e-41
2.700800000000000000e+04 1.533091611630192029e-41
2.713600000000000000e+04 8.775280372038029408e-42
2.726400000000000000e+04 8.775280372038029408e-42
2.739200000000000000e+04 6.138157439335764500e-42
2.752000000000000000e+04 6.138157439335764500e-42
2.764800000000000000e+04 5.321103607294877720e-42
2.777600000000000000e+04 4.220131588302129740e-42
2.790400000000000000e+04 2.921618855325480907e-42
2.803200000000000000e+04 1.470820034589722670e-42
2.816000000000000000e+04 5.651798627017449788e-44
2.828800000000000000e+04 5.651798627017449788e-44
2.841600000000000000e+04 5.651798627017449788e-44
2.854400000000000000e+04 5.651798627017449788e-44
2.867200000000000000e+04 5.651798627017449788e-44
2.880000000000000000e+04 5.630171475186547975e-44
2.892800000000000000e+04 5.630171475186547975e-44
2.905600000000000000e+04 1.990845769346998860e-44
2.918400000000000000e+04 1.990845769346998860e-44
2.931200000000000000e+04 1.966108356757616384e-44
2.944000000000000000e+04 8.192377758290733346e-45
2.956800000000000000e+04 7.711077962206776775e-45
2.969600000000000000e+04 2.542525052571230143e-45
2.982400000000000000e+04 2.542525052571230143e-45
2.995200000000000000e+04 2.542525052571230143e-45
3.008000000000000000e+04 8.219027836329394424e-46
3.020800000000000000e+04 8.219027836329394424e-46
3.033600000000000000e+04 4.727546066162221026e-46
3.046400000000000000e+04 4.727546066162221026e-46
3.059200000000000000e+04 4.401464200283245223e-46
3.072000000000000000e+04 3.076735793152738594e-46
3.084800000000000000e+04 1.620927482108475145e-46
3.097600000000000000e+04 1.271565432303919837e-46
3.110400000000000000e+04 1.271565432303919837e-46
3.123200000000000000e+04 1.647584942282379387e-48
3.136000000000000000e+04 1.647584942282379387e-48
3.148800000000000000e+04 1.647584942282379387e-48
3.161600000000000000e+04 1.647584942282379387e-48
3.174400000000000000e+04 8.315936758290181306e-49
3.187200000000000000e+04 2.492599758327937980e-49
3.200000000000000000e+04 2.492599758327937980e-49
3.212800000000000000e+04 2.492599758327937980e-49
3.225600000000000000e+04 2.492599758327937980e-49
3.238400000000000000e+04 2.492599758327937980e-49
3.251200000000000000e+04 2.492599758327937980e-49
3.264000000000000000e+04 2.492599758327937980e-49
3.276800000000000000e+04 3.498319623938804769e-50
3.289600000000000000e+04 3.498319623938804769e-50
3.302400000000000000e+04 3.498319623938804769e-50
3.315200000000000000e+04 1.413673369522404172e-50
3.328000000000000000e+04 1.413673369522404172e-50
3.340800000000000000e+04 1.413673369522404172e-50
3.353600000000000000e+04 1.413673369522404172e-50
3.366400000000000000e+04 4.788818891201142201e-51
3.379200000000000000e+04 4.788818891201142201e-51
3.392000000000000000e+04 4.788818891201142201e-51
3.404800000000000000e+04 3.638358973365655373e-51
3.417600000000000000e+04 3.587562495077577756e-51
3.430400000000000000e+04 1.737947153841391981e-51
3.443200000000000000e+04 1.146677918484137210e-51
3.456000000000000000e+04 1.146677918484137210e-51
3.468800000000000000e+04 2.887133159697653895e-52
3.481600000000000000e+04 1.835521234804590627e-52
3.494400000000000000e+04 1.835521234804590627e-52
3.507200000000000000e+04 5.776249496800995636e-54
3.520000000000000000e+04 5.776249496800995636e-54
3.532800000000000000e+04 5.776249496800995636e-54
3.545600000000000000e+04 5.776249496800995636e-54
3.558400000000000000e+04 5.776249496800995636e-54
3.571200000000000000e+04 5.776249496800995636e-54
3.584000000000000000e+04 4.005969332036804140e-54
3.596800000000000000e+04 1.823457359652454930e-54
3.609600000000000000e+04 1.823457359652454930e-54
3.622400000000000000e+04 1.823457359652454930e-54
3.635200000000000000e+04 1.823457359652454930e-54
3.648000000000000000e+04 1.760980305855834873e-54
3.660800000000000000e+04 1.760980305855834873e-54
3.673600000000000000e+04 1.149405895368886442e-54
3.686400000000000000e+04 5.400088313225182346e-55
3.699200000000000000e+04 2.982496275629889535e-55
3.712000000000000000e+04 2.982496275629889535e-55
3.724800000000000000e+04 5.294630104084167240e-56
3.737600000000000000e+04 1.855996440115627945e-56
3.750400000000000000e+04 1.855996440115627945e-56
3.763200000000000000e+04 1.855996440115627945e-56
3.776000000000000000e+04 1.855996440115627945e-56
3.788800000000000000e+04 1.855996440115627945e-56
3.801600000000000000e+04 2.173560792198931282e-57
3.814400000000000000e+04 2.173560792198931282e-57
3.827200000000000000e+04 2.173560792198931282e-57
3.840000000000000000e+04 2.173560792198931282e-57
3.852800000000000000e+04 2.173560792198931282e-57
3.865600000000000000e+04 2.173560792198931282e-57
3.878400000000000000e+04 2.173560792198931282e-57
3.891200000000000000e+04 1.700671122392827118e-57
3.904000000000000000e+04 1.700671122392827118e-57
3.916800000000000000e+04 8.242205052453794606e-59
3.929600000000000000e+04 6.941566265087015425e-59
3.942400000000000000e+04 6.941566265087015425e-59
3.955200000000000000e+04 2.356663458097828378e-59
3.968000000000000000e+04 2.356663458097828378e-59
3.980800000000000000e+04 2.356663458097828378e-59
3.993600000000000000e+04 2.356663458097828378e-59
4.006400000000000000e+04 2.356663458097828378e-59
4.019200000000000000e+04 2.039990322331188429e-60
4.032000000000000000e+04 1.726923331796371867e-60
4.044800000000000000e+04 6.933228148861141919e-61
4.057600000000000000e+04 1.328677864450160876e-61
4.070400000000000000e+04 1.328677864450160876e-61
4.083200000000000000e+04 1.328677864450160876e-61
4.096000000000000000e+04 5.648415317605013298e-62
4.108800000000000000e+04 5.648415317605013298e-62
4.121600000000000000e+04 5.648415317605013298e-62
4.134400000000000000e+04 5.648415317605013298e-62
4.147200000000000000e+04 5.648415317605013298e-62
4.160000000000000000e+04 5.648415317605013298e-62
4.172800000000000000e+04 2.975789097519663912e-62
4.185600000000000000e+04 1.988980478440984168e-62
4.198400000000000000e+04 1.371146005055542022e-62
4.211200000000000000e+04 5.121142349569782409e-63
4.224000000000000000e+04 5.121142349569782409e-63
4.236800000000000000e+04 3.523716798890458402e-63
4.249600000000000000e+04 9.006852114392618650e-64
4.262400000000000000e+04 9.006852114392618650e-64
4.275200000000000000e+04 4.908632924719842882e-64
4.288000000000000000e+04 4.908632924719842882e-64
4.300800000000000000e+04 2.687849113177145741e-64
4.313600000000000000e+04 2.687849113177145741e-64
4.326400000000000000e+04 2.687849113177145741e-64
4.339200000000000000e+04 2.921912776656479443e-66
4.352000000000000000e+04 2.921912776656479443e-66
4.364800000000000000e+04 2.921912776656479443e-66
4.377600000000000000e+04 2.921912776656479443e-66
4.390400000000000000e+04 2.921912776656479443e-66
4.403200000000000000e+04 2.921912776656479443e-66
4.416000000000000000e+04 2.921912776656479443e-66
4.428800000000000000e+04 2.245594915243181718e-66
4.441600000000000000e+04 2.245594915243181718e-66
4.454400000000000000e+04 2.245594915243181718e-66
4.467200000000000000e+04 2.245594915243181718e-66
4.480000000000000000e+04 2.245594915243181718e-66
4.492800000000000000e+04 1.966854031970107924e-66
4.505600000000000000e+04 1.345065342826783961e-66
4.518400000000000000e+04 2.473810495411651166e-67
4.531200000000000000e+04 2.473810495411651166e-67
4.544000000000000000e+04 2.500632970598523612e-69
4.556800000000000000e+04 2.500632970598523612e-69
4.569600000000000000e+04 2.500632970598523612e-69
4.582400000000000000e+04 2.500632970598523612e-69
4.595200000000000000e+04 2.500632970598523612e-69
4.608000000000000000e+04 2.500632970598523612e-69
4.620800000000000000e+04 1.638832733512290838e-69
4.633600000000000000e+04 1.449382504723105039e-69
4.646400000000000000e+04 1.050504937265345497e-69
4.659200000000000000e+04 1.050504937265345497e-69
4.672000000000000000e+04 1.050504937265345497e-69
4.684800000000000000e+04 1.050504937265345497e-69
4.697600000000000000e+04 9.750657396312982020e-70
4.710400000000000000e+04 1.438117254426311099e-70
4.723200000000000000e+04 5.652534473492685305e-71
4.736000000000000000e+04 5.652534473492685305e-71
4.748800000000000000e+04 5.652534473492685305e-71
4.761600000000000000e+04 3.741611033659908419e-71
4.774400000000000000e+04 3.741611033659908419e-71
4.787200000000000000e+04 1.861178779216722135e-71
4.800000000000000000e+04 1.861178779216722135e-71
4.812800000000000000e+04 9.428737235704002836e-72
4.825600000000000000e+04 9.428737235704002836e-72
4.838400000000000000e+04 4.931849869693482012e-72
4.851200000000000000e+04 1.229415949343281371e-72
4.864000000000000000e+04 1.229415949343281371e-72
4.876800000000000000e+04 7.386854321719817092e-74
4.889600000000000000e+04 7.386854321719817092e-74
4.902400000000000000e+04 5.247983682490260779e-75
4.915200000000000000e+04 5.247983682490260779e-75
4.928000000000000000e+04 5.247983682490260779e-75
4.940800000000000000e+04 5.247983682490260779e-75
4.953600000000000000e+04 5.247983682490260779e-75
4.966400000000000000e+04 5.247983682490260779e-75
4.979200000000000000e+04 3.156783194443450980e-75
4.992000000000000000e+04 3.156783194443450980e-75
5.004800000000000000e+04 3.156783194443450980e-75
5.017600000000000000e+04 3.156783194443450980e-75
5.030400000000000000e+04 9.736773187465946278e-76
5.043200000000000000e+04 9.736773187465946278e-76
5.056000000000000000e+04 9.736773187465946278e-76
5.068800000000000000e+04 5.722579651104858164e-76
5.081600000000000000e+04 2.730006841699942292e-76
5.094400000000000000e+04 7.466076642140343571e-77
5.107200000000000000e+04 7.466076642140343571e-77
5.120000000000000000e+04 7.466076642140343571e-77
5.132800000000000000e+04 7.466076642140343571e-77
5.145600000000000000e+04 7.466076642140343571e-77
5.158400000000000000e+04 8.118834398843501082e-78
5.171200000000000000e+04 2.112053782288535148e-78
5.184000000000000000e+04 1.227887599422356161e-78
5.196800000000000000e+04 1.227887599422356161e-78
5.209600000000000000e+04 1.227887599422356161e-78
5.222400000000000000e+04 1.260258129313577553e-79
5.235200000000000000e+04 1.260258129313577553e-79
5.248000000000000000e+04 1.260258129313577553e-79
5.260800000000000000e+04 1.537893121559240887e-80
5.273600000000000000e+04 1.537893121559240887e-80
5.286400000000000000e+04 1.537893121559240887e-80
5.299200000000000000e+04 1.537893121559240887e-80
5.312000000000000000e+04 1.247483459508853950e-80
5.324800000000000000e+04 1.247483459508853950e-80
5.337600000000000000e+04 6.644479831951549055e-81
5.350400000000000000e+04 6.644479831951549055e-81
5.363200000000000000e+04 3.153651038209345200e-81
5.376000000000000000e+04 6.668777260877140944e-82
5.388800000000000000e+04 6.668777260877140944e-82
5.401600000000000000e+04 6.668777260877140944e-82
5.414400000000000000e+04 6.668777260877140944e-82
5.427200000000000000e+04 6.668777260877140944e-82
5.440000000000000000e+04 3.067767222663976041e-82
5.452800000000000000e+04 1.249921066954614216e-82
5.465600000000000000e+04 6.341722096628249546e-83
5.478400000000000000e+04 6.341722096628249546e-83
5.491200000000000000e+04 7.565331619985870047e-84
5.504000000000000000e+04 7.565331619985870047e-84
5.516800000000000000e+04 7.565331619985870047e-84
5.529600000000000000e+04 7.565331619985870047e-84
5.542400000000000000e+04 7.565331619985870047e-84
5.555200000000000000e+04 1.440876824594604759e-84
5.568000000000000000e+04 1.440876824594604759e-84
5.580800000000000000e+04 1.440876824594604759e-84
5.593600000000000000e+04 1.184904008284872801e-84
5.606400000000000000e+04 6.940000792722668965e-85
5.619200000000000000e+04 5.697389538998077412e-85
5.632000000000000000e+04 1.789113525947383910e-86
5.644800000000000000e+04 1.789113525947383910e-86
5.657600000000000000e+04 1.789113525947383910e-86
5.670400000000000000e+04 1.789113525947383910e-86
5.683200000000000000e+04 1.789113525947383910e-86
5.696000000000000000e+04 1.789113525947383910e-86
5.708800000000000000e+04 1.789113525947383910e-86
5.721600000000000000e+04 1.789113525947383910e-86
5.734400000000000000e+04 8.354300342427064942e-87
5.747200000000000000e+04 8.354300342427064942e-87
5.760000000000000000e+04 8.354300342427064942e-87
5.772800000000000000e+04 1.045115636380262139e-87
5.785600000000000000e+04 3.735802884909411289e-89
5.798400000000000000e+04 3.735802884909411289e-89
5.811200000000000000e+04 3.735802884909411289e-89
5.824000000000000000e+04 3.735802884909411289e-89
5.836800000000000000e+04 3.735802884909411289e-89
5.849600000000000000e+04 3.735802884909411289e-89
5.862400000000000000e+04 3.735802884909411289e-89
5.875200000000000000e+04 3.735802884909411289e-89
5.888000000000000000e+04 1.088928825722730420e-89
5.900800000000000000e+04 1.065324614056895539e-90
5.913600000000000000e+04 1.065324614056895539e-90
5.926400000000000000e+04 1.065324614056895539e-90
5.939200000000000000e+04 1.065324614056895539e-90
5.952000000000000000e+04 6.560177598033684685e-91
5.964800000000000000e+04 6.560177598033684685e-91
5.977600000000000000e+04 6.560177598033684685e-91
5.990400000000000000e+04 6.560177598033684685e-91
6.003200000000000000e+04 5.244283222262986665e-91
6.016000000000000000e+04 5.244283222262986665e-91
6.028800000000000000e+04 2.776562491135396686e-91
6.041600000000000000e+04 2.458314978759105244e-93
6.054400000000000000e+04 2.458314978759105244e-93
6.067200000000000000e+04 1.404641053750746547e-93
6.080000000000000000e+04 1.404641053750746547e-93
6.092800000000000000e+04 1.404641053750746547e-93
6.105600000000000000e+04 1.404641053750746547e-93
6.118400000000000000e+04 1.404641053750746547e-93
6.131200000000000000e+04 1.404641053750746547e-93
6.144000000000000000e+04 1.404641053750746547e-93
6.156800000000000000e+04 1.353483492495046658e-93
6.169600000000000000e+04 1.353483492495046658e-93
6.182400000000000000e+04 1.353483492495046658e-93
6.195200000000000000e+04 1.170381923502934629e-93
6.208000000000000000e+04 1.170381923502934629e-93
6.220800000000000000e+04 6.224660224183035948e-95
6.233600000000000000e+04 6.224660224183035948e-95
6.246400000000000000e+04 4.471103934691303011e-95
6.259200000000000000e+04 9.041652700741441891e-97
6.272000000000000000e+04 9.041652700741441891e-97
6.284800000000000000e+04 9.041652700741441891e-97
6.297600000000000000e+04 9.041652700741441891e-97
6.310400000000000000e+04 9.041652700741441891e-97
6.323200000000000000e+04 9.041652700741441891e-97
6.336000000000000000e+04 9.041652700741441891e-97
6.348800000000000000e+04 9.041652700741441891e-97
6.361600000000000000e+04 1.847283129158311525e-97
6.374400000000000000e+04 1.847283129158311525e-97
6.387200000000000000e+04 5.592093237107377512e-98
6.400000000000000000e+04 5.592093237107377512e-98
6.412800000000000000e+04 5.592093237107377512e-98
6.425600000000000000e+04 5.592093237107377512e-98
6.438400000000000000e+04 5.592093237107377512e-98
6.451200000000000000e+04 2.687784706689286243e-98
6.464000000000000000e+04 2.687784706689286243e-98
6.476800000000000000e+04 2.354313186676948778e-98
6.489600000000000000e+04 2.354313186676948778e-98
6.502400000000000000e+04 4.318380800663741121e-99
6.515200000000000000e+04 4.318380800663741121e-99
6.528000000000000000e+04 4.318380800663741121e-99
6.540800000000000000e+04 3.731365813905240922e-99
6.553600000000000000e+04 3.272781611853318122e-99
6.566400000000000000e+04 9.187882235033112106e-100
6.579200000000000000e+04 1.335009094028364044e-100
6.592000000000000000e+04 1.335009094028364044e-100
6.604800000000000000e+04 1.335009094028364044e-100
6.617600000000000000e+04 1.335009094028364044e-100
6.630400000000000000e+04 1.335009094028364044e-100
6.643200000000000000e+04 1.335009094028364044e-100
6.656000000000000000e+04 3.444365931990880022e-101
6.668800000000000000e+04 3.444365931990880022e-101
6.681600000000000000e+04 2.802949960563326452e-101
6.694400000000000000e+04 2.802949960563326452e-101
6.707200000000000000e+04 2.802949960563326452e-101
6.720000000000000000e+04 9.655784154008486261e-102
6.732800000000000000e+04 9.655784154008486261e-102
6.745600000000000000e+04 9.655784154008486261e-102
6.758400000000000000e+04 7.971899691381889666e-103
6.771200000000000000e+04 4.847371487549306807e-103
6.784000000000000000e+04 4.847371487549306807e-103
6.796800000000000000e+04 4.847371487549306807e-103
6.809600000000000000e+04 4.847371487549306807e-103
6.822400000000000000e+04 4.847371487549306807e-103
6.835200000000000000e+04 3.483835984398022168e-103
6.848000000000000000e+04 1.444312855311797709e-103
6.860800000000000000e+04 1.444312855311797709e-103
6.873600000000000000e+04 7.892551248072797354e-104
6.886400000000000000e+04 2.886442614654755787e-104
6.899200000000000000e+04 2.886442614654755787e-104
6.912000000000000000e+04 5.995943098076776845e-105
6.924800000000000000e+04 3.467474975212492058e-105
6.937600000000000000e+04 3.467474975212492058e-105
6.950400000000000000e+04 3.467474975212492058e-105
6.963200000000000000e+04 3.467474975212492058e-105
6.976000000000000000e+04 1.458874880128572995e-105
6.988800000000000000e+04 1.119614628946708724e-105
7.001600000000000000e+04 1.119614628946708724e-105
7.014400000000000000e+04 2.093776158623777895e-106
7.027200000000000000e+04 2.093776158623777895e-106
7.040000000000000000e+04 2.093776158623777895e-106
7.052800000000000000e+04 1.617638627195701138e-107
7.065600000000000000e+04 1.617638627195701138e-107
7.078400000000000000e+04 1.617638627195701138e-107
7.091200000000000000e+04 7.626437878873787206e-109
7.104000000000000000e+04 7.626437878873787206e-109
7.116800000000000000e+04 7.626437878873787206e-109
7.129600000000000000e+04 7.626437878873787206e-109
7.142400000000000000e+04 7.626437878873787206e-109
7.155200000000000000e+04 7.626437878873787206e-109
7.168000000000000000e+04 7.626437878873787206e-109
7.180800000000000000e+04 7.626437878873787206e-109
7.193600000000000000e+04 7.626437878873787206e-109
7.206400000000000000e+04 1.411462977283479837e-110
7.219200000000000000e+04 1.411462977283479837e-110
7.232000000000000000e+04 1.411462977283479837e-110
7.244800000000000000e+04 1.411462977283479837e-110
7.257600000000000000e+04 1.411462977283479837e-110
7.270400000000000000e+04 1.411462977283479837e-110
7.283200000000000000e+04 1.411462977283479837e-110
7.296000000000000000e+04 2.674985855604243955e-111
7.308800000000000000e+04 2.674985855604243955e-111
7.321600000000000000e+04 2.674985855604243955e-111
7.334400000000000000e+04 2.674985855604243955e-111
7.347200000000000000e+04 1.687907633059403691e-111
7.360000000000000000e+04 5.041561126773384850e-112
7.372800000000000000e+04 5.041561126773384850e-112
7.385600000000000000e+04 5.041561126773384850e-112
7.398400000000000000e+04 4.539562202256305482e-112
7.411200000000000000e+04 4.539562202256305482e-112
7.424000000000000000e+04 3.138548748093083587e-112
7.436800000000000000e+04 2.150201826150281451e-112
7.449600000000000000e+04 5.340316838858801611e-113
7.462400000000000000e+04 5.340316838858801611e-113
7.475200000000000000e+04 5.340316838858801611e-113
7.488000000000000000e+04 1.713487218626194312e-113
7.500800000000000000e+04 2.770055218425495644e-114
7.513600000000000000e+04 2.770055218425495644e-114
7.526400000000000000e+04 2.770055218425495644e-114
7.539200000000000000e+04 2.770055218425495644e-114
7.552000000000000000e+04 2.691743599111185501e-114
7.564800000000000000e+04 2.528623231971953468e-115
7.577600000000000000e+04 2.528623231971953468e-115
7.590400000000000000e+04 1.270111615071053887e-115
7.603200000000000000e+04 1.270111615071053887e-115
7.616000000000000000e+04 1.270111615071053887e-115
7.628800000000000000e+04 1.270111615071053887e-115
7.641600000000000000e+04 9.076875653783708655e-116
7.654400000000000000e+04 1.016882972529720570e-116
7.667200000000000000e+04 1.016882972529720570e-116
7.680000000000000000e+04 1.016882972529720570e-116
7.692800000000000000e+04 1.016882972529720570e-116
7.705600000000000000e+04 1.016882972529720570e-116
7.718400000000000000e+04 1.016882972529720570e-116
7.731200000000000000e+04 1.068760808045460072e-117
7.744000000000000000e+04 5.991080841262673316e-119
7.756800000000000000e+04 5.991080841262673316e-119
7.769600000000000000e+04 5.991080841262673316e-119
7.782400000000000000e+04 5.991080841262673316e-119
7.795200000000000000e+04 5.991080841262673316e-119
7.808000000000000000e+04 3.171010712160541660e-119
7.820800000000000000e+04 3.171010712160541660e-119
7.833600000000000000e+04 2.016423876453140116e-119
7.846400000000000000e+04 2.016423876453140116e-119
7.859200000000000000e+04 1.938543626758823800e-119
7.872000000000000000e+04 1.938543626758823800e-119
7.884800000000000000e+04 1.938543626758823800e-119
7.897600000000000000e+04 1.938543626758823800e-119
7.910400000000000000e+04 1.276811968813302226e-119
7.923200000000000000e+04 1.508756791971312327e-120
7.936000000000000000e+04 1.281649515399681459e-120
7.948800000000000000e+04 1.281649515399681459e-120
7.961600000000000000e+04 1.281649515399681459e-120
7.974400000000000000e+04 5.211552158778225087e-121
7.987200000000000000e+04 5.211552158778225087e-121
8.000000000000000000e+04 1.419177120694519859e-121
8.012800000000000000e+04 1.846301214520922569e-122
8.025600000000000000e+04 1.846301214520922569e-122
8.038400000000000000e+04 9.402871809406950308e-123
8.051200000000000000e+04 9.402871809406950308e-123
8.064000000000000000e+04 4.871268147598612239e-123
8.076800000000000000e+04 4.871268147598612239e-123
8.089600000000000000e+04 4.871268147598612239e-123
8.102400000000000000e+04 4.871268147598612239e-123
8.115200000000000000e+04 3.570497857572070830e-124
8.128000000000000000e+04 3.570497857572070830e-124
8.140800000000000000e+04 3.570497857572070830e-124
8.153600000000000000e+04 1.346235137087839023e-124
8.166400000000000000e+04 1.346235137087839023e-124
8.179200000000000000e+04 1.346235137087839023e-124
8.192000000000000000e+04 1.346235137087839023e-124
8.204800000000000000e+04 1.130167919041124125e-124
8.217600000000000000e+04 9.924012002361685024e-125
8.230400000000000000e+04 9.864685782569655961e-125
8.243200000000000000e+04 1.794321614933798325e-125
8.256000000000000000e+04 5.709930533119963099e-126
8.268800000000000000e+04 5.709930533119963099e-126
8.281600000000000000e+04 5.709930533119963099e-126
8.294400000000000000e+04 5.709930533119963099e-126
8.307200000000000000e+04 2.336543847171918702e-126
8.320000000000000000e+04 2.336543847171918702e-126
8.332800000000000000e+04 2.336543847171918702e-126
8.345600000000000000e+04 1.655497183623035194e-126
8.358400000000000000e+04 1.655497183623035194e-126
8.371200000000000000e+04 9.960156377099932908e-128
8.384000000000000000e+04 9.960156377099932908e-128
8.396800000000000000e+04 9.960156377099932908e-128
8.409600000000000000e+04 9.960156377099932908e-128
8.422400000000000000e+04 9.960156377099932908e-128
8.435200000000000000e+04 9.960156377099932908e-128
8.448000000000000000e+04 9.960156377099932908e-128
8.460800000000000000e+04 5.847106174975687351e-128
8.473600000000000000e+04 6.248444459813624673e-129
8.486400000000000000e+04 6.248444459813624673e-129
8.499200000000000000e+04 6.248444459813624673e-129
8.512000000000000000e+04 4.154069845297794469e-129
8.524800000000000000e+04 1.848765717000207270e-129
8.537600000000000000e+04 1.848765717000207270e-129
8.550400000000000000e+04 1.043192220033612849e-129
8.563200000000000000e+04 1.043192220033612849e-129
8.576000000000000000e+04 6.876258934358835722e-130
8.588800000000000000e+04 1.583807608920125181e-130
8.601600000000000000e+04 4.165390626290652432e-131
8.614400000000000000e+04 4.165390626290652432e-131
8.627200000000000000e+04 4.165390626290652432e-131
8.640000000000000000e+04 4.165390626290652432e-131
8.652800000000000000e+04 4.165390626290652432e-131
8.665600000000000000e+04 3.668993726427336968e-131
8.678400000000000000e+04 3.668993726427336968e-131
8.691200000000000000e+04 3.006556509670127900e-131
8.704000000000000000e+04 1.063156960205220050e-131
8.716800000000000000e+04 4.925381671612443970e-132
8.729600000000000000e+04 4.925381671612443970e-132
8.742400000000000000e+04 2.893602154392035373e-132
8.755200000000000000e+04 3.134732944984880283e-133
8.768000000000000000e+04 3.134732944984880283e-133
8.780800000000000000e+04 3.134732944984880283e-133
8.793600000000000000e+04 3.134732944984880283e-133
8.806400000000000000e+04 1.363658682829359325e-133
8.819200000000000000e+04 9.970713397050359854e-134
8.832000000000000000e+04 9.970713397050359854e-134
8.844800000000000000e+04 3.892048721219440886e-134
8.857600000000000000e+04 3.200757980221357297e-134
8.870400000000000000e+04 2.786264778508361459e-134
8.883200000000000000e+04 2.786264778508361459e-134
8.896000000000000000e+04 6.670898822701463276e-135
8.908800000000000000e+04 6.670898822701463276e-135
8.921600000000000000e+04 6.670898822701463276e-135
8.934400000000000000e+04 6.670898822701463276e-135
8.947200000000000000e+04 6.670898822701463276e-135
8.960000000000000000e+04 1.783759150050376111e-135
8.972800000000000000e+04 8.951179569576663480e-136
8.985600000000000000e+04 6.100220613408986419e-136
8.998400000000000000e+04 6.100220613408986419e-136
9.011200000000000000e+04 3.838360358055374468e-136
9.024000000000000000e+04 6.625785348666966718e-137
9.036800000000000000e+04 6.625785348666966718e-137
9.049600000000000000e+04 5.580963829733487681e-137
9.062400000000000000e+04 5.580963829733487681e-137
9.075200000000000000e+04 3.062924647600944322e-137
9.088000000000000000e+04 3.062924647600944322e-137
9.100800000000000000e+04 3.062924647600944322e-137
9.113600000000000000e+04 7.568616845669594892e-138
9.126400000000000000e+04 6.583550406393693834e-138
9.139200000000000000e+04 5.427041230597593883e-139
9.152000000000000000e+04 5.427041230597593883e-139
9.164800000000000000e+04 5.427041230597593883e-139
9.177600000000000000e+04 5.427041230597593883e-139
9.190400000000000000e+04 5.427041230597593883e-139
9.203200000000000000e+04 1.991936538983059398e-139
9.216000000000000000e+04 7.358991444384564282e-140
9.228800000000000000e+04 7.358991444384564282e-140
9.241600000000000000e+04 7.358991444384564282e-140
9.254400000000000000e+04 4.377235056612348655e-141
9.267200000000000000e+04 4.377235056612348655e-141
9.280000000000000000e+04 4.377235056612348655e-141
9.292800000000000000e+04 3.880120502782218139e-141
9.305600000000000000e+04 3.880120502782218139e-141
9.318400000000000000e+04 3.880120502782218139e-141
9.331200000000000000e+04 3.880120502782218139e-141
9.344000000000000000e+04 3.880120502782218139e-141
9.356800000000000000e+04 1.973758860455792359e-141
9.369600000000000000e+04 1.973758860455792359e-141
9.382400000000000000e+04 9.859615646371320493e-142
9.395200000000000000e+04 7.904656828186978933e-142
9.408000000000000000e+04 3.246457159194042604e-142
9.420800000000000000e+04 1.290868069189283299e-142
9.433600000000000000e+04 1.290868069189283299e-142
9.446400000000000000e+04 1.290868069189283299e-142
9.459200000000000000e+04 4.562344640542804027e-143
9.472000000000000000e+04 4.562344640542804027e-143
9.484800000000000000e+04 1.263454989277457433e-143
9.497600000000000000e+04 1.263454989277457433e-143
9.510400000000000000e+04 9.721010128447109031e-144
9.523200000000000000e+04 6.181074681879677953e-145
9.536000000000000000e+04 6.181074681879677953e-145
9.548800000000000000e+04 6.181074681879677953e-145
9.561600000000000000e+04 6.181074681879677953e-145
9.574400000000000000e+04 6.181074681879677953e-145
9.587200000000000000e+04 6.181074681879677953e-145
9.600000000000000000e+04 5.974925151317045367e-145
9.612800000000000000e+04 1.064786701281719673e-145
9.625600000000000000e+04 1.064786701281719673e-145
9.638400000000000000e+04 1.064786701281719673e-145
9.651200000000000000e+04 1.031301038409702724e-145
9.664000000000000000e+04 5.079736461280573168e-146
9.676800000000000000e+04 1.886224742829058205e-146
9.689600000000000000e+04 1.886224742829058205e-146
9.702400000000000000e+04 1.886224742829058205e-146
9.715200000000000000e+04 5.006823901515180126e-147
9.728000000000000000e+04 1.247324998493330504e-147
9.740800000000000000e+04 1.247324998493330504e-147
9.753600000000000000e+04 1.247324998493330504e-147
9.766400000000000000e+04 7.236938131351481756e-148
9.779200000000000000e+04 7.236938131351481756e-148
9.792000000000000000e+04 7.236938131351481756e-148
9.804800000000000000e+04 3.234554020913709456e-148
9.817600000000000000e+04 3.234554020913709456e-148
9.830400000000000000e+04 3.044510527280638230e-148
9.843200000000000000e+04 2.019587140523081602e-148
9.856000000000000000e+04 1.827748606853480505e-148
9.868800000000000000e+04 1.288849950688932191e-148
9.881600000000000000e+04 4.389222645701641585e-149
9.894400000000000000e+04 1.027317187666042028e-149
9.907200000000000000e+04 1.027317187666042028e-149
9.920000000000000000e+04 1.027317187666042028e-149
9.932800000000000000e+04 7.703707868606317095e-150
9.945600000000000000e+04 7.907840209245838199e-151
9.958400000000000000e+04 7.907840209245838199e-151
9.971200000000000000e+04 7.907840209245838199e-151
9.984000000000000000e+04 7.907840209245838199e-151
9.996800000000000000e+04 7.907840209245838199e-151
1.000960000000000000e+05 5.137240382753808730e-152
