1.280000000000000000e+02 1.647367355016875701e+00
2.560000000000000000e+02 1.647367355016875701e+00
3.840000000000000000e+02 1.240435962895028776e+00
5.120000000000000000e+02 1.240435962895028776e+00
6.400000000000000000e+02 3.771223932656466715e-01
7.680000000000000000e+02 2.083891575565610110e-01
8.960000000000000000e+02 2.083891575565610110e-01
1.024000000000000000e+03 2.083891575565610110e-01
1.152000000000000000e+03 1.229051930421433819e-01
1.280000000000000000e+03 4.157215550586541852e-02
1.408000000000000000e+03 4.157215550586541852e-02
1.536000000000000000e+03 2.924777422222121434e-02
1.664000000000000000e+03 2.924777422222121434e-02
1.792000000000000000e+03 4.703442564976742860e-03
1.920000000000000000e+03 4.703442564976742860e-03
2.048000000000000000e+03 9.452781571885992933e-04
2.176000000000000000e+03 9.452781571885992933e-04
2.304000000000000000e+03 5.765950936085933749e-04
2.432000000000000000e+03 7.527868978212824604e-05
2.560000000000000000e+03 7.527868978212824604e-05
2.688000000000000000e+03 7.527868978212824604e-05
2.816000000000000000e+03 7.527868978212824604e-05
2.944000000000000000e+03 7.527868978212824604e-05
3.072000000000000000e+03 4.336433766985896613e-05
3.200000000000000000e+03 2.248995192019432958e-05
3.328000000000000000e+03 2.248995192019432958e-05
3.456000000000000000e+03 1.554015977717492669e-05
3.584000000000000000e+03 7.141356048532450365e-07
3.712000000000000000e+03 7.141356048532450365e-07
3.840000000000000000e+03 7.141356048532450365e-07
3.968000000000000000e+03 7.141356048532450365e-07
4.096000000000000000e+03 7.141356048532450365e-07
4.224000000000000000e+03 7.141356048532450365e-07
4.352000000000000000e+03 1.660091762162611079e-07
4.480000000000000000e+03 1.660091762162611079e-07
4.608000000000000000e+03 1.135266581675798156e-07
4.736000000000000000e+03 1.135266581675798156e-07
4.864000000000000000e+03 1.135266581675798156e-07
4.992000000000000000e+03 5.932533080565711773e-08
5.120000000000000000e+03 5.932533080565711773e-08
5.248000000000000000e+03 5.932533080565711773e-08
5.376000000000000000e+03 5.932533080565711773e-08
5.504000000000000000e+03 4.432322453670798562e-08
5.632000000000000000e+03 1.834888429643374205e-08
5.760000000000000000e+03 5.339300500386343506e-09
5.888000000000000000e+03 4.671046142229788472e-10
6.016000000000000000e+03 4.671046142229788472e-10
6.144000000000000000e+03 4.671046142229788472e-10
6.272000000000000000e+03 4.671046142229788472e-10
6.400000000000000000e+03 4.671046142229788472e-10
6.528000000000000000e+03 4.671046142229788472e-10
6.656000000000000000e+03 1.673151860850522326e-10
6.784000000000000000e+03 1.673151860850522326e-10
6.912000000000000000e+03 1.673151860850522326e-10
7.040000000000000000e+03 1.673151860850522326e-10
7.168000000000000000e+03 2.223740165851067703e-11
7.296000000000000000e+03 1.157160793871307473e-11
7.424000000000000000e+03 1.157160793871307473e-11
7.552000000000000000e+03 6.522540559331086134e-12
7.680000000000000000e+03 6.522540559331086134e-12
7.808000000000000000e+03 6.522540559331086134e-12
7.936000000000000000e+03 2.379681953096439278e-12
8.064000000000000000e+03 2.379681953096439278e-12
8.192000000000000000e+03 1.185444904147339851e-12
8.320000000000000000e+03 1.185444904147339851e-12
8.448000000000000000e+03 1.798233585112500988e-13
8.576000000000000000e+03 1.584359221714266126e-13
8.704000000000000000e+03 1.584359221714266126e-13
8.832000000000000000e+03 1.584359221714266126e-13
8.960000000000000000e+03 6.775281435195188306e-14
9.088000000000000000e+03 6.775281435195188306e-14
9.216000000000000000e+03 6.309181069638835954e-14
9.344000000000000000e+03 6.309181069638835954e-14
9.472000000000000000e+03 2.374476342243661057e-14
9.600000000000000000e+03 7.966341640532013013e-15
9.728000000000000000e+03 3.741430081115957861e-15
9.856000000000000000e+03 4.737056789572515577e-16
9.984000000000000000e+03 4.737056789572515577e-16
1.011200000000000000e+04 4.737056789572515577e-16
1.024000000000000000e+04 4.737056789572515577e-16
1.036800000000000000e+04 4.737056789572515577e-16
1.049600000000000000e+04 4.737056789572515577e-16
1.062400000000000000e+04 4.737056789572515577e-16
1.075200000000000000e+04 4.737056789572515577e-16
1.088000000000000000e+04 1.532984791739517714e-16
1.100800000000000000e+04 1.532984791739517714e-16
1.113600000000000000e+04 7.618030594833180619e-18
1.126400000000000000e+04 7.618030594833180619e-18
1.139200000000000000e+04 6.833914556494853185e-18
1.152000000000000000e+04 6.833914556494853185e-18
1.164800000000000000e+04 6.833914556494853185e-18
1.177600000000000000e+04 4.441775909918561810e-18
1.190400000000000000e+04 4.441775909918561810e-18
1.203200000000000000e+04 1.420848546151095651e-18
1.216000000000000000e+04 1.420848546151095651e-18
1.228800000000000000e+04 7.219765408869837000e-19
1.241600000000000000e+04 7.219765408869837000e-19
1.254400000000000000e+04 2.534281972892699249e-19
1.267200000000000000e+04 2.250604874167818013e-19
1.280000000000000000e+04 2.230217515226022058e-20
1.292800000000000000e+04 2.230217515226022058e-20
1.305600000000000000e+04 2.230217515226022058e-20
1.318400000000000000e+04 2.230217515226022058e-20
1.331200000000000000e+04 2.230217515226022058e-20
1.344000000000000000e+04 5.746575432690249447e-21
1.356800000000000000e+04 5.746575432690249447e-21
1.369600000000000000e+04 5.746575432690249447e-21
1.382400000000000000e+04 5.746575432690249447e-21
1.395200000000000000e+04 5.746575432690249447e-21
1.408000000000000000e+04 1.300673790085200543e-21
1.420800000000000000e+04 5.788024930941284726e-22
1.433600000000000000e+04 5.028024427664008511e-22
1.446400000000000000e+04 4.283651468386844703e-22
1.459200000000000000e+04 4.480050040769540785e-23
1.472000000000000000e+04 3.071046090230872359e-23
1.484800000000000000e+04 8.116191452367784802e-24
1.497600000000000000e+04 8.116191452367784802e-24
1.510400000000000000e+04 8.116191452367784802e-24
1.523200000000000000e+04 8.116191452367784802e-24
1.536000000000000000e+04 8.402756644115320781e-25
1.548800000000000000e+04 8.402756644115320781e-25
1.561600000000000000e+04 8.402756644115320781e-25
1.574400000000000000e+04 8.402756644115320781e-25
1.587200000000000000e+04 8.402756644115320781e-25
1.600000000000000000e+04 8.402756644115320781e-25
1.612800000000000000e+04 8.402756644115320781e-25
1.625600000000000000e+04 8.402756644115320781e-25
1.638400000000000000e+04 5.085680248230215951e-25
1.651200000000000000e+04 1.870272422362214083e-25
1.664000000000000000e+04 1.870272422362214083e-25
1.676800000000000000e+04 4.366034097065326582e-26
1.689600000000000000e+04 4.366034097065326582e-26
1.702400000000000000e+04 4.366034097065326582e-26
1.715200000000000000e+04 4.366034097065326582e-26
1.728000000000000000e+04 4.366034097065326582e-26
1.740800000000000000e+04 1.879718517688493194e-26
1.753600000000000000e+04 1.879718517688493194e-26
1.766400000000000000e+04 9.821325442669144004e-27
1.779200000000000000e+04 1.940818691209511423e-27
1.792000000000000000e+04 1.940818691209511423e-27
1.804800000000000000e+04 1.940818691209511423e-27
1.817600000000000000e+04 1.940818691209511423e-27
1.830400000000000000e+04 1.802545594460361028e-27
1.843200000000000000e+04 1.802545594460361028e-27
1.856000000000000000e+04 1.468711585078325850e-27
1.868800000000000000e+04 1.295052564834805622e-27
1.881600000000000000e+04 1.759227942508503206e-28
1.894400000000000000e+04 1.759227942508503206e-28
1.907200000000000000e+04 9.567376959481768004e-29
1.920000000000000000e+04 2.641313825869316596e-29
1.932800000000000000e+04 2.641313825869316596e-29
1.945600000000000000e+04 2.641313825869316596e-29
1.958400000000000000e+04 2.641313825869316596e-29
1.971200000000000000e+04 2.641313825869316596e-29
1.984000000000000000e+04 3.131995378370022206e-30
1.996800000000000000e+04 3.131995378370022206e-30
2.009600000000000000e+04 3.131995378370022206e-30
2.022400000000000000e+04 3.131995378370022206e-30
2.035200000000000000e+04 3.131995378370022206e-30
2.048000000000000000e+04 1.902498787947998610e-31
2.060800000000000000e+04 1.902498787947998610e-31
2.073600000000000000e+04 1.902498787947998610e-31
2.086400000000000000e+04 8.713689426026473852e-32
2.099200000000000000e+04 8.713689426026473852e-32
2.112000000000000000e+04 8.713689426026473852e-32
2.124800000000000000e+04 6.211132637270628035e-32
2.137600000000000000e+04 1.063752676438923712e-32
2.150400000000000000e+04 1.063752676438923712e-32
2.163200000000000000e+04 1.024621467042363475e-32
2.176000000000000000e+04 1.024621467042363475e-32
2.188800000000000000e+04 1.024621467042363475e-32
2.201600000000000000e+04 4.434527402744615565e-33
2.214400000000000000e+04 1.040662265899688704e-33
2.227200000000000000e+04 6.544590811107309627e-34
2.240000000000000000e+04 6.181337887513354701e-34
2.252800000000000000e+04 6.181337887513354701e-34
2.265600000000000000e+04 3.939354693586282807e-35
2.278400000000000000e+04 3.939354693586282807e-35
2.291200000000000000e+04 3.939354693586282807e-35
2.304000000000000000e+04 3.939354693586282807e-35
2.316800000000000000e+04 5.220534949919822216e-36
2.329600000000000000e+04 5.220534949919822216e-36
2.342400000000000000e+04 5.220534949919822216e-36
2.355200000000000000e+04 5.220534949919822216e-36
2.368000000000000000e+04 4.861707495079201600e-36
2.380800000000000000e+04 4.234169877933416084e-36
2.393600000000000000e+04 7.583394951001998586e-37
2.406400000000000000e+04 7.583394951001998586e-37
2.419200000000000000e+04 3.794778149351077316e-38
2.432000000000000000e+04 3.794778149351077316e-38
2.444800000000000000e+04 3.794778149351077316e-38
2.457600000000000000e+04 3.794778149351077316e-38
2.470400000000000000e+04 3.794778149351077316e-38
2.483200000000000000e+04 3.794778149351077316e-38
2.496000000000000000e+04 3.794778149351077316e-38
2.508800000000000000e+04 3.482649711294816047e-38
2.521600000000000000e+04 3.482649711294816047e-38
2.534400000000000000e+04 5.129919077805249421e-40
2.547200000000000000e+04 5.129919077805249421e-40
2.560000000000000000e+04 5.129919077805249421e-40
2.572800000000000000e+04 5.129919077805249421e-40
2.585600000000000000e+04 5.129919077805249421e-40
2.598400000000000000e+04 5.129919077805249421e-40
2.611200000000000000e+04 5.129919077805249421e-40
2.624000000000000000e+04 5.129919077805249421e-40
2.636800000000000000e+04 5.129919077805249421e-40
2.649600000000000000e+04 5.129919077805249421e-40
2.662400000000000000e+04 5.129919077805249421e-40
2.675200000000000000e+04 5.129919077805249421e-40
2.688000000000000000e+04 3.352525967995446086e-40
2.700800000000000000e+04 1.850410450223221503e-40
2.713600000000000000e+04 1.850410450223221503e-40
2.726400000000000000e+04 8.621722782097131782e-41
2.739200000000000000e+04 4.244090540575616500e-41
2.752000000000000000e+04 4.244090540575616500e-41
2.764800000000000000e+04 4.992151928479581171e-42
2.777600000000000000e+04 1.771019028298676604e-42
2.790400000000000000e+04 1.771019028298676604e-42
2.803200000000000000e+04 1.771019028298676604e-42
2.816000000000000000e+04 1.771019028298676604e-42
2.828800000000000000e+04 1.771019028298676604e-42
2.841600000000000000e+04 7.273612678829252392e-45
2.854400000000000000e+04 7.273612678829252392e-45
2.867200000000000000e+04 7.273612678829252392e-45
2.880000000000000000e+04 7.273612678829252392e-45
2.892800000000000000e+04 9.746602976707719050e-46
2.905600000000000000e+04 9.746602976707719050e-46
2.918400000000000000e+04 9.746602976707719050e-46
2.931200000000000000e+04 9.746602976707719050e-46
2.944000000000000000e+04 9.746602976707719050e-46
2.956800000000000000e+04 9.746602976707719050e-46
2.969600000000000000e+04 9.746602976707719050e-46
2.982400000000000000e+04 9.746602976707719050e-46
2.995200000000000000e+04 9.746602976707719050e-46
3.008000000000000000e+04 9.746602976707719050e-46
3.020800000000000000e+04 4.677588009992699004e-46
3.033600000000000000e+04 4.677588009992699004e-46
3.046400000000000000e+04 4.677588009992699004e-46
3.059200000000000000e+04 3.778552833868236124e-46
3.072000000000000000e+04 1.651880113356649262e-46
3.084800000000000000e+04 1.651880113356649262e-46
3.097600000000000000e+04 3.054846667925677457e-47
3.110400000000000000e+04 1.400801735571206454e-47
3.123200000000000000e+04 1.400801735571206454e-47
3.136000000000000000e+04 7.195631201732338795e-48
3.148800000000000000e+04 7.195631201732338795e-48
3.161600000000000000e+04 1.762573639519027900e-48
3.174400000000000000e+04 1.762573639519027900e-48
3.187200000000000000e+04 1.762573639519027900e-48
3.200000000000000000e+04 1.762573639519027900e-48
3.212800000000000000e+04 1.466181421697476827e-49
3.225600000000000000e+04 1.466181421697476827e-49
3.238400000000000000e+04 1.111697918015457165e-49
3.251200000000000000e+04 3.834198893217969921e-50
3.264000000000000000e+04 3.834198893217969921e-50
3.276800000000000000e+04 3.834198893217969921e-50
3.289600000000000000e+04 3.779219975985001361e-50
3.302400000000000000e+04 3.779219975985001361e-50
3.315200000000000000e+04 7.130371537422297316e-51
3.328000000000000000e+04 2.823540646991077314e-51
3.340800000000000000e+04 2.823540646991077314e-51
3.353600000000000000e+04 2.823540646991077314e-51
3.366400000000000000e+04 4.820842194635134117e-52
3.379200000000000000e+04 4.820842194635134117e-52
3.392000000000000000e+04 4.820842194635134117e-52
3.404800000000000000e+04 4.332873982912399941e-54
3.417600000000000000e+04 4.332873982912399941e-54
3.430400000000000000e+04 4.332873982912399941e-54
3.443200000000000000e+04 4.332873982912399941e-54
3.456000000000000000e+04 4.332873982912399941e-54
3.468800000000000000e+04 4.332873982912399941e-54
3.481600000000000000e+04 4.332873982912399941e-54
3.494400000000000000e+04 1.556474822233356440e-54
3.507200000000000000e+04 1.556474822233356440e-54
3.520000000000000000e+04 1.556474822233356440e-54
3.532800000000000000e+04 1.115892692634006525e-54
3.545600000000000000e+04 1.115892692634006525e-54
3.558400000000000000e+04 1.115892692634006525e-54
3.571200000000000000e+04 1.115892692634006525e-54
3.584000000000000000e+04 1.115892692634006525e-54
3.596800000000000000e+04 1.115892692634006525e-54
3.609600000000000000e+04 2.428935459868968659e-55
3.622400000000000000e+04 2.428935459868968659e-55
3.635200000000000000e+04 2.412807001093442120e-55
3.648000000000000000e+04 1.313096782316037355e-55
3.660800000000000000e+04 1.313096782316037355e-55
3.673600000000000000e+04 3.315733095593718301e-56
3.686400000000000000e+04 3.315733095593718301e-56
3.699200000000000000e+04 3.277874399976701058e-57
3.712000000000000000e+04 3.277874399976701058e-57
3.724800000000000000e+04 1.467090076676822140e-57
3.737600000000000000e+04 1.467090076676822140e-57
3.750400000000000000e+04 1.467090076676822140e-57
3.763200000000000000e+04 4.145046865759408464e-58
3.776000000000000000e+04 3.426369763194227556e-58
3.788800000000000000e+04 3.426369763194227556e-58
3.801600000000000000e+04 2.102166864740496439e-59
3.814400000000000000e+04 2.102166864740496439e-59
3.827200000000000000e+04 2.102166864740496439e-59
3.840000000000000000e+04 2.102166864740496439e-59
3.852800000000000000e+04 1.948028061352194683e-59
3.865600000000000000e+04 1.948028061352194683e-59
3.878400000000000000e+04 1.948028061352194683e-59
3.891200000000000000e+04 5.959611039841950704e-60
3.904000000000000000e+04 1.177088401469683986e-60
3.916800000000000000e+04 1.177088401469683986e-60
3.929600000000000000e+04 1.177088401469683986e-60
3.942400000000000000e+04 1.177088401469683986e-60
3.955200000000000000e+04 7.695420377829557197e-61
3.968000000000000000e+04 7.695420377829557197e-61
3.980800000000000000e+04 7.695420377829557197e-61
3.993600000000000000e+04 7.695420377829557197e-61
4.006400000000000000e+04 4.667657814482379758e-61
4.019200000000000000e+04 3.222983497291417711e-61
4.032000000000000000e+04 7.740970777368587471e-62
4.044800000000000000e+04 7.740970777368587471e-62
4.057600000000000000e+04 2.729570976648185358e-63
4.070400000000000000e+04 2.729570976648185358e-63
4.083200000000000000e+04 2.521923273179565088e-63
4.096000000000000000e+04 2.521923273179565088e-63
4.108800000000000000e+04 2.521923273179565088e-63
4.121600000000000000e+04 2.521923273179565088e-63
4.134400000000000000e+04 2.521923273179565088e-63
4.147200000000000000e+04 2.521923273179565088e-63
4.160000000000000000e+04 1.915401514229044759e-64
4.172800000000000000e+04 1.915401514229044759e-64
4.185600000000000000e+04 1.915401514229044759e-64
4.198400000000000000e+04 1.915401514229044759e-64
4.211200000000000000e+04 1.915401514229044759e-64
4.224000000000000000e+04 1.915401514229044759e-64
4.236800000000000000e+04 1.915401514229044759e-64
4.249600000000000000e+04 1.668972133114602692e-64
4.262400000000000000e+04 3.544401561332045937e-65
4.275200000000000000e+04 2.195588724793515241e-65
4.288000000000000000e+04 1.647731688628348827e-65
4.300800000000000000e+04 1.647731688628348827e-65
4.313600000000000000e+04 1.647731688628348827e-65
4.326400000000000000e+04 4.752983017884865658e-66
4.339200000000000000e+04 1.655121897423846381e-66
4.352000000000000000e+04 1.655121897423846381e-66
4.364800000000000000e+04 1.655121897423846381e-66
4.377600000000000000e+04 1.655121897423846381e-66
4.390400000000000000e+04 1.655121897423846381e-66
4.403200000000000000e+04 1.655121897423846381e-66
4.416000000000000000e+04 1.069395797586236768e-66
4.428800000000000000e+04 1.069395797586236768e-66
4.441600000000000000e+04 2.908605789803400382e-67
4.454400000000000000e+04 1.749534268575867336e-67
4.467200000000000000e+04 1.749534268575867336e-67
4.480000000000000000e+04 5.805768266074570428e-68
4.492800000000000000e+04 5.805768266074570428e-68
4.505600000000000000e+04 2.351967849920982871e-68
4.518400000000000000e+04 2.033532490110385625e-68
4.531200000000000000e+04 2.033532490110385625e-68
4.544000000000000000e+04 2.033532490110385625e-68
4.556800000000000000e+04 1.932798432371300722e-69
4.569600000000000000e+04 9.531733337828829139e-70
4.582400000000000000e+04 9.531733337828829139e-70
4.595200000000000000e+04 9.531733337828829139e-70
4.608000000000000000e+04 4.790609992099203057e-70
4.620800000000000000e+04 4.790609992099203057e-70
4.633600000000000000e+04 4.790609992099203057e-70
4.646400000000000000e+04 3.406492671651783120e-70
4.659200000000000000e+04 6.149143078856041437e-71
4.672000000000000000e+04 6.149143078856041437e-71
4.684800000000000000e+04 1.373213646345703805e-71
4.697600000000000000e+04 1.373213646345703805e-71
4.710400000000000000e+04 1.373213646345703805e-71
4.723200000000000000e+04 1.373213646345703805e-71
4.736000000000000000e+04 1.373213646345703805e-71
4.748800000000000000e+04 1.095619553834540202e-72
4.761600000000000000e+04 1.095619553834540202e-72
4.774400000000000000e+04 8.551539696797586414e-73
4.787200000000000000e+04 8.551539696797586414e-73
4.800000000000000000e+04 8.551539696797586414e-73
4.812800000000000000e+04 3.365874048654387301e-73
4.825600000000000000e+04 3.365874048654387301e-73
4.838400000000000000e+04 3.365874048654387301e-73
4.851200000000000000e+04 3.031727161007969084e-73
4.864000000000000000e+04 9.282110278542489159e-74
4.876800000000000000e+04 8.195603273807711453e-75
4.889600000000000000e+04 8.195603273807711453e-75
4.902400000000000000e+04 7.886818980525019842e-75
4.915200000000000000e+04 7.886818980525019842e-75
4.928000000000000000e+04 7.886818980525019842e-75
4.940800000000000000e+04 3.418444164486407181e-75
4.953600000000000000e+04 3.418444164486407181e-75
4.966400000000000000e+04 3.418444164486407181e-75
4.979200000000000000e+04 5.404935397847545458e-76
4.992000000000000000e+04 4.305093989469930432e-76
5.004800000000000000e+04 3.101180784245410733e-76
5.017600000000000000e+04 1.789445640733920551e-76
5.030400000000000000e+04 1.789445640733920551e-76
5.043200000000000000e+04 1.789445640733920551e-76
5.056000000000000000e+04 8.655131526450139106e-78
5.068800000000000000e+04 8.655131526450139106e-78
5.081600000000000000e+04 8.655131526450139106e-78
5.094400000000000000e+04 8.655131526450139106e-78
5.107200000000000000e+04 8.655131526450139106e-78
5.120000000000000000e+04 3.117980713826960619e-78
5.132800000000000000e+04 2.566205594607229336e-78
5.145600000000000000e+04 2.566205594607229336e-78
5.158400000000000000e+04 2.566205594607229336e-78
5.171200000000000000e+04 1.877064157070096398e-80
5.184000000000000000e+04 1.877064157070096398e-80
5.196800000000000000e+04 1.877064157070096398e-80
5.209600000000000000e+04 1.877064157070096398e-80
5.222400000000000000e+04 1.877064157070096398e-80
5.235200000000000000e+04 1.877064157070096398e-80
5.248000000000000000e+04 1.877064157070096398e-80
5.260800000000000000e+04 1.877064157070096398e-80
5.273600000000000000e+04 1.877064157070096398e-80
5.286400000000000000e+04 1.877064157070096398e-80
5.299200000000000000e+04 1.877064157070096398e-80
5.312000000000000000e+04 1.768733923246539882e-80
5.324800000000000000e+04 1.768733923246539882e-80
5.337600000000000000e+04 1.476945995788832605e-81
5.350400000000000000e+04 1.476945995788832605e-81
5.363200000000000000e+04 1.476945995788832605e-81
5.376000000000000000e+04 1.346892285774798167e-81
5.388800000000000000e+04 9.130375220269592087e-82
5.401600000000000000e+04 9.130375220269592087e-82
5.414400000000000000e+04 1.607051233658530699e-82
5.427200000000000000e+04 1.607051233658530699e-82
5.440000000000000000e+04 1.607051233658530699e-82
5.452800000000000000e+04 1.607051233658530699e-82
5.465600000000000000e+04 5.479215747009171471e-83
5.478400000000000000e+04 5.479215747009171471e-83
5.491200000000000000e+04 3.735817396336401730e-83
5.504000000000000000e+04 2.321484418547058356e-83
5.516800000000000000e+04 2.321484418547058356e-83
5.529600000000000000e+04 2.119391436044157886e-83
5.542400000000000000e+04 6.355383829541359282e-84
5.555200000000000000e+04 6.355383829541359282e-84
5.568000000000000000e+04 4.142436344440703884e-84
5.580800000000000000e+04 4.142436344440703884e-84
5.593600000000000000e+04 4.527607383755023930e-85
5.606400000000000000e+04 4.527607383755023930e-85
5.619200000000000000e+04 4.527607383755023930e-85
5.632000000000000000e+04 4.391642762924239795e-85
5.644800000000000000e+04 4.391642762924239795e-85
5.657600000000000000e+04 4.391642762924239795e-85
5.670400000000000000e+04 2.978088557138153288e-85
5.683200000000000000e+04 1.438006053472732952e-85
5.696000000000000000e+04 3.396928438656786462e-86
5.708800000000000000e+04 3.396928438656786462e-86
5.721600000000000000e+04 3.396928438656786462e-86
5.734400000000000000e+04 2.355643410908630713e-86
5.747200000000000000e+04 5.000407033699282405e-87
5.760000000000000000e+04 4.845329178954945425e-87
5.772800000000000000e+04 3.797890678486725987e-87
5.785600000000000000e+04 3.663190114434048473e-87
5.798400000000000000e+04 1.364390044955149494e-87
5.811200000000000000e+04 9.398076446875382345e-88
5.824000000000000000e+04 4.708601756151122726e-88
5.836800000000000000e+04 4.708601756151122726e-88
5.849600000000000000e+04 4.183346270952606803e-88
5.862400000000000000e+04 6.456511503438226709e-89
5.875200000000000000e+04 6.456511503438226709e-89
5.888000000000000000e+04 6.456511503438226709e-89
5.900800000000000000e+04 6.456511503438226709e-89
5.913600000000000000e+04 1.862836868081664783e-89
5.926400000000000000e+04 6.039633952268016732e-90
5.939200000000000000e+04 6.039633952268016732e-90
5.952000000000000000e+04 6.039633952268016732e-90
5.964800000000000000e+04 3.705064457012295703e-90
5.977600000000000000e+04 3.705064457012295703e-90
5.990400000000000000e+04 3.705064457012295703e-90
6.003200000000000000e+04 1.388083534602655531e-90
6.016000000000000000e+04 1.388083534602655531e-90
6.028800000000000000e+04 1.388083534602655531e-90
6.041600000000000000e+04 3.389182081066507369e-91
6.054400000000000000e+04 3.389182081066507369e-91
6.067200000000000000e+04 3.389182081066507369e-91
6.080000000000000000e+04 1.415430946535517754e-91
6.092800000000000000e+04 1.415430946535517754e-91
6.105600000000000000e+04 1.415430946535517754e-91
6.118400000000000000e+04 1.415430946535517754e-91
6.131200000000000000e+04 2.504393851927456183e-92
6.144000000000000000e+04 3.836756420263749084e-93
6.156800000000000000e+04 3.836756420263749084e-93
6.169600000000000000e+04 3.836756420263749084e-93
6.182400000000000000e+04 3.836756420263749084e-93
6.195200000000000000e+04 1.066597345540897471e-93
6.208000000000000000e+04 4.200221622425626066e-94
6.220800000000000000e+04 4.200221622425626066e-94
6.233600000000000000e+04 4.200221622425626066e-94
6.246400000000000000e+04 4.200221622425626066e-94
6.259200000000000000e+04 2.370534355032816175e-96
6.272000000000000000e+04 2.370534355032816175e-96
6.284800000000000000e+04 2.370534355032816175e-96
6.297600000000000000e+04 2.370534355032816175e-96
6.310400000000000000e+04 2.370534355032816175e-96
6.323200000000000000e+04 2.370534355032816175e-96
6.336000000000000000e+04 2.370534355032816175e-96
6.348800000000000000e+04 2.370534355032816175e-96
6.361600000000000000e+04 2.370534355032816175e-96
6.374400000000000000e+04 2.370534355032816175e-96
6.387200000000000000e+04 2.370534355032816175e-96
6.400000000000000000e+04 2.370534355032816175e-96
6.412800000000000000e+04 4.238555926051609518e-97
6.425600000000000000e+04 4.238555926051609518e-97
6.438400000000000000e+04 4.238555926051609518e-97
6.451200000000000000e+04 4.238555926051609518e-97
6.464000000000000000e+04 4.238555926051609518e-97
6.476800000000000000e+04 4.238555926051609518e-97
6.489600000000000000e+04 4.238555926051609518e-97
6.502400000000000000e+04 1.247003363844138147e-97
6.515200000000000000e+04 4.175019695368335846e-98
6.528000000000000000e+04 4.175019695368335846e-98
6.540800000000000000e+04 4.175019695368335846e-98
6.553600000000000000e+04 1.386646065389031252e-98
6.566400000000000000e+04 1.386646065389031252e-98
6.579200000000000000e+04 3.818626633804485867e-99
6.592000000000000000e+04 3.818626633804485867e-99
6.604800000000000000e+04 3.818626633804485867e-99
6.617600000000000000e+04 3.818626633804485867e-99
6.630400000000000000e+04 3.818626633804485867e-99
6.643200000000000000e+04 3.818626633804485867e-99
6.656000000000000000e+04 4.272725138743265294e-100
6.668800000000000000e+04 2.732740335634184842e-100
6.681600000000000000e+04 3.137665043907106729e-101
6.694400000000000000e+04 3.137665043907106729e-101
6.707200000000000000e+04 3.137665043907106729e-101
6.720000000000000000e+04 1.958765470149521717e-101
6.732800000000000000e+04 1.958765470149521717e-101
6.745600000000000000e+04 1.958765470149521717e-101
6.758400000000000000e+04 1.958765470149521717e-101
6.771200000000000000e+04 1.958765470149521717e-101
6.784000000000000000e+04 1.206075412587466294e-101
6.796800000000000000e+04 9.621598268293823515e-102
6.809600000000000000e+04 1.925840422367328473e-102
6.822400000000000000e+04 1.591787834834073097e-103
6.835200000000000000e+04 1.591787834834073097e-103
6.848000000000000000e+04 1.591787834834073097e-103
6.860800000000000000e+04 1.591787834834073097e-103
6.873600000000000000e+04 1.591787834834073097e-103
6.886400000000000000e+04 1.591787834834073097e-103
6.899200000000000000e+04 3.253897545274243190e-104
6.912000000000000000e+04 3.253897545274243190e-104
6.924800000000000000e+04 3.253897545274243190e-104
6.937600000000000000e+04 6.183732154730856206e-106
6.950400000000000000e+04 6.183732154730856206e-106
6.963200000000000000e+04 6.183732154730856206e-106
6.976000000000000000e+04 6.183732154730856206e-106
6.988800000000000000e+04 6.183732154730856206e-106
7.001600000000000000e+04 6.183732154730856206e-106
7.014400000000000000e+04 6.183732154730856206e-106
7.027200000000000000e+04 6.183732154730856206e-106
7.040000000000000000e+04 6.183732154730856206e-106
7.052800000000000000e+04 6.183732154730856206e-106
7.065600000000000000e+04 6.183732154730856206e-106
7.078400000000000000e+04 6.183732154730856206e-106
7.091200000000000000e+04 4.259964129678745318e-106
7.104000000000000000e+04 1.758779910715388867e-106
7.116800000000000000e+04 1.758779910715388867e-106
7.129600000000000000e+04 5.408199318769524316e-107
7.142400000000000000e+04 4.240911086174677657e-108
7.155200000000000000e+04 4.240911086174677657e-108
7.168000000000000000e+04 4.240911086174677657e-108
7.180800000000000000e+04 4.240911086174677657e-108
7.193600000000000000e+04 9.013903111892582134e-109
7.206400000000000000e+04 9.013903111892582134e-109
7.219200000000000000e+04 6.450051414348493041e-109
7.232000000000000000e+04 6.450051414348493041e-109
7.244800000000000000e+04 4.048057897314292408e-109
7.257600000000000000e+04 4.048057897314292408e-109
7.270400000000000000e+04 4.048057897314292408e-109
7.283200000000000000e+04 4.048057897314292408e-109
7.296000000000000000e+04 4.048057897314292408e-109
7.308800000000000000e+04 6.383140737510737480e-110
7.321600000000000000e+04 6.383140737510737480e-110
7.334400000000000000e+04 6.383140737510737480e-110
7.347200000000000000e+04 2.612649913837428965e-110
7.360000000000000000e+04 2.384452068311123944e-110
7.372800000000000000e+04 1.428256106265819040e-110
7.385600000000000000e+04 1.428256106265819040e-110
7.398400000000000000e+04 2.223414918840191089e-111
7.411200000000000000e+04 2.223414918840191089e-111
7.424000000000000000e+04 2.223414918840191089e-111
7.436800000000000000e+04 2.223414918840191089e-111
7.449600000000000000e+04 9.151093104276598586e-112
7.462400000000000000e+04 2.990835714991591048e-112
7.475200000000000000e+04 1.533598478981741168e-112
7.488000000000000000e+04 1.533598478981741168e-112
7.500800000000000000e+04 1.533598478981741168e-112
7.513600000000000000e+04 1.533598478981741168e-112
7.526400000000000000e+04 1.918883701769495784e-113
7.539200000000000000e+04 1.918883701769495784e-113
7.552000000000000000e+04 3.698181178925239665e-115
7.564800000000000000e+04 3.698181178925239665e-115
7.577600000000000000e+04 3.698181178925239665e-115
7.590400000000000000e+04 3.698181178925239665e-115
7.603200000000000000e+04 3.698181178925239665e-115
7.616000000000000000e+04 3.698181178925239665e-115
7.628800000000000000e+04 3.698181178925239665e-115
7.641600000000000000e+04 3.698181178925239665e-115
7.654400000000000000e+04 3.509283862104509162e-115
7.667200000000000000e+04 3.509283862104509162e-115
7.680000000000000000e+04 3.509283862104509162e-115
7.692800000000000000e+04 3.509283862104509162e-115
7.705600000000000000e+04 2.336230240649522774e-115
7.718400000000000000e+04 1.407520237057726643e-115
7.731200000000000000e+04 8.196615869942831082e-116
7.744000000000000000e+04 4.316479402757508743e-116
7.756800000000000000e+04 4.316479402757508743e-116
7.769600000000000000e+04 4.130636911835750395e-117
7.782400000000000000e+04 4.130636911835750395e-117
7.795200000000000000e+04 4.130636911835750395e-117
7.808000000000000000e+04 4.652793371281023133e-118
7.820800000000000000e+04 4.652793371281023133e-118
7.833600000000000000e+04 4.652793371281023133e-118
7.846400000000000000e+04 4.652793371281023133e-118
7.859200000000000000e+04 1.803997480845926963e-118
7.872000000000000000e+04 1.803997480845926963e-118
7.884800000000000000e+04 1.803997480845926963e-118
7.897600000000000000e+04 1.803997480845926963e-118
7.910400000000000000e+04 1.512826112378817859e-118
7.923200000000000000e+04 1.512826112378817859e-118
7.936000000000000000e+04 6.780784898127739904e-119
7.948800000000000000e+04 2.322416996405770661e-119
7.961600000000000000e+04 2.322416996405770661e-119
7.974400000000000000e+04 2.322416996405770661e-119
7.987200000000000000e+04 2.030280023812736256e-119
8.000000000000000000e+04 1.813709315589469651e-119
8.012800000000000000e+04 1.813709315589469651e-119
8.025600000000000000e+04 4.664296656046080133e-120
8.038400000000000000e+04 4.664296656046080133e-120
8.051200000000000000e+04 3.638488312717484331e-120
8.064000000000000000e+04 3.638488312717484331e-120
8.076800000000000000e+04 2.010496398582489616e-121
8.089600000000000000e+04 2.010496398582489616e-121
8.102400000000000000e+04 1.085844806354306337e-122
8.115200000000000000e+04 1.085844806354306337e-122
8.128000000000000000e+04 1.085844806354306337e-122
8.140800000000000000e+04 1.085844806354306337e-122
8.153600000000000000e+04 1.085844806354306337e-122
8.166400000000000000e+04 1.085844806354306337e-122
8.179200000000000000e+04 6.082003852949185342e-123
8.192000000000000000e+04 1.176041129154206006e-123
8.204800000000000000e+04 1.176041129154206006e-123
8.217600000000000000e+04 1.176041129154206006e-123
8.230400000000000000e+04 1.176041129154206006e-123
8.243200000000000000e+04 1.176041129154206006e-123
8.256000000000000000e+04 1.176041129154206006e-123
8.268800000000000000e+04 1.034521067897336969e-123
8.281600000000000000e+04 8.809226911372765464e-125
8.294400000000000000e+04 8.809226911372765464e-125
8.307200000000000000e+04 8.809226911372765464e-125
8.320000000000000000e+04 8.809226911372765464e-125
8.332800000000000000e+04 8.809226911372765464e-125
8.345600000000000000e+04 8.809226911372765464e-125
8.358400000000000000e+04 8.809226911372765464e-125
8.371200000000000000e+04 8.809226911372765464e-125
8.384000000000000000e+04 1.434389807228205641e-125
8.396800000000000000e+04 1.434389807228205641e-125
8.409600000000000000e+04 1.434389807228205641e-125
8.422400000000000000e+04 1.434389807228205641e-125
8.435200000000000000e+04 1.434389807228205641e-125
8.448000000000000000e+04 1.434389807228205641e-125
8.460800000000000000e+04 1.239573423325717151e-125
8.473600000000000000e+04 1.695662527694420736e-126
8.486400000000000000e+04 1.695662527694420736e-126
8.499200000000000000e+04 7.133626118966746622e-128
8.512000000000000000e+04 7.133626118966746622e-128
8.524800000000000000e+04 3.619796736941912491e-128
8.537600000000000000e+04 3.619796736941912491e-128
8.550400000000000000e+04 3.619796736941912491e-128
8.563200000000000000e+04 3.619796736941912491e-128
8.576000000000000000e+04 3.619796736941912491e-128
8.588800000000000000e+04 1.984863929348076935e-128
8.601600000000000000e+04 1.984863929348076935e-128
8.614400000000000000e+04 1.984863929348076935e-128
8.627200000000000000e+04 1.144958300803424918e-129
8.640000000000000000e+04 3.706245532068720014e-130
8.652800000000000000e+04 3.706245532068720014e-130
8.665600000000000000e+04 1.821917972421713570e-130
8.678400000000000000e+04 1.821917972421713570e-130
8.691200000000000000e+04 1.821917972421713570e-130
8.704000000000000000e+04 5.344045379432316082e-131
8.716800000000000000e+04 5.344045379432316082e-131
8.729600000000000000e+04 5.344045379432316082e-131
8.742400000000000000e+04 5.344045379432316082e-131
8.755200000000000000e+04 5.344045379432316082e-131
8.768000000000000000e+04 3.122497161237014659e-131
8.780800000000000000e+04 2.453066127626547880e-131
8.793600000000000000e+04 1.999466207823354166e-131
8.806400000000000000e+04 3.227514968248028677e-132
8.819200000000000000e+04 3.227514968248028677e-132
8.832000000000000000e+04 3.227514968248028677e-132
8.844800000000000000e+04 9.538289151838323034e-133
8.857600000000000000e+04 9.538289151838323034e-133
8.870400000000000000e+04 3.414646473935831295e-133
8.883200000000000000e+04 1.383473839064584121e-133
8.896000000000000000e+04 1.383473839064584121e-133
8.908800000000000000e+04 3.246265902630363967e-134
8.921600000000000000e+04 3.246265902630363967e-134
8.934400000000000000e+04 3.246265902630363967e-134
8.947200000000000000e+04 3.246265902630363967e-134
8.960000000000000000e+04 3.246265902630363967e-134
8.972800000000000000e+04 3.239573332491624730e-134
8.985600000000000000e+04 3.239573332491624730e-134
8.998400000000000000e+04 2.033634845362657224e-135
9.011200000000000000e+04 2.033634845362657224e-135
9.024000000000000000e+04 2.033634845362657224e-135
9.036800000000000000e+04 2.033634845362657224e-135
9.049600000000000000e+04 1.152262898765409841e-135
9.062400000000000000e+04 1.152262898765409841e-135
9.075200000000000000e+04 1.152262898765409841e-135
9.088000000000000000e+04 1.152262898765409841e-135
9.100800000000000000e+04 1.152262898765409841e-135
9.113600000000000000e+04 1.482703223894763733e-136
9.126400000000000000e+04 1.263400073131603790e-136
9.139200000000000000e+04 1.263400073131603790e-136
9.152000000000000000e+04 3.673640175241642621e-137
9.164800000000000000e+04 1.728040520806900024e-137
9.177600000000000000e+04 1.562624354495275051e-137
9.190400000000000000e+04 1.562624354495275051e-137
9.203200000000000000e+04 1.328372271755386313e-137
9.216000000000000000e+04 1.328372271755386313e-137
9.228800000000000000e+04 9.906534255776382068e-138
9.241600000000000000e+04 2.420983114543020117e-138
9.254400000000000000e+04 2.420983114543020117e-138
9.267200000000000000e+04 2.420983114543020117e-138
9.280000000000000000e+04 7.702555465918368733e-140
9.292800000000000000e+04 7.702555465918368733e-140
9.305600000000000000e+04 7.702555465918368733e-140
9.318400000000000000e+04 7.702555465918368733e-140
9.331200000000000000e+04 7.702555465918368733e-140
9.344000000000000000e+04 7.702555465918368733e-140
9.356800000000000000e+04 5.119166566846951395e-140
9.369600000000000000e+04 1.076336033696211821e-140
9.382400000000000000e+04 1.076336033696211821e-140
9.395200000000000000e+04 1.076336033696211821e-140
9.408000000000000000e+04 1.342072838818098864e-141
9.420800000000000000e+04 1.342072838818098864e-141
9.433600000000000000e+04 1.342072838818098864e-141
9.446400000000000000e+04 1.342072838818098864e-141
9.459200000000000000e+04 1.342072838818098864e-141
9.472000000000000000e+04 1.245631024026437290e-141
9.484800000000000000e+04 1.143484912137479047e-141
9.497600000000000000e+04 9.334646015137894763e-142
9.510400000000000000e+04 9.334646015137894763e-142
9.523200000000000000e+04 2.082237982240455721e-143
9.536000000000000000e+04 2.082237982240455721e-143
9.548800000000000000e+04 1.618939857830100784e-143
9.561600000000000000e+04 1.618939857830100784e-143
9.574400000000000000e+04 6.348476233405753272e-144
9.587200000000000000e+04 1.441698336812431565e-144
9.600000000000000000e+04 1.441698336812431565e-144
9.612800000000000000e+04 1.441698336812431565e-144
9.625600000000000000e+04 1.441698336812431565e-144
9.638400000000000000e+04 1.441698336812431565e-144
9.651200000000000000e+04 4.536524506071914188e-145
9.664000000000000000e+04 4.536524506071914188e-145
9.676800000000000000e+04 4.536524506071914188e-145
9.689600000000000000e+04 5.166431777819150839e-146
9.702400000000000000e+04 5.166431777819150839e-146
9.715200000000000000e+04 5.166431777819150839e-146
9.728000000000000000e+04 5.166431777819150839e-146
9.740800000000000000e+04 5.166431777819150839e-146
9.753600000000000000e+04 3.189308764228503689e-146
9.766400000000000000e+04 3.189308764228503689e-146
9.779200000000000000e+04 3.189308764228503689e-146
9.792000000000000000e+04 1.907230162454966452e-147
9.804800000000000000e+04 1.907230162454966452e-147
9.817600000000000000e+04 1.907230162454966452e-147
9.830400000000000000e+04 1.907230162454966452e-147
9.843200000000000000e+04 1.907230162454966452e-147
9.856000000000000000e+04 1.907230162454966452e-147
9.868800000000000000e+04 1.907230162454966452e-147
9.881600000000000000e+04 1.907230162454966452e-147
9.894400000000000000e+04 5.861703908747396198e-148
9.907200000000000000e+04 7.872328127490064277e-149
9.920000000000000000e+04 7.872328127490064277e-149
9.932800000000000000e+04 5.398762165957705020e-150
9.945600000000000000e+04 5.398762165957705020e-150
9.958400000000000000e+04 4.583322608695272297e-150
9.971200000000000000e+04 4.583322608695272297e-150
9.984000000000000000e+04 4.583322608695272297e-150
9.996800000000000000e+04 4.583322608695272297e-150
1.000960000000000000e+05 4.583322608695272297e-150
