1.280000000000000000e+02 3.562169798816519628e-01
2.560000000000000000e+02 3.562169798816519628e-01
3.840000000000000000e+02 3.562169798816519628e-01
5.120000000000000000e+02 3.562169798816519628e-01
6.400000000000000000e+02 3.562169798816519628e-01
7.680000000000000000e+02 3.477679436162574578e-01
8.960000000000000000e+02 3.477679436162574578e-01
1.024000000000000000e+03 3.477679436162574578e-01
1.152000000000000000e+03 7.226442447517092416e-02
1.280000000000000000e+03 7.226442447517092416e-02
1.408000000000000000e+03 2.347511801528249023e-02
1.536000000000000000e+03 2.347511801528249023e-02
1.664000000000000000e+03 4.031406770256459058e-04
1.792000000000000000e+03 4.031406770256459058e-04
1.920000000000000000e+03 4.031406770256459058e-04
2.048000000000000000e+03 4.031406770256459058e-04
2.176000000000000000e+03 4.031406770256459058e-04
2.304000000000000000e+03 4.031406770256459058e-04
2.432000000000000000e+03 4.031406770256459058e-04
2.560000000000000000e+03 4.031406770256459058e-04
2.688000000000000000e+03 4.031406770256459058e-04
2.816000000000000000e+03 1.763210716596005977e-04
2.944000000000000000e+03 1.763210716596005977e-04
3.072000000000000000e+03 1.490641302386199049e-04
3.200000000000000000e+03 1.490641302386199049e-04
3.328000000000000000e+03 2.401298025080318674e-05
3.456000000000000000e+03 2.359083793078391511e-05
3.584000000000000000e+03 1.910092069607447458e-05
3.712000000000000000e+03 1.910092069607447458e-05
3.840000000000000000e+03 6.219649157284891952e-06
3.968000000000000000e+03 6.219649157284891952e-06
4.096000000000000000e+03 2.377963671245532797e-06
4.224000000000000000e+03 2.377963671245532797e-06
4.352000000000000000e+03 2.377963671245532797e-06
4.480000000000000000e+03 8.510343201405107671e-07
4.608000000000000000e+03 5.685179955511965169e-07
4.736000000000000000e+03 5.685179955511965169e-07
4.864000000000000000e+03 5.685179955511965169e-07
4.992000000000000000e+03 9.545803376979837295e-08
5.120000000000000000e+03 1.023563096241862512e-08
5.248000000000000000e+03 1.023563096241862512e-08
5.376000000000000000e+03 1.023563096241862512e-08
5.504000000000000000e+03 1.023563096241862512e-08
5.632000000000000000e+03 3.181172169418696793e-09
5.760000000000000000e+03 3.181172169418696793e-09
5.888000000000000000e+03 3.181172169418696793e-09
6.016000000000000000e+03 2.315105993286395610e-09
6.144000000000000000e+03 2.315105993286395610e-09
6.272000000000000000e+03 2.266389598127948355e-09
6.400000000000000000e+03 4.096926987192098672e-10
6.528000000000000000e+03 4.096926987192098672e-10
6.656000000000000000e+03 4.096926987192098672e-10
6.784000000000000000e+03 1.674037734328763957e-10
6.912000000000000000e+03 1.674037734328763957e-10
7.040000000000000000e+03 1.153319141995694047e-10
7.168000000000000000e+03 6.869594473064567904e-11
7.296000000000000000e+03 4.486216675660655525e-11
7.424000000000000000e+03 7.563046483893174826e-12
7.552000000000000000e+03 1.932384338544263796e-12
7.680000000000000000e+03 1.932384338544263796e-12
7.808000000000000000e+03 1.932384338544263796e-12
7.936000000000000000e+03 1.932384338544263796e-12
8.064000000000000000e+03 1.932384338544263796e-12
8.192000000000000000e+03 1.932384338544263796e-12
8.320000000000000000e+03 1.932384338544263796e-12
8.448000000000000000e+03 5.894889898303738401e-13
8.576000000000000000e+03 2.158713696798004359e-13
8.704000000000000000e+03 2.158713696798004359e-13
8.832000000000000000e+03 2.158713696798004359e-13
8.960000000000000000e+03 1.139470353049713733e-13
9.088000000000000000e+03 5.364819152436352364e-15
9.216000000000000000e+03 5.364819152436352364e-15
9.344000000000000000e+03 5.364819152436352364e-15
9.472000000000000000e+03 5.364819152436352364e-15
9.600000000000000000e+03 2.259884791293648145e-15
9.728000000000000000e+03 2.259884791293648145e-15
9.856000000000000000e+03 2.259884791293648145e-15
9.984000000000000000e+03 2.259884791293648145e-15
1.011200000000000000e+04 1.419945879665175169e-15
1.024000000000000000e+04 1.419945879665175169e-15
1.036800000000000000e+04 4.544675792704875747e-16
1.049600000000000000e+04 4.544675792704875747e-16
1.062400000000000000e+04 3.830907645112881847e-16
1.075200000000000000e+04 3.830907645112881847e-16
1.088000000000000000e+04 1.690026064284706922e-16
1.100800000000000000e+04 1.690026064284706922e-16
1.113600000000000000e+04 1.690026064284706922e-16
1.126400000000000000e+04 1.690026064284706922e-16
1.139200000000000000e+04 6.853887328293634419e-17
1.152000000000000000e+04 6.853887328293634419e-17
1.164800000000000000e+04 6.853887328293634419e-17
1.177600000000000000e+04 9.563615009445932273e-19
1.190400000000000000e+04 1.540622984741571234e-19
1.203200000000000000e+04 1.540622984741571234e-19
1.216000000000000000e+04 1.540622984741571234e-19
1.228800000000000000e+04 1.540622984741571234e-19
1.241600000000000000e+04 1.540622984741571234e-19
1.254400000000000000e+04 1.540622984741571234e-19
1.267200000000000000e+04 6.897030590509484013e-22
1.280000000000000000e+04 6.897030590509484013e-22
1.292800000000000000e+04 6.897030590509484013e-22
1.305600000000000000e+04 6.897030590509484013e-22
1.318400000000000000e+04 6.897030590509484013e-22
1.331200000000000000e+04 6.897030590509484013e-22
1.344000000000000000e+04 6.897030590509484013e-22
1.356800000000000000e+04 6.897030590509484013e-22
1.369600000000000000e+04 6.897030590509484013e-22
1.382400000000000000e+04 6.897030590509484013e-22
1.395200000000000000e+04 6.897030590509484013e-22
1.408000000000000000e+04 3.676769339468836108e-22
1.420800000000000000e+04 3.676769339468836108e-22
1.433600000000000000e+04 3.676769339468836108e-22
1.446400000000000000e+04 3.676769339468836108e-22
1.459200000000000000e+04 3.676769339468836108e-22
1.472000000000000000e+04 1.632001459533640258e-22
1.484800000000000000e+04 1.632001459533640258e-22
1.497600000000000000e+04 1.632001459533640258e-22
1.510400000000000000e+04 1.632001459533640258e-22
1.523200000000000000e+04 2.081599051985170949e-23
1.536000000000000000e+04 2.081599051985170949e-23
1.548800000000000000e+04 1.338997684038184131e-23
1.561600000000000000e+04 1.338997684038184131e-23
1.574400000000000000e+04 1.190556655657894811e-23
1.587200000000000000e+04 1.190556655657894811e-23
1.600000000000000000e+04 3.448022782464255573e-24
1.612800000000000000e+04 7.724109995904963405e-25
1.625600000000000000e+04 7.724109995904963405e-25
1.638400000000000000e+04 4.401874082467471944e-25
1.651200000000000000e+04 4.401874082467471944e-25
1.664000000000000000e+04 1.402104173164299040e-26
1.676800000000000000e+04 1.402104173164299040e-26
1.689600000000000000e+04 1.402104173164299040e-26
1.702400000000000000e+04 1.402104173164299040e-26
1.715200000000000000e+04 1.402104173164299040e-26
1.728000000000000000e+04 1.402104173164299040e-26
1.740800000000000000e+04 1.402104173164299040e-26
1.753600000000000000e+04 1.402104173164299040e-26
1.766400000000000000e+04 1.402104173164299040e-26
1.779200000000000000e+04 1.402104173164299040e-26
1.792000000000000000e+04 1.402104173164299040e-26
1.804800000000000000e+04 1.095294690411537668e-27
1.817600000000000000e+04 1.095294690411537668e-27
1.830400000000000000e+04 1.095294690411537668e-27
1.843200000000000000e+04 9.184918981652094182e-28
1.856000000000000000e+04 4.073954963013873417e-28
1.868800000000000000e+04 5.968187874824840703e-29
1.881600000000000000e+04 5.968187874824840703e-29
1.894400000000000000e+04 5.968187874824840703e-29
1.907200000000000000e+04 1.287838064601588715e-29
1.920000000000000000e+04 1.287838064601588715e-29
1.932800000000000000e+04 1.287838064601588715e-29
1.945600000000000000e+04 5.029444436572542031e-30
1.958400000000000000e+04 5.029444436572542031e-30
1.971200000000000000e+04 5.029444436572542031e-30
1.984000000000000000e+04 2.098860135342371917e-30
1.996800000000000000e+04 2.098860135342371917e-30
2.009600000000000000e+04 2.098860135342371917e-30
2.022400000000000000e+04 1.521121391544423197e-30
2.035200000000000000e+04 1.521121391544423197e-30
2.048000000000000000e+04 5.325703285270370150e-31
2.060800000000000000e+04 4.923526495845662823e-32
2.073600000000000000e+04 4.923526495845662823e-32
2.086400000000000000e+04 2.917129026362079328e-32
2.099200000000000000e+04 2.917129026362079328e-32
2.112000000000000000e+04 2.917129026362079328e-32
2.124800000000000000e+04 3.257858189789227871e-33
2.137600000000000000e+04 3.257858189789227871e-33
2.150400000000000000e+04 3.257858189789227871e-33
2.163200000000000000e+04 3.257858189789227871e-33
2.176000000000000000e+04 3.257858189789227871e-33
2.188800000000000000e+04 3.257858189789227871e-33
2.201600000000000000e+04 3.257858189789227871e-33
2.214400000000000000e+04 3.257858189789227871e-33
2.227200000000000000e+04 4.360153025402273388e-34
2.240000000000000000e+04 4.360153025402273388e-34
2.252800000000000000e+04 1.003829275774788245e-34
2.265600000000000000e+04 1.003829275774788245e-34
2.278400000000000000e+04 1.003829275774788245e-34
2.291200000000000000e+04 2.735304907280382633e-35
2.304000000000000000e+04 2.735304907280382633e-35
2.316800000000000000e+04 2.735304907280382633e-35
2.329600000000000000e+04 4.039942541011111462e-36
2.342400000000000000e+04 4.039942541011111462e-36
2.355200000000000000e+04 4.039942541011111462e-36
2.368000000000000000e+04 4.039942541011111462e-36
2.380800000000000000e+04 4.039942541011111462e-36
2.393600000000000000e+04 4.039942541011111462e-36
2.406400000000000000e+04 9.867644369592168785e-38
2.419200000000000000e+04 9.867644369592168785e-38
2.432000000000000000e+04 9.867644369592168785e-38
2.444800000000000000e+04 9.867644369592168785e-38
2.457600000000000000e+04 9.867644369592168785e-38
2.470400000000000000e+04 9.867644369592168785e-38
2.483200000000000000e+04 9.867644369592168785e-38
2.496000000000000000e+04 9.867644369592168785e-38
2.508800000000000000e+04 9.867644369592168785e-38
2.521600000000000000e+04 9.867644369592168785e-38
2.534400000000000000e+04 5.083526798191264155e-38
2.547200000000000000e+04 2.930307623359609175e-38
2.560000000000000000e+04 1.498601094535657317e-38
2.572800000000000000e+04 1.498601094535657317e-38
2.585600000000000000e+04 1.477359033401725184e-38
2.598400000000000000e+04 1.196682241447039370e-38
2.611200000000000000e+04 6.042417100089027571e-40
2.624000000000000000e+04 6.042417100089027571e-40
2.636800000000000000e+04 3.452837531371321855e-40
2.649600000000000000e+04 3.452837531371321855e-40
2.662400000000000000e+04 4.823563333652834360e-41
2.675200000000000000e+04 4.823563333652834360e-41
2.688000000000000000e+04 3.344558625247476177e-41
2.700800000000000000e+04 3.344558625247476177e-41
2.713600000000000000e+04 7.241053018203641412e-42
2.726400000000000000e+04 7.241053018203641412e-42
2.739200000000000000e+04 7.241053018203641412e-42
2.752000000000000000e+04 7.241053018203641412e-42
2.764800000000000000e+04 7.241053018203641412e-42
2.777600000000000000e+04 7.241053018203641412e-42
2.790400000000000000e+04 7.241053018203641412e-42
2.803200000000000000e+04 3.239041265204546354e-42
2.816000000000000000e+04 3.239041265204546354e-42
2.828800000000000000e+04 3.317034362670020871e-44
2.841600000000000000e+04 3.317034362670020871e-44
2.854400000000000000e+04 3.317034362670020871e-44
2.867200000000000000e+04 3.317034362670020871e-44
2.880000000000000000e+04 3.317034362670020871e-44
2.892800000000000000e+04 3.317034362670020871e-44
2.905600000000000000e+04 3.317034362670020871e-44
2.918400000000000000e+04 2.934899964158284530e-44
2.931200000000000000e+04 4.952917864041728069e-45
2.944000000000000000e+04 4.952917864041728069e-45
2.956800000000000000e+04 3.806018197645679299e-45
2.969600000000000000e+04 1.650349400777667710e-46
2.982400000000000000e+04 1.650349400777667710e-46
2.995200000000000000e+04 1.650349400777667710e-46
3.008000000000000000e+04 1.650349400777667710e-46
3.020800000000000000e+04 1.650349400777667710e-46
3.033600000000000000e+04 1.650349400777667710e-46
3.046400000000000000e+04 1.650349400777667710e-46
3.059200000000000000e+04 2.589260664432923008e-47
3.072000000000000000e+04 2.589260664432923008e-47
3.084800000000000000e+04 2.589260664432923008e-47
3.097600000000000000e+04 1.201849028138899059e-47
3.110400000000000000e+04 1.201849028138899059e-47
3.123200000000000000e+04 8.512859099404802330e-48
3.136000000000000000e+04 8.512859099404802330e-48
3.148800000000000000e+04 2.070976824145670981e-48
3.161600000000000000e+04 2.070976824145670981e-48
3.174400000000000000e+04 1.245681543247450765e-48
3.187200000000000000e+04 1.245681543247450765e-48
3.200000000000000000e+04 2.058945908903474102e-49
3.212800000000000000e+04 2.720120037431151558e-51
3.225600000000000000e+04 2.720120037431151558e-51
3.238400000000000000e+04 2.720120037431151558e-51
3.251200000000000000e+04 2.720120037431151558e-51
3.264000000000000000e+04 2.720120037431151558e-51
3.276800000000000000e+04 2.720120037431151558e-51
3.289600000000000000e+04 1.872714934052477167e-51
3.302400000000000000e+04 1.872714934052477167e-51
3.315200000000000000e+04 1.872714934052477167e-51
3.328000000000000000e+04 1.872714934052477167e-51
3.340800000000000000e+04 1.393174238226846434e-51
3.353600000000000000e+04 6.769719052730421743e-52
3.366400000000000000e+04 6.769719052730421743e-52
3.379200000000000000e+04 3.111440615904192924e-52
3.392000000000000000e+04 2.676103938473532376e-52
3.404800000000000000e+04 2.676103938473532376e-52
3.417600000000000000e+04 1.156641174531307310e-52
3.430400000000000000e+04 1.156641174531307310e-52
3.443200000000000000e+04 3.162348565170636154e-53
3.456000000000000000e+04 3.162348565170636154e-53
3.468800000000000000e+04 3.162348565170636154e-53
3.481600000000000000e+04 1.800786644946509787e-55
3.494400000000000000e+04 1.800786644946509787e-55
3.507200000000000000e+04 1.800786644946509787e-55
3.520000000000000000e+04 1.800786644946509787e-55
3.532800000000000000e+04 1.800786644946509787e-55
3.545600000000000000e+04 1.800786644946509787e-55
3.558400000000000000e+04 1.800786644946509787e-55
3.571200000000000000e+04 1.800786644946509787e-55
3.584000000000000000e+04 1.800786644946509787e-55
3.596800000000000000e+04 1.800786644946509787e-55
3.609600000000000000e+04 1.800786644946509787e-55
3.622400000000000000e+04 1.800786644946509787e-55
3.635200000000000000e+04 2.880508454413434709e-56
3.648000000000000000e+04 2.880508454413434709e-56
3.660800000000000000e+04 2.808078722534602761e-57
3.673600000000000000e+04 2.808078722534602761e-57
3.686400000000000000e+04 2.808078722534602761e-57
3.699200000000000000e+04 2.808078722534602761e-57
3.712000000000000000e+04 2.808078722534602761e-57
3.724800000000000000e+04 2.808078722534602761e-57
3.737600000000000000e+04 4.390824463595533667e-58
3.750400000000000000e+04 4.390824463595533667e-58
3.763200000000000000e+04 4.390824463595533667e-58
3.776000000000000000e+04 4.390824463595533667e-58
3.788800000000000000e+04 6.323787528015034602e-59
3.801600000000000000e+04 6.323787528015034602e-59
3.814400000000000000e+04 1.262517168290653046e-59
3.827200000000000000e+04 1.262517168290653046e-59
3.840000000000000000e+04 1.262517168290653046e-59
3.852800000000000000e+04 1.262517168290653046e-59
3.865600000000000000e+04 1.262517168290653046e-59
3.878400000000000000e+04 7.376597983932351918e-60
3.891200000000000000e+04 3.445469663291854144e-61
3.904000000000000000e+04 3.445469663291854144e-61
3.916800000000000000e+04 3.445469663291854144e-61
3.929600000000000000e+04 3.445469663291854144e-61
3.942400000000000000e+04 3.445469663291854144e-61
3.955200000000000000e+04 3.445469663291854144e-61
3.968000000000000000e+04 3.330883856704461181e-62
3.980800000000000000e+04 3.330883856704461181e-62
3.993600000000000000e+04 3.330883856704461181e-62
4.006400000000000000e+04 3.330883856704461181e-62
4.019200000000000000e+04 3.330883856704461181e-62
4.032000000000000000e+04 3.330883856704461181e-62
4.044800000000000000e+04 9.728118729080838801e-63
4.057600000000000000e+04 9.728118729080838801e-63
4.070400000000000000e+04 9.728118729080838801e-63
4.083200000000000000e+04 9.192866580707194323e-63
4.096000000000000000e+04 1.701046070155100360e-63
4.108800000000000000e+04 1.701046070155100360e-63
4.121600000000000000e+04 1.617684717340679023e-64
4.134400000000000000e+04 1.617684717340679023e-64
4.147200000000000000e+04 1.617684717340679023e-64
4.160000000000000000e+04 4.894303601409708280e-65
4.172800000000000000e+04 4.894303601409708280e-65
4.185600000000000000e+04 4.894303601409708280e-65
4.198400000000000000e+04 4.321746476255655331e-65
4.211200000000000000e+04 1.289681716752018606e-65
4.224000000000000000e+04 1.289681716752018606e-65
4.236800000000000000e+04 1.289681716752018606e-65
4.249600000000000000e+04 6.021561099071503164e-66
4.262400000000000000e+04 6.021561099071503164e-66
4.275200000000000000e+04 4.444040459620515192e-66
4.288000000000000000e+04 2.906917660396103997e-66
4.300800000000000000e+04 2.906917660396103997e-66
4.313600000000000000e+04 2.906917660396103997e-66
4.326400000000000000e+04 2.403285493855140127e-67
4.339200000000000000e+04 2.403285493855140127e-67
4.352000000000000000e+04 2.403285493855140127e-67
4.364800000000000000e+04 2.403285493855140127e-67
4.377600000000000000e+04 2.403285493855140127e-67
4.390400000000000000e+04 2.199970889578031116e-67
4.403200000000000000e+04 2.529892829465793310e-68
4.416000000000000000e+04 1.172019090362826698e-68
4.428800000000000000e+04 1.172019090362826698e-68
4.441600000000000000e+04 6.632619500588033796e-69
4.454400000000000000e+04 6.632619500588033796e-69
4.467200000000000000e+04 6.632619500588033796e-69
4.480000000000000000e+04 6.632619500588033796e-69
4.492800000000000000e+04 4.415475644682550353e-69
4.505600000000000000e+04 2.649002444276484116e-69
4.518400000000000000e+04 2.649002444276484116e-69
4.531200000000000000e+04 8.778908821541526269e-70
4.544000000000000000e+04 8.778908821541526269e-70
4.556800000000000000e+04 8.778908821541526269e-70
4.569600000000000000e+04 8.778908821541526269e-70
4.582400000000000000e+04 2.055835955261868133e-70
4.595200000000000000e+04 8.815745707922157026e-71
4.608000000000000000e+04 6.727421012689308434e-71
4.620800000000000000e+04 6.727421012689308434e-71
4.633600000000000000e+04 3.980372228326409889e-71
4.646400000000000000e+04 9.883952914338850888e-72
4.659200000000000000e+04 9.883952914338850888e-72
4.672000000000000000e+04 9.883952914338850888e-72
4.684800000000000000e+04 9.883952914338850888e-72
4.697600000000000000e+04 9.883952914338850888e-72
4.710400000000000000e+04 7.065163323798993117e-73
4.723200000000000000e+04 7.065163323798993117e-73
4.736000000000000000e+04 1.426803564466640004e-73
4.748800000000000000e+04 1.426803564466640004e-73
4.761600000000000000e+04 1.426803564466640004e-73
4.774400000000000000e+04 1.426803564466640004e-73
4.787200000000000000e+04 1.426803564466640004e-73
4.800000000000000000e+04 1.426803564466640004e-73
4.812800000000000000e+04 1.426803564466640004e-73
4.825600000000000000e+04 1.411200379882228328e-73
4.838400000000000000e+04 1.614986900168097253e-74
4.851200000000000000e+04 1.614986900168097253e-74
4.864000000000000000e+04 1.614986900168097253e-74
4.876800000000000000e+04 9.806615112628567386e-75
4.889600000000000000e+04 7.385802073379946025e-75
4.902400000000000000e+04 2.864346083836969548e-75
4.915200000000000000e+04 2.356899547672184507e-75
4.928000000000000000e+04 1.678582231200330663e-76
4.940800000000000000e+04 1.678582231200330663e-76
4.953600000000000000e+04 1.678582231200330663e-76
4.966400000000000000e+04 1.678582231200330663e-76
4.979200000000000000e+04 1.678582231200330663e-76
4.992000000000000000e+04 1.678582231200330663e-76
5.004800000000000000e+04 1.678582231200330663e-76
5.017600000000000000e+04 3.051108524679152237e-77
5.030400000000000000e+04 3.051108524679152237e-77
5.043200000000000000e+04 3.051108524679152237e-77
5.056000000000000000e+04 1.105646658765159578e-77
5.068800000000000000e+04 2.117496470680463878e-78
5.081600000000000000e+04 2.117496470680463878e-78
5.094400000000000000e+04 2.117496470680463878e-78
5.107200000000000000e+04 2.117496470680463878e-78
5.120000000000000000e+04 2.117496470680463878e-78
5.132800000000000000e+04 2.117496470680463878e-78
5.145600000000000000e+04 2.117496470680463878e-78
5.158400000000000000e+04 2.117496470680463878e-78
5.171200000000000000e+04 9.925654121211393329e-79
5.184000000000000000e+04 9.925654121211393329e-79
5.196800000000000000e+04 9.925654121211393329e-79
5.209600000000000000e+04 4.375524361444117164e-79
5.222400000000000000e+04 1.173418416477711003e-79
5.235200000000000000e+04 8.136389308252831156e-80
5.248000000000000000e+04 7.612809994880813366e-80
5.260800000000000000e+04 6.066940605251711758e-81
5.273600000000000000e+04 6.066940605251711758e-81
5.286400000000000000e+04 6.066940605251711758e-81
5.299200000000000000e+04 6.066940605251711758e-81
5.312000000000000000e+04 4.463964835380291424e-81
5.324800000000000000e+04 4.463964835380291424e-81
5.337600000000000000e+04 4.463964835380291424e-81
5.350400000000000000e+04 4.463964835380291424e-81
5.363200000000000000e+04 3.777379693382222685e-81
5.376000000000000000e+04 2.558904535447751916e-81
5.388800000000000000e+04 2.558904535447751916e-81
5.401600000000000000e+04 3.280594414071038019e-82
5.414400000000000000e+04 3.280594414071038019e-82
5.427200000000000000e+04 1.082863046403879742e-82
5.440000000000000000e+04 1.082863046403879742e-82
5.452800000000000000e+04 2.916337097139944564e-83
5.465600000000000000e+04 1.046207033825258991e-83
5.478400000000000000e+04 1.046207033825258991e-83
5.491200000000000000e+04 1.046207033825258991e-83
5.504000000000000000e+04 1.046207033825258991e-83
5.516800000000000000e+04 3.760891271233387548e-84
5.529600000000000000e+04 2.033025896127420132e-84
5.542400000000000000e+04 2.033025896127420132e-84
5.555200000000000000e+04 1.019214653545042682e-84
5.568000000000000000e+04 1.019214653545042682e-84
5.580800000000000000e+04 6.176454729733718354e-85
5.593600000000000000e+04 2.995213571521377312e-85
5.606400000000000000e+04 2.995213571521377312e-85
5.619200000000000000e+04 2.995213571521377312e-85
5.632000000000000000e+04 1.325669066718137677e-85
5.644800000000000000e+04 1.325669066718137677e-85
5.657600000000000000e+04 1.260945230549561897e-86
5.670400000000000000e+04 1.260945230549561897e-86
5.683200000000000000e+04 1.260945230549561897e-86
5.696000000000000000e+04 1.260945230549561897e-86
5.708800000000000000e+04 1.260945230549561897e-86
5.721600000000000000e+04 6.320730833519174054e-87
5.734400000000000000e+04 3.158248078724324981e-88
5.747200000000000000e+04 3.158248078724324981e-88
5.760000000000000000e+04 3.158248078724324981e-88
5.772800000000000000e+04 3.158248078724324981e-88
5.785600000000000000e+04 3.158248078724324981e-88
5.798400000000000000e+04 3.158248078724324981e-88
5.811200000000000000e+04 3.158248078724324981e-88
5.824000000000000000e+04 3.158248078724324981e-88
5.836800000000000000e+04 3.158248078724324981e-88
5.849600000000000000e+04 3.689379907584567719e-89
5.862400000000000000e+04 3.689379907584567719e-89
5.875200000000000000e+04 3.689379907584567719e-89
5.888000000000000000e+04 3.689379907584567719e-89
5.900800000000000000e+04 5.418467563426165238e-91
5.913600000000000000e+04 5.418467563426165238e-91
5.926400000000000000e+04 5.418467563426165238e-91
5.939200000000000000e+04 5.418467563426165238e-91
5.952000000000000000e+04 5.418467563426165238e-91
5.964800000000000000e+04 5.418467563426165238e-91
5.977600000000000000e+04 5.418467563426165238e-91
5.990400000000000000e+04 5.418467563426165238e-91
6.003200000000000000e+04 5.418467563426165238e-91
6.016000000000000000e+04 6.042079289877369862e-92
6.028800000000000000e+04 6.042079289877369862e-92
6.041600000000000000e+04 6.042079289877369862e-92
6.054400000000000000e+04 6.042079289877369862e-92
6.067200000000000000e+04 6.042079289877369862e-92
6.080000000000000000e+04 6.042079289877369862e-92
6.092800000000000000e+04 6.042079289877369862e-92
6.105600000000000000e+04 4.828896890753027501e-92
6.118400000000000000e+04 2.685049902413105647e-92
6.131200000000000000e+04 4.132308687123072240e-93
6.144000000000000000e+04 1.204048350579568235e-93
6.156800000000000000e+04 1.204048350579568235e-93
6.169600000000000000e+04 1.204048350579568235e-93
6.182400000000000000e+04 1.204048350579568235e-93
6.195200000000000000e+04 9.278709815067093186e-94
6.208000000000000000e+04 8.694246724457724988e-94
6.220800000000000000e+04 1.762262127487417379e-95
6.233600000000000000e+04 1.762262127487417379e-95
6.246400000000000000e+04 1.762262127487417379e-95
6.259200000000000000e+04 1.762262127487417379e-95
6.272000000000000000e+04 1.762262127487417379e-95
6.284800000000000000e+04 1.411711894636587668e-95
6.297600000000000000e+04 1.411711894636587668e-95
6.310400000000000000e+04 1.411711894636587668e-95
6.323200000000000000e+04 1.411711894636587668e-95
6.336000000000000000e+04 3.379524999013639250e-96
6.348800000000000000e+04 2.023808990255705919e-96
6.361600000000000000e+04 2.023808990255705919e-96
6.374400000000000000e+04 2.023808990255705919e-96
6.387200000000000000e+04 5.228932920494211670e-97
6.400000000000000000e+04 4.537104756269802865e-97
6.412800000000000000e+04 4.537104756269802865e-97
6.425600000000000000e+04 3.179852386447037127e-97
6.438400000000000000e+04 2.246883515781317785e-99
6.451200000000000000e+04 2.246883515781317785e-99
6.464000000000000000e+04 2.246883515781317785e-99
6.476800000000000000e+04 2.246883515781317785e-99
6.489600000000000000e+04 2.246883515781317785e-99
6.502400000000000000e+04 2.246883515781317785e-99
6.515200000000000000e+04 2.246883515781317785e-99
6.528000000000000000e+04 2.246883515781317785e-99
6.540800000000000000e+04 1.767060767557329970e-100
6.553600000000000000e+04 1.767060767557329970e-100
6.566400000000000000e+04 1.767060767557329970e-100
6.579200000000000000e+04 1.767060767557329970e-100
6.592000000000000000e+04 1.767060767557329970e-100
6.604800000000000000e+04 1.767060767557329970e-100
6.617600000000000000e+04 1.767060767557329970e-100
6.630400000000000000e+04 1.767060767557329970e-100
6.643200000000000000e+04 1.767060767557329970e-100
6.656000000000000000e+04 3.795816690702276246e-101
6.668800000000000000e+04 3.795816690702276246e-101
6.681600000000000000e+04 3.795816690702276246e-101
6.694400000000000000e+04 8.243063141764783363e-102
6.707200000000000000e+04 8.243063141764783363e-102
6.720000000000000000e+04 3.273430601241251511e-104
6.732800000000000000e+04 3.273430601241251511e-104
6.745600000000000000e+04 3.273430601241251511e-104
6.758400000000000000e+04 3.273430601241251511e-104
6.771200000000000000e+04 3.273430601241251511e-104
6.784000000000000000e+04 3.273430601241251511e-104
6.796800000000000000e+04 3.273430601241251511e-104
6.809600000000000000e+04 2.252809032997159675e-105
6.822400000000000000e+04 2.252809032997159675e-105
6.835200000000000000e+04 2.252809032997159675e-105
6.848000000000000000e+04 2.252809032997159675e-105
6.860800000000000000e+04 2.252809032997159675e-105
6.873600000000000000e+04 2.252809032997159675e-105
6.886400000000000000e+04 2.252809032997159675e-105
6.899200000000000000e+04 2.252809032997159675e-105
6.912000000000000000e+04 1.691357712050087804e-106
6.924800000000000000e+04 1.691357712050087804e-106
6.937600000000000000e+04 1.435519036553803403e-107
6.950400000000000000e+04 1.435519036553803403e-107
6.963200000000000000e+04 1.435519036553803403e-107
6.976000000000000000e+04 1.435519036553803403e-107
6.988800000000000000e+04 1.435519036553803403e-107
7.001600000000000000e+04 1.435519036553803403e-107
7.014400000000000000e+04 1.350128624308133387e-107
7.027200000000000000e+04 1.350128624308133387e-107
7.040000000000000000e+04 1.350128624308133387e-107
7.052800000000000000e+04 1.350128624308133387e-107
7.065600000000000000e+04 1.350128624308133387e-107
7.078400000000000000e+04 3.418767405364549780e-108
7.091200000000000000e+04 3.418767405364549780e-108
7.104000000000000000e+04 3.418767405364549780e-108
7.116800000000000000e+04 1.568925319304559383e-108
7.129600000000000000e+04 5.087331111829714381e-109
7.142400000000000000e+04 4.280151246742417805e-109
7.155200000000000000e+04 5.986327717656061190e-110
7.168000000000000000e+04 5.986327717656061190e-110
7.180800000000000000e+04 5.986327717656061190e-110
7.193600000000000000e+04 5.986327717656061190e-110
7.206400000000000000e+04 5.986327717656061190e-110
7.219200000000000000e+04 1.742100526648929151e-110
7.232000000000000000e+04 4.870717587662110706e-111
7.244800000000000000e+04 4.870717587662110706e-111
7.257600000000000000e+04 4.870717587662110706e-111
7.270400000000000000e+04 3.999816624329363405e-111
7.283200000000000000e+04 1.096188097517615473e-111
7.296000000000000000e+04 1.096188097517615473e-111
7.308800000000000000e+04 1.096188097517615473e-111
7.321600000000000000e+04 1.096188097517615473e-111
7.334400000000000000e+04 1.096188097517615473e-111
7.347200000000000000e+04 6.194238328725190750e-112
7.360000000000000000e+04 2.074158179786097460e-112
7.372800000000000000e+04 2.074158179786097460e-112
7.385600000000000000e+04 2.074158179786097460e-112
7.398400000000000000e+04 1.406446669378580925e-112
7.411200000000000000e+04 8.954141972521467245e-113
7.424000000000000000e+04 1.904177859510829356e-113
7.436800000000000000e+04 1.084656196207775701e-113
7.449600000000000000e+04 9.759844993756552993e-114
7.462400000000000000e+04 1.126259741212749137e-115
7.475200000000000000e+04 1.126259741212749137e-115
7.488000000000000000e+04 1.126259741212749137e-115
7.500800000000000000e+04 1.126259741212749137e-115
7.513600000000000000e+04 1.126259741212749137e-115
7.526400000000000000e+04 1.126259741212749137e-115
7.539200000000000000e+04 1.023065530488670735e-115
7.552000000000000000e+04 1.023065530488670735e-115
7.564800000000000000e+04 5.697774062573415201e-116
7.577600000000000000e+04 5.697774062573415201e-116
7.590400000000000000e+04 4.932749922303833946e-117
7.603200000000000000e+04 4.932749922303833946e-117
7.616000000000000000e+04 4.932749922303833946e-117
7.628800000000000000e+04 4.932749922303833946e-117
7.641600000000000000e+04 4.932749922303833946e-117
7.654400000000000000e+04 4.932749922303833946e-117
7.667200000000000000e+04 4.932749922303833946e-117
7.680000000000000000e+04 2.193948512342888773e-117
7.692800000000000000e+04 2.193948512342888773e-117
7.705600000000000000e+04 2.193948512342888773e-117
7.718400000000000000e+04 5.014025427635871990e-118
7.731200000000000000e+04 5.014025427635871990e-118
7.744000000000000000e+04 5.014025427635871990e-118
7.756800000000000000e+04 5.014025427635871990e-118
7.769600000000000000e+04 5.014025427635871990e-118
7.782400000000000000e+04 5.447965964723837308e-119
7.795200000000000000e+04 5.447965964723837308e-119
7.808000000000000000e+04 1.582452450284770397e-119
7.820800000000000000e+04 1.582452450284770397e-119
7.833600000000000000e+04 1.582452450284770397e-119
7.846400000000000000e+04 4.971243926232360510e-120
7.859200000000000000e+04 6.305574961489545606e-121
7.872000000000000000e+04 6.305574961489545606e-121
7.884800000000000000e+04 6.305574961489545606e-121
7.897600000000000000e+04 2.384624690083647528e-121
7.910400000000000000e+04 1.447115349114273879e-121
7.923200000000000000e+04 1.447115349114273879e-121
7.936000000000000000e+04 1.447115349114273879e-121
7.948800000000000000e+04 1.447115349114273879e-121
7.961600000000000000e+04 1.111153412049976975e-121
7.974400000000000000e+04 1.111153412049976975e-121
7.987200000000000000e+04 6.695045423708307470e-123
8.000000000000000000e+04 6.695045423708307470e-123
8.012800000000000000e+04 6.695045423708307470e-123
8.025600000000000000e+04 6.695045423708307470e-123
8.038400000000000000e+04 6.695045423708307470e-123
8.051200000000000000e+04 6.695045423708307470e-123
8.064000000000000000e+04 3.329650989390971534e-123
8.076800000000000000e+04 3.329650989390971534e-123
8.089600000000000000e+04 7.782714289445803584e-124
8.102400000000000000e+04 7.782714289445803584e-124
8.115200000000000000e+04 7.782714289445803584e-124
8.128000000000000000e+04 5.397694593702160630e-124
8.140800000000000000e+04 5.397694593702160630e-124
8.153600000000000000e+04 5.397694593702160630e-124
8.166400000000000000e+04 8.846684562124967674e-125
8.179200000000000000e+04 8.846684562124967674e-125
8.192000000000000000e+04 1.894481331464815240e-125
8.204800000000000000e+04 1.894481331464815240e-125
8.217600000000000000e+04 1.894481331464815240e-125
8.230400000000000000e+04 1.894481331464815240e-125
8.243200000000000000e+04 1.894481331464815240e-125
8.256000000000000000e+04 1.894481331464815240e-125
8.268800000000000000e+04 1.894481331464815240e-125
8.281600000000000000e+04 5.243999580828968362e-126
8.294400000000000000e+04 5.243999580828968362e-126
8.307200000000000000e+04 3.275619890672080077e-126
8.320000000000000000e+04 1.350997719312018152e-126
8.332800000000000000e+04 1.350997719312018152e-126
8.345600000000000000e+04 3.036848624880267819e-127
8.358400000000000000e+04 2.481791815114558495e-127
8.371200000000000000e+04 2.481791815114558495e-127
8.384000000000000000e+04 2.481791815114558495e-127
8.396800000000000000e+04 6.723705034502628292e-128
8.409600000000000000e+04 1.048391834084135676e-128
8.422400000000000000e+04 1.048391834084135676e-128
8.435200000000000000e+04 1.048391834084135676e-128
8.448000000000000000e+04 1.048391834084135676e-128
8.460800000000000000e+04 1.048391834084135676e-128
8.473600000000000000e+04 3.130101418017333993e-129
8.486400000000000000e+04 5.147941150307127744e-130
8.499200000000000000e+04 5.147941150307127744e-130
8.512000000000000000e+04 5.147941150307127744e-130
8.524800000000000000e+04 5.679062907034917455e-132
8.537600000000000000e+04 5.679062907034917455e-132
8.550400000000000000e+04 5.679062907034917455e-132
8.563200000000000000e+04 5.679062907034917455e-132
8.576000000000000000e+04 5.679062907034917455e-132
8.588800000000000000e+04 5.679062907034917455e-132
8.601600000000000000e+04 5.679062907034917455e-132
8.614400000000000000e+04 5.679062907034917455e-132
8.627200000000000000e+04 5.679062907034917455e-132
8.640000000000000000e+04 5.679062907034917455e-132
8.652800000000000000e+04 5.679062907034917455e-132
8.665600000000000000e+04 5.679062907034917455e-132
8.678400000000000000e+04 2.405622249693706021e-132
8.691200000000000000e+04 2.405622249693706021e-132
8.704000000000000000e+04 2.405622249693706021e-132
8.716800000000000000e+04 1.556292806764301878e-132
8.729600000000000000e+04 1.556292806764301878e-132
8.742400000000000000e+04 8.185949097280763434e-133
8.755200000000000000e+04 8.185949097280763434e-133
8.768000000000000000e+04 7.782590265350008138e-133
8.780800000000000000e+04 1.586212866221828758e-133
8.793600000000000000e+04 1.586212866221828758e-133
8.806400000000000000e+04 1.586212866221828758e-133
8.819200000000000000e+04 2.658358381462874696e-134
8.832000000000000000e+04 2.658358381462874696e-134
8.844800000000000000e+04 1.450975057893568062e-134
8.857600000000000000e+04 3.950637067292068731e-135
8.870400000000000000e+04 3.950637067292068731e-135
8.883200000000000000e+04 9.220055848468834111e-136
8.896000000000000000e+04 9.220055848468834111e-136
8.908800000000000000e+04 6.124281525248761704e-136
8.921600000000000000e+04 6.124281525248761704e-136
8.934400000000000000e+04 6.124281525248761704e-136
8.947200000000000000e+04 6.124281525248761704e-136
8.960000000000000000e+04 6.055146492100459766e-136
8.972800000000000000e+04 5.861165600711247962e-136
8.985600000000000000e+04 4.950168260042569206e-136
8.998400000000000000e+04 5.544956866885929429e-137
9.011200000000000000e+04 2.979211493161023480e-138
9.024000000000000000e+04 2.979211493161023480e-138
9.036800000000000000e+04 2.979211493161023480e-138
9.049600000000000000e+04 2.979211493161023480e-138
9.062400000000000000e+04 2.979211493161023480e-138
9.075200000000000000e+04 2.979211493161023480e-138
9.088000000000000000e+04 1.688423772767146764e-138
9.100800000000000000e+04 6.178453322220698096e-139
9.113600000000000000e+04 6.178453322220698096e-139
9.126400000000000000e+04 6.178453322220698096e-139
9.139200000000000000e+04 1.901042345464566581e-139
9.152000000000000000e+04 1.901042345464566581e-139
9.164800000000000000e+04 1.901042345464566581e-139
9.177600000000000000e+04 1.901042345464566581e-139
9.190400000000000000e+04 1.901042345464566581e-139
9.203200000000000000e+04 1.901042345464566581e-139
9.216000000000000000e+04 1.901042345464566581e-139
9.228800000000000000e+04 7.076865102393503826e-140
9.241600000000000000e+04 2.780396077903479600e-140
9.254400000000000000e+04 8.966658004208225906e-141
9.267200000000000000e+04 8.966658004208225906e-141
9.280000000000000000e+04 8.966658004208225906e-141
9.292800000000000000e+04 7.613434979180251531e-141
9.305600000000000000e+04 6.087110350413518270e-141
9.318400000000000000e+04 2.550593102513097198e-141
9.331200000000000000e+04 2.550593102513097198e-141
9.344000000000000000e+04 1.335138124201015124e-141
9.356800000000000000e+04 1.335138124201015124e-141
9.369600000000000000e+04 3.512604061994336303e-142
9.382400000000000000e+04 3.512604061994336303e-142
9.395200000000000000e+04 6.646676607874332375e-143
9.408000000000000000e+04 6.646676607874332375e-143
9.420800000000000000e+04 4.296910672878725528e-143
9.433600000000000000e+04 3.184665617485151118e-143
9.446400000000000000e+04 1.897314516430496000e-144
9.459200000000000000e+04 1.897314516430496000e-144
9.472000000000000000e+04 1.897314516430496000e-144
9.484800000000000000e+04 1.897314516430496000e-144
9.497600000000000000e+04 1.897314516430496000e-144
9.510400000000000000e+04 1.897314516430496000e-144
9.523200000000000000e+04 1.897314516430496000e-144
9.536000000000000000e+04 1.897314516430496000e-144
9.548800000000000000e+04 2.274920534622129502e-145
9.561600000000000000e+04 2.274920534622129502e-145
9.574400000000000000e+04 2.274920534622129502e-145
9.587200000000000000e+04 2.274920534622129502e-145
9.600000000000000000e+04 2.274920534622129502e-145
9.612800000000000000e+04 2.274920534622129502e-145
9.625600000000000000e+04 6.282006044944070124e-146
9.638400000000000000e+04 6.282006044944070124e-146
9.651200000000000000e+04 6.282006044944070124e-146
9.664000000000000000e+04 5.201417270898954449e-146
9.676800000000000000e+04 4.018011650757295352e-146
9.689600000000000000e+04 7.965153557962606162e-147
9.702400000000000000e+04 2.114714678224533654e-147
9.715200000000000000e+04 2.114714678224533654e-147
9.728000000000000000e+04 2.114714678224533654e-147
9.740800000000000000e+04 1.734444948817612758e-147
9.753600000000000000e+04 1.734444948817612758e-147
9.766400000000000000e+04 1.734444948817612758e-147
9.779200000000000000e+04 6.892333155887657482e-148
9.792000000000000000e+04 6.892333155887657482e-148
9.804800000000000000e+04 6.892333155887657482e-148
9.817600000000000000e+04 5.569058296258149290e-148
9.830400000000000000e+04 5.569058296258149290e-148
9.843200000000000000e+04 4.490917229284553975e-148
9.856000000000000000e+04 2.107633003903712831e-148
9.868800000000000000e+04 2.107633003903712831e-148
9.881600000000000000e+04 8.218238197950589426e-149
9.894400000000000000e+04 7.133617169057332187e-150
9.907200000000000000e+04 7.133617169057332187e-150
9.920000000000000000e+04 7.133617169057332187e-150
9.932800000000000000e+04 7.133617169057332187e-150
9.945600000000000000e+04 7.133617169057332187e-150
9.958400000000000000e+04 1.513266384457269214e-151
9.971200000000000000e+04 1.513266384457269214e-151
9.984000000000000000e+04 1.513266384457269214e-151
9.996800000000000000e+04 1.513266384457269214e-151
1.000960000000000000e+05 1.513266384457269214e-151
