1.280000000000000000e+02 1.694337846906317058e+00
2.560000000000000000e+02 1.694337846906317058e+00
3.840000000000000000e+02 1.415636046635322387e-01
5.120000000000000000e+02 1.415636046635322387e-01
6.400000000000000000e+02 1.415636046635322387e-01
7.680000000000000000e+02 1.415636046635322387e-01
8.960000000000000000e+02 8.708828983078130415e-02
1.024000000000000000e+03 1.656688415892276778e-02
1.152000000000000000e+03 1.656688415892276778e-02
1.280000000000000000e+03 7.611594001159226533e-03
1.408000000000000000e+03 7.611594001159226533e-03
1.536000000000000000e+03 7.611594001159226533e-03
1.664000000000000000e+03 7.611594001159226533e-03
1.792000000000000000e+03 7.611594001159226533e-03
1.920000000000000000e+03 7.611594001159226533e-03
2.048000000000000000e+03 6.298753298366007065e-03
2.176000000000000000e+03 1.838450283185790509e-03
2.304000000000000000e+03 1.838450283185790509e-03
2.432000000000000000e+03 1.838450283185790509e-03
2.560000000000000000e+03 1.838450283185790509e-03
2.688000000000000000e+03 4.264919669670328865e-05
2.816000000000000000e+03 4.264919669670328865e-05
2.944000000000000000e+03 4.264919669670328865e-05
3.072000000000000000e+03 4.264919669670328865e-05
3.200000000000000000e+03 4.264919669670328865e-05
3.328000000000000000e+03 4.264919669670328865e-05
3.456000000000000000e+03 3.923655565713637326e-05
3.584000000000000000e+03 3.923655565713637326e-05
3.712000000000000000e+03 4.755738495121103305e-06
3.840000000000000000e+03 4.755738495121103305e-06
3.968000000000000000e+03 4.755738495121103305e-06
4.096000000000000000e+03 5.683366059626477950e-07
4.224000000000000000e+03 5.683366059626477950e-07
4.352000000000000000e+03 5.683366059626477950e-07
4.480000000000000000e+03 5.683366059626477950e-07
4.608000000000000000e+03 5.683366059626477950e-07
4.736000000000000000e+03 3.617738864421060187e-08
4.864000000000000000e+03 3.617738864421060187e-08
4.992000000000000000e+03 3.617738864421060187e-08
5.120000000000000000e+03 1.267557876022861374e-08
5.248000000000000000e+03 1.267557876022861374e-08
5.376000000000000000e+03 1.267557876022861374e-08
5.504000000000000000e+03 2.487290691441270372e-09
5.632000000000000000e+03 2.487290691441270372e-09
5.760000000000000000e+03 2.459940814005319550e-09
5.888000000000000000e+03 2.459940814005319550e-09
6.016000000000000000e+03 3.723375799821056431e-11
6.144000000000000000e+03 3.723375799821056431e-11
6.272000000000000000e+03 3.723375799821056431e-11
6.400000000000000000e+03 3.723375799821056431e-11
6.528000000000000000e+03 3.723375799821056431e-11
6.656000000000000000e+03 3.723375799821056431e-11
6.784000000000000000e+03 3.723375799821056431e-11
6.912000000000000000e+03 3.430281055998313541e-11
7.040000000000000000e+03 3.430281055998313541e-11
7.168000000000000000e+03 3.430281055998313541e-11
7.296000000000000000e+03 3.430281055998313541e-11
7.424000000000000000e+03 1.017284704702806055e-11
7.552000000000000000e+03 5.441590473131098408e-12
7.680000000000000000e+03 5.441590473131098408e-12
7.808000000000000000e+03 5.441590473131098408e-12
7.936000000000000000e+03 8.040293920646460697e-13
8.064000000000000000e+03 8.040293920646460697e-13
8.192000000000000000e+03 8.040293920646460697e-13
8.320000000000000000e+03 8.040293920646460697e-13
8.448000000000000000e+03 8.040293920646460697e-13
8.576000000000000000e+03 8.040293920646460697e-13
8.704000000000000000e+03 4.350853900050597679e-13
8.832000000000000000e+03 4.350853900050597679e-13
8.960000000000000000e+03 2.707386582080346730e-14
9.088000000000000000e+03 2.707386582080346730e-14
9.216000000000000000e+03 2.707386582080346730e-14
9.344000000000000000e+03 2.707386582080346730e-14
9.472000000000000000e+03 2.707386582080346730e-14
9.600000000000000000e+03 2.707386582080346730e-14
9.728000000000000000e+03 2.310165537433913337e-14
9.856000000000000000e+03 2.310165537433913337e-14
9.984000000000000000e+03 1.083778198989306005e-14
1.011200000000000000e+04 1.083778198989306005e-14
1.024000000000000000e+04 1.083778198989306005e-14
1.036800000000000000e+04 1.083778198989306005e-14
1.049600000000000000e+04 6.923561617905069169e-15
1.062400000000000000e+04 8.921352919727514003e-17
1.075200000000000000e+04 8.921352919727514003e-17
1.088000000000000000e+04 8.921352919727514003e-17
1.100800000000000000e+04 8.921352919727514003e-17
1.113600000000000000e+04 7.065854309157203333e-17
1.126400000000000000e+04 7.065854309157203333e-17
1.139200000000000000e+04 7.065854309157203333e-17
1.152000000000000000e+04 1.498434498016348785e-17
1.164800000000000000e+04 1.498434498016348785e-17
1.177600000000000000e+04 1.498434498016348785e-17
1.190400000000000000e+04 1.081815400245418101e-17
1.203200000000000000e+04 1.081815400245418101e-17
1.216000000000000000e+04 1.670866444162911238e-18
1.228800000000000000e+04 1.670866444162911238e-18
1.241600000000000000e+04 1.670866444162911238e-18
1.254400000000000000e+04 2.306932130966327919e-19
1.267200000000000000e+04 2.306932130966327919e-19
1.280000000000000000e+04 1.970744245094455659e-19
1.292800000000000000e+04 1.970744245094455659e-19
1.305600000000000000e+04 1.186680986066303440e-20
1.318400000000000000e+04 1.186680986066303440e-20
1.331200000000000000e+04 1.186680986066303440e-20
1.344000000000000000e+04 1.186680986066303440e-20
1.356800000000000000e+04 1.186680986066303440e-20
1.369600000000000000e+04 2.422550111960872419e-21
1.382400000000000000e+04 2.422550111960872419e-21
1.395200000000000000e+04 2.422550111960872419e-21
1.408000000000000000e+04 2.036904413135823922e-21
1.420800000000000000e+04 2.036904413135823922e-21
1.433600000000000000e+04 2.036904413135823922e-21
1.446400000000000000e+04 9.999052065682550810e-22
1.459200000000000000e+04 1.751743667801867694e-22
1.472000000000000000e+04 1.751743667801867694e-22
1.484800000000000000e+04 1.751743667801867694e-22
1.497600000000000000e+04 1.751743667801867694e-22
1.510400000000000000e+04 1.441740799104664944e-24
1.523200000000000000e+04 1.441740799104664944e-24
1.536000000000000000e+04 1.441740799104664944e-24
1.548800000000000000e+04 1.441740799104664944e-24
1.561600000000000000e+04 1.441740799104664944e-24
1.574400000000000000e+04 1.441740799104664944e-24
1.587200000000000000e+04 1.441740799104664944e-24
1.600000000000000000e+04 1.441740799104664944e-24
1.612800000000000000e+04 1.441740799104664944e-24
1.625600000000000000e+04 1.441740799104664944e-24
1.638400000000000000e+04 7.533880943245010668e-25
1.651200000000000000e+04 7.533880943245010668e-25
1.664000000000000000e+04 7.533880943245010668e-25
1.676800000000000000e+04 7.533880943245010668e-25
1.689600000000000000e+04 7.533880943245010668e-25
1.702400000000000000e+04 5.790755826095623633e-25
1.715200000000000000e+04 6.784566487048520558e-27
1.728000000000000000e+04 6.784566487048520558e-27
1.740800000000000000e+04 6.784566487048520558e-27
1.753600000000000000e+04 6.784566487048520558e-27
1.766400000000000000e+04 6.784566487048520558e-27
1.779200000000000000e+04 6.784566487048520558e-27
1.792000000000000000e+04 6.784566487048520558e-27
1.804800000000000000e+04 6.784566487048520558e-27
1.817600000000000000e+04 6.784566487048520558e-27
1.830400000000000000e+04 6.708101889902881706e-27
1.843200000000000000e+04 1.468170857921541038e-27
1.856000000000000000e+04 1.245417138996772499e-27
1.868800000000000000e+04 1.245417138996772499e-27
1.881600000000000000e+04 1.410431787734051185e-28
1.894400000000000000e+04 5.561445926064653882e-29
1.907200000000000000e+04 4.425707366283446864e-29
1.920000000000000000e+04 2.095791673708254390e-29
1.932800000000000000e+04 2.095791673708254390e-29
1.945600000000000000e+04 2.095791673708254390e-29
1.958400000000000000e+04 4.724505062235565323e-30
1.971200000000000000e+04 4.254698342880247351e-30
1.984000000000000000e+04 4.254698342880247351e-30
1.996800000000000000e+04 4.254698342880247351e-30
2.009600000000000000e+04 6.073657225924948519e-33
2.022400000000000000e+04 6.073657225924948519e-33
2.035200000000000000e+04 6.073657225924948519e-33
2.048000000000000000e+04 6.073657225924948519e-33
2.060800000000000000e+04 6.073657225924948519e-33
2.073600000000000000e+04 6.073657225924948519e-33
2.086400000000000000e+04 6.073657225924948519e-33
2.099200000000000000e+04 6.073657225924948519e-33
2.112000000000000000e+04 6.073657225924948519e-33
2.124800000000000000e+04 6.073657225924948519e-33
2.137600000000000000e+04 6.073657225924948519e-33
2.150400000000000000e+04 6.073657225924948519e-33
2.163200000000000000e+04 6.073657225924948519e-33
2.176000000000000000e+04 6.073657225924948519e-33
2.188800000000000000e+04 6.073657225924948519e-33
2.201600000000000000e+04 6.073657225924948519e-33
2.214400000000000000e+04 5.848901103488477007e-33
2.227200000000000000e+04 2.488241983233945544e-33
2.240000000000000000e+04 1.950828173067344135e-33
2.252800000000000000e+04 1.471796535136353208e-33
2.265600000000000000e+04 1.471796535136353208e-33
2.278400000000000000e+04 3.356600072588341542e-34
2.291200000000000000e+04 2.665998337950241034e-34
2.304000000000000000e+04 2.665998337950241034e-34
2.316800000000000000e+04 2.369309778695906852e-35
2.329600000000000000e+04 1.212219098540635066e-35
2.342400000000000000e+04 3.042296883056093149e-36
2.355200000000000000e+04 3.042296883056093149e-36
2.368000000000000000e+04 3.042296883056093149e-36
2.380800000000000000e+04 1.867322911850871574e-36
2.393600000000000000e+04 1.867322911850871574e-36
2.406400000000000000e+04 1.867322911850871574e-36
2.419200000000000000e+04 1.867322911850871574e-36
2.432000000000000000e+04 1.867322911850871574e-36
2.444800000000000000e+04 1.867322911850871574e-36
2.457600000000000000e+04 1.072941335049618421e-36
2.470400000000000000e+04 1.639945992398486091e-37
2.483200000000000000e+04 1.639945992398486091e-37
2.496000000000000000e+04 1.639945992398486091e-37
2.508800000000000000e+04 1.639945992398486091e-37
2.521600000000000000e+04 1.633888820274411627e-37
2.534400000000000000e+04 3.621699176296412735e-38
2.547200000000000000e+04 3.621699176296412735e-38
2.560000000000000000e+04 2.385309583814419785e-39
2.572800000000000000e+04 2.385309583814419785e-39
2.585600000000000000e+04 2.385309583814419785e-39
2.598400000000000000e+04 2.385309583814419785e-39
2.611200000000000000e+04 2.385309583814419785e-39
2.624000000000000000e+04 2.385309583814419785e-39
2.636800000000000000e+04 1.537298310576260484e-39
2.649600000000000000e+04 7.940549265024991108e-40
2.662400000000000000e+04 2.698611433852042761e-40
2.675200000000000000e+04 7.974661559496457226e-41
2.688000000000000000e+04 7.974661559496457226e-41
2.700800000000000000e+04 7.974661559496457226e-41
2.713600000000000000e+04 7.974661559496457226e-41
2.726400000000000000e+04 1.048268992379741723e-41
2.739200000000000000e+04 1.048268992379741723e-41
2.752000000000000000e+04 1.048268992379741723e-41
2.764800000000000000e+04 1.048268992379741723e-41
2.777600000000000000e+04 1.048268992379741723e-41
2.790400000000000000e+04 1.048268992379741723e-41
2.803200000000000000e+04 1.048268992379741723e-41
2.816000000000000000e+04 1.213353809842783984e-42
2.828800000000000000e+04 1.213353809842783984e-42
2.841600000000000000e+04 1.213353809842783984e-42
2.854400000000000000e+04 1.213353809842783984e-42
2.867200000000000000e+04 1.213353809842783984e-42
2.880000000000000000e+04 1.622531516385537211e-45
2.892800000000000000e+04 1.622531516385537211e-45
2.905600000000000000e+04 1.622531516385537211e-45
2.918400000000000000e+04 1.622531516385537211e-45
2.931200000000000000e+04 1.622531516385537211e-45
2.944000000000000000e+04 1.622531516385537211e-45
2.956800000000000000e+04 1.622531516385537211e-45
2.969600000000000000e+04 1.622531516385537211e-45
2.982400000000000000e+04 1.417781321353150392e-45
2.995200000000000000e+04 1.417781321353150392e-45
3.008000000000000000e+04 1.417781321353150392e-45
3.020800000000000000e+04 1.417781321353150392e-45
3.033600000000000000e+04 1.417781321353150392e-45
3.046400000000000000e+04 1.417781321353150392e-45
3.059200000000000000e+04 1.615487875786057476e-46
3.072000000000000000e+04 1.615487875786057476e-46
3.084800000000000000e+04 4.967174625844204148e-47
3.097600000000000000e+04 4.967174625844204148e-47
3.110400000000000000e+04 4.967174625844204148e-47
3.123200000000000000e+04 2.862392659095875225e-47
3.136000000000000000e+04 2.862392659095875225e-47
3.148800000000000000e+04 2.862392659095875225e-47
3.161600000000000000e+04 1.642727873359376835e-47
3.174400000000000000e+04 3.656223660563683792e-48
3.187200000000000000e+04 1.320274533157934362e-48
3.200000000000000000e+04 1.320274533157934362e-48
3.212800000000000000e+04 1.320274533157934362e-48
3.225600000000000000e+04 4.676541803920993496e-49
3.238400000000000000e+04 4.676541803920993496e-49
3.251200000000000000e+04 4.676541803920993496e-49
3.264000000000000000e+04 8.036630833923267315e-50
3.276800000000000000e+04 8.036630833923267315e-50
3.289600000000000000e+04 8.036630833923267315e-50
3.302400000000000000e+04 8.036630833923267315e-50
3.315200000000000000e+04 8.036630833923267315e-50
3.328000000000000000e+04 8.036630833923267315e-50
3.340800000000000000e+04 8.036630833923267315e-50
3.353600000000000000e+04 8.036630833923267315e-50
3.366400000000000000e+04 5.890192827378613900e-50
3.379200000000000000e+04 4.017671193682426391e-50
3.392000000000000000e+04 6.014937028144402416e-51
3.404800000000000000e+04 5.440134681247662842e-51
3.417600000000000000e+04 5.440134681247662842e-51
3.430400000000000000e+04 5.440134681247662842e-51
3.443200000000000000e+04 1.575341723623250810e-52
3.456000000000000000e+04 1.810857921160538186e-53
3.468800000000000000e+04 1.810857921160538186e-53
3.481600000000000000e+04 1.810857921160538186e-53
3.494400000000000000e+04 1.810857921160538186e-53
3.507200000000000000e+04 1.810857921160538186e-53
3.520000000000000000e+04 1.810857921160538186e-53
3.532800000000000000e+04 1.810857921160538186e-53
3.545600000000000000e+04 1.810857921160538186e-53
3.558400000000000000e+04 1.810857921160538186e-53
3.571200000000000000e+04 1.646547665541467618e-53
3.584000000000000000e+04 1.646547665541467618e-53
3.596800000000000000e+04 1.307612548200701445e-53
3.609600000000000000e+04 1.301863200066435895e-53
3.622400000000000000e+04 8.525420700255867549e-54
3.635200000000000000e+04 4.247511671986485243e-54
3.648000000000000000e+04 8.522956585985631811e-55
3.660800000000000000e+04 5.541165869623006125e-55
3.673600000000000000e+04 5.541165869623006125e-55
3.686400000000000000e+04 3.538493499870689855e-55
3.699200000000000000e+04 3.538493499870689855e-55
3.712000000000000000e+04 3.538493499870689855e-55
3.724800000000000000e+04 4.161882384395491047e-56
3.737600000000000000e+04 4.161882384395491047e-56
3.750400000000000000e+04 1.796978599318139523e-56
3.763200000000000000e+04 1.796978599318139523e-56
3.776000000000000000e+04 1.796978599318139523e-56
3.788800000000000000e+04 1.796978599318139523e-56
3.801600000000000000e+04 7.423945540954074974e-57
3.814400000000000000e+04 7.423945540954074974e-57
3.827200000000000000e+04 5.056972195994918374e-57
3.840000000000000000e+04 5.056972195994918374e-57
3.852800000000000000e+04 9.332293866778909674e-58
3.865600000000000000e+04 6.290140306389644234e-58
3.878400000000000000e+04 6.290140306389644234e-58
3.891200000000000000e+04 4.128180802258388762e-58
3.904000000000000000e+04 4.128180802258388762e-58
3.916800000000000000e+04 4.128180802258388762e-58
3.929600000000000000e+04 2.608854478883357278e-58
3.942400000000000000e+04 1.919045671122051086e-58
3.955200000000000000e+04 1.246322000238242112e-59
3.968000000000000000e+04 1.246322000238242112e-59
3.980800000000000000e+04 2.407414644206047857e-60
3.993600000000000000e+04 2.407414644206047857e-60
4.006400000000000000e+04 2.407414644206047857e-60
4.019200000000000000e+04 2.407414644206047857e-60
4.032000000000000000e+04 2.407414644206047857e-60
4.044800000000000000e+04 2.407414644206047857e-60
4.057600000000000000e+04 2.407414644206047857e-60
4.070400000000000000e+04 5.413496031260220186e-61
4.083200000000000000e+04 2.424446063666703553e-61
4.096000000000000000e+04 2.424446063666703553e-61
4.108800000000000000e+04 2.424446063666703553e-61
4.121600000000000000e+04 2.424446063666703553e-61
4.134400000000000000e+04 2.424446063666703553e-61
4.147200000000000000e+04 2.208514938874050257e-62
4.160000000000000000e+04 1.325582983852649809e-62
4.172800000000000000e+04 1.325582983852649809e-62
4.185600000000000000e+04 2.147481490002455397e-63
4.198400000000000000e+04 2.147481490002455397e-63
4.211200000000000000e+04 2.147481490002455397e-63
4.224000000000000000e+04 1.014687034391077245e-63
4.236800000000000000e+04 3.482839939898538518e-64
4.249600000000000000e+04 3.482839939898538518e-64
4.262400000000000000e+04 3.482839939898538518e-64
4.275200000000000000e+04 5.763639801252241880e-65
4.288000000000000000e+04 5.763639801252241880e-65
4.300800000000000000e+04 1.687899377391625345e-65
4.313600000000000000e+04 1.687899377391625345e-65
4.326400000000000000e+04 1.687899377391625345e-65
4.339200000000000000e+04 1.687899377391625345e-65
4.352000000000000000e+04 1.687899377391625345e-65
4.364800000000000000e+04 1.687899377391625345e-65
4.377600000000000000e+04 1.687899377391625345e-65
4.390400000000000000e+04 1.687899377391625345e-65
4.403200000000000000e+04 3.375608437331838754e-66
4.416000000000000000e+04 3.375608437331838754e-66
4.428800000000000000e+04 3.375608437331838754e-66
4.441600000000000000e+04 1.848674670624680818e-66
4.454400000000000000e+04 1.848674670624680818e-66
4.467200000000000000e+04 1.024935720335575722e-66
4.480000000000000000e+04 1.024935720335575722e-66
4.492800000000000000e+04 5.333120326578853204e-67
4.505600000000000000e+04 7.118307034321863206e-68
4.518400000000000000e+04 7.118307034321863206e-68
4.531200000000000000e+04 7.118307034321863206e-68
4.544000000000000000e+04 3.759842476658285961e-69
4.556800000000000000e+04 3.759842476658285961e-69
4.569600000000000000e+04 3.759842476658285961e-69
4.582400000000000000e+04 3.759842476658285961e-69
4.595200000000000000e+04 3.759842476658285961e-69
4.608000000000000000e+04 3.759842476658285961e-69
4.620800000000000000e+04 3.759842476658285961e-69
4.633600000000000000e+04 3.759842476658285961e-69
4.646400000000000000e+04 1.142644271456016072e-69
4.659200000000000000e+04 3.685437572292281860e-70
4.672000000000000000e+04 3.685437572292281860e-70
4.684800000000000000e+04 7.937976189697918301e-71
4.697600000000000000e+04 2.909608108171317906e-71
4.710400000000000000e+04 2.909608108171317906e-71
4.723200000000000000e+04 2.909608108171317906e-71
4.736000000000000000e+04 1.470666429966184089e-72
4.748800000000000000e+04 1.470666429966184089e-72
4.761600000000000000e+04 1.470666429966184089e-72
4.774400000000000000e+04 1.470666429966184089e-72
4.787200000000000000e+04 1.470666429966184089e-72
4.800000000000000000e+04 4.122394038603308748e-73
4.812800000000000000e+04 4.122394038603308748e-73
4.825600000000000000e+04 4.122394038603308748e-73
4.838400000000000000e+04 4.122394038603308748e-73
4.851200000000000000e+04 4.122394038603308748e-73
4.864000000000000000e+04 1.898961274852631957e-73
4.876800000000000000e+04 1.898961274852631957e-73
4.889600000000000000e+04 2.374592483774180655e-74
4.902400000000000000e+04 2.374592483774180655e-74
4.915200000000000000e+04 2.374592483774180655e-74
4.928000000000000000e+04 1.920068140038353806e-74
4.940800000000000000e+04 1.920068140038353806e-74
4.953600000000000000e+04 8.624227049177539929e-75
4.966400000000000000e+04 8.624227049177539929e-75
4.979200000000000000e+04 9.623282381291683402e-76
4.992000000000000000e+04 9.623282381291683402e-76
5.004800000000000000e+04 9.623282381291683402e-76
5.017600000000000000e+04 4.220717627856723199e-76
5.030400000000000000e+04 4.220717627856723199e-76
5.043200000000000000e+04 1.133610623618548831e-76
5.056000000000000000e+04 3.066110747006326217e-77
5.068800000000000000e+04 3.066110747006326217e-77
5.081600000000000000e+04 3.066110747006326217e-77
5.094400000000000000e+04 3.066110747006326217e-77
5.107200000000000000e+04 2.139815087461765207e-77
5.120000000000000000e+04 2.139815087461765207e-77
5.132800000000000000e+04 9.299171011084167609e-78
5.145600000000000000e+04 9.299171011084167609e-78
5.158400000000000000e+04 9.299171011084167609e-78
5.171200000000000000e+04 6.024388793904450524e-78
5.184000000000000000e+04 1.031852992265143040e-79
5.196800000000000000e+04 1.031852992265143040e-79
5.209600000000000000e+04 1.031852992265143040e-79
5.222400000000000000e+04 1.031852992265143040e-79
5.235200000000000000e+04 1.031852992265143040e-79
5.248000000000000000e+04 1.031852992265143040e-79
5.260800000000000000e+04 9.711959886908050554e-80
5.273600000000000000e+04 9.711959886908050554e-80
5.286400000000000000e+04 9.711959886908050554e-80
5.299200000000000000e+04 3.958435631635352467e-80
5.312000000000000000e+04 3.958435631635352467e-80
5.324800000000000000e+04 3.958435631635352467e-80
5.337600000000000000e+04 3.224143395322114509e-80
5.350400000000000000e+04 1.205776669138555566e-80
5.363200000000000000e+04 7.167909312353455387e-81
5.376000000000000000e+04 7.296803568265057388e-82
5.388800000000000000e+04 7.296803568265057388e-82
5.401600000000000000e+04 7.296803568265057388e-82
5.414400000000000000e+04 7.296803568265057388e-82
5.427200000000000000e+04 7.296803568265057388e-82
5.440000000000000000e+04 2.474459849968206256e-82
5.452800000000000000e+04 2.474459849968206256e-82
5.465600000000000000e+04 3.783432021758177007e-83
5.478400000000000000e+04 3.783432021758177007e-83
5.491200000000000000e+04 3.783432021758177007e-83
5.504000000000000000e+04 3.380967515569483894e-83
5.516800000000000000e+04 3.380967515569483894e-83
5.529600000000000000e+04 2.641636719690849648e-84
5.542400000000000000e+04 2.641636719690849648e-84
5.555200000000000000e+04 2.641636719690849648e-84
5.568000000000000000e+04 2.641636719690849648e-84
5.580800000000000000e+04 2.641636719690849648e-84
5.593600000000000000e+04 2.641636719690849648e-84
5.606400000000000000e+04 2.641636719690849648e-84
5.619200000000000000e+04 9.036481294125515120e-85
5.632000000000000000e+04 1.799746411484137129e-85
5.644800000000000000e+04 1.799746411484137129e-85
5.657600000000000000e+04 1.799746411484137129e-85
5.670400000000000000e+04 1.799746411484137129e-85
5.683200000000000000e+04 1.072997480564906789e-85
5.696000000000000000e+04 1.072997480564906789e-85
5.708800000000000000e+04 1.072997480564906789e-85
5.721600000000000000e+04 1.072997480564906789e-85
5.734400000000000000e+04 7.799032398980617052e-86
5.747200000000000000e+04 6.209385288779857732e-86
5.760000000000000000e+04 4.250947438814662768e-86
5.772800000000000000e+04 6.373887115565434391e-87
5.785600000000000000e+04 6.373887115565434391e-87
5.798400000000000000e+04 6.373887115565434391e-87
5.811200000000000000e+04 6.373887115565434391e-87
5.824000000000000000e+04 6.373887115565434391e-87
5.836800000000000000e+04 6.373887115565434391e-87
5.849600000000000000e+04 2.492536156888913438e-88
5.862400000000000000e+04 2.492536156888913438e-88
5.875200000000000000e+04 2.492536156888913438e-88
5.888000000000000000e+04 2.492536156888913438e-88
5.900800000000000000e+04 2.492536156888913438e-88
5.913600000000000000e+04 1.820664858800229130e-88
5.926400000000000000e+04 1.093474792271612023e-88
5.939200000000000000e+04 1.532097492614239368e-89
5.952000000000000000e+04 1.532097492614239368e-89
5.964800000000000000e+04 1.532097492614239368e-89
5.977600000000000000e+04 1.182808403029966991e-89
5.990400000000000000e+04 5.137081168945992270e-90
6.003200000000000000e+04 1.413529456469027235e-90
6.016000000000000000e+04 1.413529456469027235e-90
6.028800000000000000e+04 1.413529456469027235e-90
6.041600000000000000e+04 1.264673638049081473e-90
6.054400000000000000e+04 1.264673638049081473e-90
6.067200000000000000e+04 1.147822163059251281e-90
6.080000000000000000e+04 8.634118788085554375e-91
6.092800000000000000e+04 2.069132376125617523e-91
6.105600000000000000e+04 2.069132376125617523e-91
6.118400000000000000e+04 1.518213516073458878e-91
6.131200000000000000e+04 1.371842744143852232e-91
6.144000000000000000e+04 3.941745557160273925e-93
6.156800000000000000e+04 3.941745557160273925e-93
6.169600000000000000e+04 3.941745557160273925e-93
6.182400000000000000e+04 5.537530717825733777e-94
6.195200000000000000e+04 5.537530717825733777e-94
6.208000000000000000e+04 5.537530717825733777e-94
6.220800000000000000e+04 5.537530717825733777e-94
6.233600000000000000e+04 4.386514862688717706e-94
6.246400000000000000e+04 4.386514862688717706e-94
6.259200000000000000e+04 1.963905387477448984e-94
6.272000000000000000e+04 1.963905387477448984e-94
6.284800000000000000e+04 1.963905387477448984e-94
6.297600000000000000e+04 1.963905387477448984e-94
6.310400000000000000e+04 1.963905387477448984e-94
6.323200000000000000e+04 3.755583207776039825e-95
6.336000000000000000e+04 3.755583207776039825e-95
6.348800000000000000e+04 3.755583207776039825e-95
6.361600000000000000e+04 3.755583207776039825e-95
6.374400000000000000e+04 3.755583207776039825e-95
6.387200000000000000e+04 3.755583207776039825e-95
6.400000000000000000e+04 4.391719132532608443e-96
6.412800000000000000e+04 4.391719132532608443e-96
6.425600000000000000e+04 3.613154627502698162e-96
6.438400000000000000e+04 3.422894471464324772e-97
6.451200000000000000e+04 3.422894471464324772e-97
6.464000000000000000e+04 3.422894471464324772e-97
6.476800000000000000e+04 3.422894471464324772e-97
6.489600000000000000e+04 3.422894471464324772e-97
6.502400000000000000e+04 3.422894471464324772e-97
6.515200000000000000e+04 3.422894471464324772e-97
6.528000000000000000e+04 3.422894471464324772e-97
6.540800000000000000e+04 2.734262786829630450e-99
6.553600000000000000e+04 2.734262786829630450e-99
6.566400000000000000e+04 2.734262786829630450e-99
6.579200000000000000e+04 2.734262786829630450e-99
6.592000000000000000e+04 2.734262786829630450e-99
6.604800000000000000e+04 2.734262786829630450e-99
6.617600000000000000e+04 3.869977382096332544e-100
6.630400000000000000e+04 3.869977382096332544e-100
6.643200000000000000e+04 3.869977382096332544e-100
6.656000000000000000e+04 3.869977382096332544e-100
6.668800000000000000e+04 5.895512145054890418e-101
6.681600000000000000e+04 5.895512145054890418e-101
6.694400000000000000e+04 5.895512145054890418e-101
6.707200000000000000e+04 5.895512145054890418e-101
6.720000000000000000e+04 5.895512145054890418e-101
6.732800000000000000e+04 5.895512145054890418e-101
6.745600000000000000e+04 5.895512145054890418e-101
6.758400000000000000e+04 5.895512145054890418e-101
6.771200000000000000e+04 4.549642686335416375e-101
6.784000000000000000e+04 3.792201500842828565e-101
6.796800000000000000e+04 5.970406849748671262e-102
6.809600000000000000e+04 5.970406849748671262e-102
6.822400000000000000e+04 5.970406849748671262e-102
6.835200000000000000e+04 5.970406849748671262e-102
6.848000000000000000e+04 2.550341671198714018e-102
6.860800000000000000e+04 2.550341671198714018e-102
6.873600000000000000e+04 3.182029084117684423e-104
6.886400000000000000e+04 3.182029084117684423e-104
6.899200000000000000e+04 3.182029084117684423e-104
6.912000000000000000e+04 3.182029084117684423e-104
6.924800000000000000e+04 1.285367053881386053e-105
6.937600000000000000e+04 1.285367053881386053e-105
6.950400000000000000e+04 1.285367053881386053e-105
6.963200000000000000e+04 1.285367053881386053e-105
6.976000000000000000e+04 1.285367053881386053e-105
6.988800000000000000e+04 1.285367053881386053e-105
7.001600000000000000e+04 1.285367053881386053e-105
7.014400000000000000e+04 1.285367053881386053e-105
7.027200000000000000e+04 1.285367053881386053e-105
7.040000000000000000e+04 6.439131848173607168e-106
7.052800000000000000e+04 6.439131848173607168e-106
7.065600000000000000e+04 6.439131848173607168e-106
7.078400000000000000e+04 6.439131848173607168e-106
7.091200000000000000e+04 3.050516658419813623e-106
7.104000000000000000e+04 5.076118226837970674e-107
7.116800000000000000e+04 5.076118226837970674e-107
7.129600000000000000e+04 5.076118226837970674e-107
7.142400000000000000e+04 5.076118226837970674e-107
7.155200000000000000e+04 5.076118226837970674e-107
7.168000000000000000e+04 4.992721721493370217e-107
7.180800000000000000e+04 1.847146796390263634e-107
7.193600000000000000e+04 1.069877887595107829e-107
7.206400000000000000e+04 1.069877887595107829e-107
7.219200000000000000e+04 1.069877887595107829e-107
7.232000000000000000e+04 1.069877887595107829e-107
7.244800000000000000e+04 1.433938802720412011e-108
7.257600000000000000e+04 8.574927324035499739e-109
7.270400000000000000e+04 8.574927324035499739e-109
7.283200000000000000e+04 1.321498872665854253e-110
7.296000000000000000e+04 1.321498872665854253e-110
7.308800000000000000e+04 1.321498872665854253e-110
7.321600000000000000e+04 1.321498872665854253e-110
7.334400000000000000e+04 1.321498872665854253e-110
7.347200000000000000e+04 1.156287587840433305e-111
7.360000000000000000e+04 1.156287587840433305e-111
7.372800000000000000e+04 1.156287587840433305e-111
7.385600000000000000e+04 1.156287587840433305e-111
7.398400000000000000e+04 1.156287587840433305e-111
7.411200000000000000e+04 1.156287587840433305e-111
7.424000000000000000e+04 1.156287587840433305e-111
7.436800000000000000e+04 1.156287587840433305e-111
7.449600000000000000e+04 1.156287587840433305e-111
7.462400000000000000e+04 1.156287587840433305e-111
7.475200000000000000e+04 1.156287587840433305e-111
7.488000000000000000e+04 8.328145525038503814e-112
7.500800000000000000e+04 3.011215486404131896e-112
7.513600000000000000e+04 2.988714101707713809e-112
7.526400000000000000e+04 4.742913037356092091e-113
7.539200000000000000e+04 2.246199505168560234e-113
7.552000000000000000e+04 2.246199505168560234e-113
7.564800000000000000e+04 2.246199505168560234e-113
7.577600000000000000e+04 9.115615469660311510e-114
7.590400000000000000e+04 4.817036465345602185e-114
7.603200000000000000e+04 4.817036465345602185e-114
7.616000000000000000e+04 5.358453231883869404e-115
7.628800000000000000e+04 5.358453231883869404e-115
7.641600000000000000e+04 5.358453231883869404e-115
7.654400000000000000e+04 8.283073675800977377e-117
7.667200000000000000e+04 8.283073675800977377e-117
7.680000000000000000e+04 8.283073675800977377e-117
7.692800000000000000e+04 8.283073675800977377e-117
7.705600000000000000e+04 8.283073675800977377e-117
7.718400000000000000e+04 5.559763217578724035e-117
7.731200000000000000e+04 5.559763217578724035e-117
7.744000000000000000e+04 5.559763217578724035e-117
7.756800000000000000e+04 5.559763217578724035e-117
7.769600000000000000e+04 5.559763217578724035e-117
7.782400000000000000e+04 5.559763217578724035e-117
7.795200000000000000e+04 5.827863162714088706e-118
7.808000000000000000e+04 5.320578887773515021e-118
7.820800000000000000e+04 5.320578887773515021e-118
7.833600000000000000e+04 5.320578887773515021e-118
7.846400000000000000e+04 5.320578887773515021e-118
7.859200000000000000e+04 2.107187135738316775e-118
7.872000000000000000e+04 1.074400983126729316e-119
7.884800000000000000e+04 1.074400983126729316e-119
7.897600000000000000e+04 1.074400983126729316e-119
7.910400000000000000e+04 1.048114311409381220e-119
7.923200000000000000e+04 1.048114311409381220e-119
7.936000000000000000e+04 1.048114311409381220e-119
7.948800000000000000e+04 1.048114311409381220e-119
7.961600000000000000e+04 1.048114311409381220e-119
7.974400000000000000e+04 8.840933246302585845e-120
7.987200000000000000e+04 5.177925968773445407e-120
8.000000000000000000e+04 5.177925968773445407e-120
8.012800000000000000e+04 3.691360669564789658e-120
8.025600000000000000e+04 6.130084788458561747e-121
8.038400000000000000e+04 8.057651833048395070e-122
8.051200000000000000e+04 8.057651833048395070e-122
8.064000000000000000e+04 8.057651833048395070e-122
8.076800000000000000e+04 8.057651833048395070e-122
8.089600000000000000e+04 4.043479054835457399e-122
8.102400000000000000e+04 4.043479054835457399e-122
8.115200000000000000e+04 4.043479054835457399e-122
8.128000000000000000e+04 4.043479054835457399e-122
8.140800000000000000e+04 4.634875477803903895e-123
8.153600000000000000e+04 4.634875477803903895e-123
8.166400000000000000e+04 4.634875477803903895e-123
8.179200000000000000e+04 4.634875477803903895e-123
8.192000000000000000e+04 4.634875477803903895e-123
8.204800000000000000e+04 4.634875477803903895e-123
8.217600000000000000e+04 4.634875477803903895e-123
8.230400000000000000e+04 3.587753713660787952e-123
8.243200000000000000e+04 2.668784242555065620e-123
8.256000000000000000e+04 6.843396403576384216e-124
8.268800000000000000e+04 3.934949428689126967e-124
8.281600000000000000e+04 2.047385476360492610e-124
8.294400000000000000e+04 2.047385476360492610e-124
8.307200000000000000e+04 2.047385476360492610e-124
8.320000000000000000e+04 2.047385476360492610e-124
8.332800000000000000e+04 1.586470568325034467e-124
8.345600000000000000e+04 1.159562179025622998e-125
8.358400000000000000e+04 1.159562179025622998e-125
8.371200000000000000e+04 4.295966761164539679e-126
8.384000000000000000e+04 4.295966761164539679e-126
8.396800000000000000e+04 4.295966761164539679e-126
8.409600000000000000e+04 4.295966761164539679e-126
8.422400000000000000e+04 6.058334866928796135e-127
8.435200000000000000e+04 6.058334866928796135e-127
8.448000000000000000e+04 6.058334866928796135e-127
8.460800000000000000e+04 6.058334866928796135e-127
8.473600000000000000e+04 6.058334866928796135e-127
8.486400000000000000e+04 6.058334866928796135e-127
8.499200000000000000e+04 6.058334866928796135e-127
8.512000000000000000e+04 1.193466808741099356e-127
8.524800000000000000e+04 1.088825096146608082e-127
8.537600000000000000e+04 1.088825096146608082e-127
8.550400000000000000e+04 9.251550225099738414e-129
8.563200000000000000e+04 9.251550225099738414e-129
8.576000000000000000e+04 5.235882699529557479e-129
8.588800000000000000e+04 4.904182174864736153e-129
8.601600000000000000e+04 4.904182174864736153e-129
8.614400000000000000e+04 4.904182174864736153e-129
8.627200000000000000e+04 1.498774448568716054e-129
8.640000000000000000e+04 1.498774448568716054e-129
8.652800000000000000e+04 1.498774448568716054e-129
8.665600000000000000e+04 1.447580854008564750e-129
8.678400000000000000e+04 6.662674561893857242e-130
8.691200000000000000e+04 5.427017794993048724e-132
8.704000000000000000e+04 5.427017794993048724e-132
8.716800000000000000e+04 5.427017794993048724e-132
8.729600000000000000e+04 5.427017794993048724e-132
8.742400000000000000e+04 5.427017794993048724e-132
8.755200000000000000e+04 5.427017794993048724e-132
8.768000000000000000e+04 5.427017794993048724e-132
8.780800000000000000e+04 5.427017794993048724e-132
8.793600000000000000e+04 5.427017794993048724e-132
8.806400000000000000e+04 5.427017794993048724e-132
8.819200000000000000e+04 5.427017794993048724e-132
8.832000000000000000e+04 1.428098933108698132e-132
8.844800000000000000e+04 3.000664688361081600e-134
8.857600000000000000e+04 3.000664688361081600e-134
8.870400000000000000e+04 3.000664688361081600e-134
8.883200000000000000e+04 3.000664688361081600e-134
8.896000000000000000e+04 3.000664688361081600e-134
8.908800000000000000e+04 3.000664688361081600e-134
8.921600000000000000e+04 3.000664688361081600e-134
8.934400000000000000e+04 3.000664688361081600e-134
8.947200000000000000e+04 3.000664688361081600e-134
8.960000000000000000e+04 3.000664688361081600e-134
8.972800000000000000e+04 1.136469066009805192e-134
8.985600000000000000e+04 1.136469066009805192e-134
8.998400000000000000e+04 1.136469066009805192e-134
9.011200000000000000e+04 4.928828989043889553e-135
9.024000000000000000e+04 4.928828989043889553e-135
9.036800000000000000e+04 3.406875814003576365e-135
9.049600000000000000e+04 3.406875814003576365e-135
9.062400000000000000e+04 1.700292859078999116e-135
9.075200000000000000e+04 5.973613475759509656e-137
9.088000000000000000e+04 5.973613475759509656e-137
9.100800000000000000e+04 5.973613475759509656e-137
9.113600000000000000e+04 5.973613475759509656e-137
9.126400000000000000e+04 5.973613475759509656e-137
9.139200000000000000e+04 5.973613475759509656e-137
9.152000000000000000e+04 1.332512455771257135e-137
9.164800000000000000e+04 1.332512455771257135e-137
9.177600000000000000e+04 1.332512455771257135e-137
9.190400000000000000e+04 1.332512455771257135e-137
9.203200000000000000e+04 1.332512455771257135e-137
9.216000000000000000e+04 1.332512455771257135e-137
9.228800000000000000e+04 2.336480978400988534e-138
9.241600000000000000e+04 2.336480978400988534e-138
9.254400000000000000e+04 2.336480978400988534e-138
9.267200000000000000e+04 1.192193015313135332e-138
9.280000000000000000e+04 1.192193015313135332e-138
9.292800000000000000e+04 4.374237655039134643e-139
9.305600000000000000e+04 1.202781547279521116e-139
9.318400000000000000e+04 1.202781547279521116e-139
9.331200000000000000e+04 1.202781547279521116e-139
9.344000000000000000e+04 1.202781547279521116e-139
9.356800000000000000e+04 8.964215922464262452e-141
9.369600000000000000e+04 3.552927719445524506e-141
9.382400000000000000e+04 3.552927719445524506e-141
9.395200000000000000e+04 3.552927719445524506e-141
9.408000000000000000e+04 1.751472340739612229e-141
9.420800000000000000e+04 1.751472340739612229e-141
9.433600000000000000e+04 1.751472340739612229e-141
9.446400000000000000e+04 1.751472340739612229e-141
9.459200000000000000e+04 1.751472340739612229e-141
9.472000000000000000e+04 9.869585273848604051e-142
9.484800000000000000e+04 9.869585273848604051e-142
9.497600000000000000e+04 6.420586406942991972e-142
9.510400000000000000e+04 6.420586406942991972e-142
9.523200000000000000e+04 4.916155479370743366e-142
9.536000000000000000e+04 4.916155479370743366e-142
9.548800000000000000e+04 1.103403714530141156e-142
9.561600000000000000e+04 1.103403714530141156e-142
9.574400000000000000e+04 2.423105185390041350e-143
9.587200000000000000e+04 2.423105185390041350e-143
9.600000000000000000e+04 2.423105185390041350e-143
9.612800000000000000e+04 2.160212201554885621e-143
9.625600000000000000e+04 2.160212201554885621e-143
9.638400000000000000e+04 4.276468899970921319e-144
9.651200000000000000e+04 4.276468899970921319e-144
9.664000000000000000e+04 4.276468899970921319e-144
9.676800000000000000e+04 5.548471724612707489e-145
9.689600000000000000e+04 5.548471724612707489e-145
9.702400000000000000e+04 5.548471724612707489e-145
9.715200000000000000e+04 1.440877650990637068e-145
9.728000000000000000e+04 9.420517320236206568e-146
9.740800000000000000e+04 9.420517320236206568e-146
9.753600000000000000e+04 6.973736929978133367e-147
9.766400000000000000e+04 6.973736929978133367e-147
9.779200000000000000e+04 6.973736929978133367e-147
9.792000000000000000e+04 5.418537883760511732e-147
9.804800000000000000e+04 5.418537883760511732e-147
9.817600000000000000e+04 5.418537883760511732e-147
9.830400000000000000e+04 5.418537883760511732e-147
9.843200000000000000e+04 5.418537883760511732e-147
9.856000000000000000e+04 1.977445267796920334e-147
9.868800000000000000e+04 1.977445267796920334e-147
9.881600000000000000e+04 1.977445267796920334e-147
9.894400000000000000e+04 1.394350520081277054e-148
9.907200000000000000e+04 1.394350520081277054e-148
9.920000000000000000e+04 1.394350520081277054e-148
9.932800000000000000e+04 1.394350520081277054e-148
9.945600000000000000e+04 1.394350520081277054e-148
9.958400000000000000e+04 1.394350520081277054e-148
9.971200000000000000e+04 1.394350520081277054e-148
9.984000000000000000e+04 3.645104774563818183e-149
9.996800000000000000e+04 3.645104774563818183e-149
1.000960000000000000e+05 3.645104774563818183e-149
