5.120000000000000000e+02 8.030887859955748720e-02
1.024000000000000000e+03 1.665001726451754288e-02
1.536000000000000000e+03 1.665001726451754288e-02
2.048000000000000000e+03 1.665001726451754288e-02
2.560000000000000000e+03 5.439764420695025401e-03
3.072000000000000000e+03 3.259460518700782461e-03
3.584000000000000000e+03 3.259460518700782461e-03
4.096000000000000000e+03 3.259460518700782461e-03
4.608000000000000000e+03 3.259460518700782461e-03
5.120000000000000000e+03 8.947871098345123314e-04
5.632000000000000000e+03 5.282015089516852195e-04
6.144000000000000000e+03 3.692668053858094062e-04
6.656000000000000000e+03 3.561091374349281994e-04
7.168000000000000000e+03 3.561091374349281994e-04
7.680000000000000000e+03 3.561091374349281994e-04
8.192000000000000000e+03 3.561091374349281994e-04
8.704000000000000000e+03 1.596312836865793039e-04
9.216000000000000000e+03 7.394799082747035212e-05
9.728000000000000000e+03 5.839507442440396921e-05
1.024000000000000000e+04 5.839507442440396921e-05
1.075200000000000000e+04 9.843029906253748511e-06
1.126400000000000000e+04 9.843029906253748511e-06
1.177600000000000000e+04 9.843029906253748511e-06
1.228800000000000000e+04 7.102455058160987505e-06
1.280000000000000000e+04 5.906655463746557514e-06
1.331200000000000000e+04 4.025386768818001737e-07
1.382400000000000000e+04 4.025386768818001737e-07
1.433600000000000000e+04 4.025386768818001737e-07
1.484800000000000000e+04 1.437642355462206789e-08
1.536000000000000000e+04 1.437642355462206789e-08
1.587200000000000000e+04 1.437642355462206789e-08
1.638400000000000000e+04 1.437642355462206789e-08
1.689600000000000000e+04 1.437642355462206789e-08
1.740800000000000000e+04 1.437642355462206789e-08
1.792000000000000000e+04 1.437642355462206789e-08
1.843200000000000000e+04 1.437642355462206789e-08
1.894400000000000000e+04 1.437642355462206789e-08
1.945600000000000000e+04 1.437642355462206789e-08
1.996800000000000000e+04 1.355764056053126496e-08
2.048000000000000000e+04 1.010377285347282705e-08
2.099200000000000000e+04 1.744344385180553456e-09
2.150400000000000000e+04 1.492151184680903361e-09
2.201600000000000000e+04 1.678318939430840268e-10
2.252800000000000000e+04 1.678318939430840268e-10
2.304000000000000000e+04 1.678318939430840268e-10
2.355200000000000000e+04 1.678318939430840268e-10
2.406400000000000000e+04 9.861165262516632396e-11
2.457600000000000000e+04 9.861165262516632396e-11
2.508800000000000000e+04 9.861165262516632396e-11
2.560000000000000000e+04 4.619214520077804261e-11
2.611200000000000000e+04 1.652452556300092524e-11
2.662400000000000000e+04 1.652452556300092524e-11
2.713600000000000000e+04 1.209901669053717657e-11
2.764800000000000000e+04 1.067203689502378328e-11
2.816000000000000000e+04 1.985248304268625642e-12
2.867200000000000000e+04 1.985248304268625642e-12
2.918400000000000000e+04 2.766006872627028605e-13
2.969600000000000000e+04 2.766006872627028605e-13
3.020800000000000000e+04 2.208589149267399566e-14
3.072000000000000000e+04 2.208589149267399566e-14
3.123200000000000000e+04 2.208589149267399566e-14
3.174400000000000000e+04 2.208589149267399566e-14
3.225600000000000000e+04 2.208589149267399566e-14
3.276800000000000000e+04 2.208589149267399566e-14
3.328000000000000000e+04 2.208589149267399566e-14
3.379200000000000000e+04 2.208589149267399566e-14
3.430400000000000000e+04 2.208589149267399566e-14
3.481600000000000000e+04 1.310547084943520417e-14
3.532800000000000000e+04 1.310547084943520417e-14
3.584000000000000000e+04 1.310547084943520417e-14
3.635200000000000000e+04 9.089377854201657959e-16
3.686400000000000000e+04 9.089377854201657959e-16
3.737600000000000000e+04 9.089377854201657959e-16
3.788800000000000000e+04 9.089377854201657959e-16
3.840000000000000000e+04 9.089377854201657959e-16
3.891200000000000000e+04 5.187055828418263560e-16
3.942400000000000000e+04 2.005115885406354412e-16
3.993600000000000000e+04 3.642623353227335599e-17
4.044800000000000000e+04 3.642623353227335599e-17
4.096000000000000000e+04 3.642623353227335599e-17
4.147200000000000000e+04 1.054082679831178223e-17
4.198400000000000000e+04 1.054082679831178223e-17
4.249600000000000000e+04 1.054082679831178223e-17
4.300800000000000000e+04 1.054082679831178223e-17
4.352000000000000000e+04 1.054082679831178223e-17
4.403200000000000000e+04 1.054082679831178223e-17
4.454400000000000000e+04 7.991912918474983921e-19
4.505600000000000000e+04 7.991912918474983921e-19
4.556800000000000000e+04 5.025789346755256150e-19
4.608000000000000000e+04 5.025789346755256150e-19
4.659200000000000000e+04 5.025789346755256150e-19
4.710400000000000000e+04 5.025789346755256150e-19
4.761600000000000000e+04 4.519650251614663395e-19
4.812800000000000000e+04 4.519650251614663395e-19
4.864000000000000000e+04 1.727809290320545335e-19
4.915200000000000000e+04 1.003330262671356355e-20
4.966400000000000000e+04 5.216994741677793220e-21
5.017600000000000000e+04 5.216994741677793220e-21
5.068800000000000000e+04 5.216994741677793220e-21
5.120000000000000000e+04 5.216994741677793220e-21
5.171200000000000000e+04 5.216994741677793220e-21
5.222400000000000000e+04 2.752559185407879635e-21
5.273600000000000000e+04 1.176479495942421315e-21
5.324800000000000000e+04 1.176479495942421315e-21
5.376000000000000000e+04 1.176479495942421315e-21
5.427200000000000000e+04 8.576275115737635763e-22
5.478400000000000000e+04 8.576275115737635763e-22
5.529600000000000000e+04 2.315642375390013948e-24
5.580800000000000000e+04 2.315642375390013948e-24
5.632000000000000000e+04 2.315642375390013948e-24
5.683200000000000000e+04 2.315642375390013948e-24
5.734400000000000000e+04 2.315642375390013948e-24
5.785600000000000000e+04 2.315642375390013948e-24
5.836800000000000000e+04 2.315642375390013948e-24
5.888000000000000000e+04 4.305776649970145619e-25
5.939200000000000000e+04 4.305776649970145619e-25
5.990400000000000000e+04 4.305776649970145619e-25
6.041600000000000000e+04 4.305776649970145619e-25
6.092800000000000000e+04 4.305776649970145619e-25
6.144000000000000000e+04 4.305776649970145619e-25
6.195200000000000000e+04 4.305776649970145619e-25
6.246400000000000000e+04 4.305776649970145619e-25
6.297600000000000000e+04 4.305776649970145619e-25
6.348800000000000000e+04 8.505016786375360965e-26
6.400000000000000000e+04 3.992369916554939660e-26
6.451200000000000000e+04 3.652281545429838012e-26
6.502400000000000000e+04 3.652281545429838012e-26
6.553600000000000000e+04 3.652281545429838012e-26
6.604800000000000000e+04 1.047421666672564949e-26
6.656000000000000000e+04 1.047421666672564949e-26
6.707200000000000000e+04 6.199454057853800793e-27
6.758400000000000000e+04 1.876740850579421874e-27
6.809600000000000000e+04 1.876740850579421874e-27
6.860800000000000000e+04 1.876740850579421874e-27
6.912000000000000000e+04 1.876740850579421874e-27
6.963200000000000000e+04 2.382398424022491011e-28
7.014400000000000000e+04 2.382398424022491011e-28
7.065600000000000000e+04 2.382398424022491011e-28
7.116800000000000000e+04 2.382398424022491011e-28
7.168000000000000000e+04 2.382398424022491011e-28
7.219200000000000000e+04 2.382398424022491011e-28
7.270400000000000000e+04 2.382398424022491011e-28
7.321600000000000000e+04 5.524623750532649433e-29
7.372800000000000000e+04 5.524623750532649433e-29
7.424000000000000000e+04 8.756001187659202092e-32
7.475200000000000000e+04 8.756001187659202092e-32
7.526400000000000000e+04 8.756001187659202092e-32
7.577600000000000000e+04 8.756001187659202092e-32
7.628800000000000000e+04 8.756001187659202092e-32
7.680000000000000000e+04 8.756001187659202092e-32
7.731200000000000000e+04 8.756001187659202092e-32
7.782400000000000000e+04 8.756001187659202092e-32
7.833600000000000000e+04 8.756001187659202092e-32
7.884800000000000000e+04 8.756001187659202092e-32
7.936000000000000000e+04 8.756001187659202092e-32
7.987200000000000000e+04 8.756001187659202092e-32
8.038400000000000000e+04 8.756001187659202092e-32
8.089600000000000000e+04 8.756001187659202092e-32
8.140800000000000000e+04 8.756001187659202092e-32
8.192000000000000000e+04 1.705916020568386548e-32
8.243200000000000000e+04 1.705916020568386548e-32
8.294400000000000000e+04 1.705916020568386548e-32
8.345600000000000000e+04 1.705916020568386548e-32
8.396800000000000000e+04 1.311259911929080014e-32
8.448000000000000000e+04 1.311259911929080014e-32
8.499200000000000000e+04 1.311259911929080014e-32
8.550400000000000000e+04 1.311259911929080014e-32
8.601600000000000000e+04 1.311259911929080014e-32
8.652800000000000000e+04 3.615205359539141759e-34
8.704000000000000000e+04 3.615205359539141759e-34
8.755200000000000000e+04 3.615205359539141759e-34
8.806400000000000000e+04 3.615205359539141759e-34
8.857600000000000000e+04 3.615205359539141759e-34
8.908800000000000000e+04 3.615205359539141759e-34
8.960000000000000000e+04 1.853976350505374556e-34
9.011200000000000000e+04 1.853976350505374556e-34
9.062400000000000000e+04 3.799616272273834921e-35
9.113600000000000000e+04 3.799616272273834921e-35
9.164800000000000000e+04 3.799616272273834921e-35
9.216000000000000000e+04 3.799616272273834921e-35
9.267200000000000000e+04 3.464200537789157721e-35
9.318400000000000000e+04 3.464200537789157721e-35
9.369600000000000000e+04 1.003151793313662610e-35
9.420800000000000000e+04 3.013821298564701047e-36
9.472000000000000000e+04 3.013821298564701047e-36
9.523200000000000000e+04 3.013821298564701047e-36
9.574400000000000000e+04 5.194914837591211001e-37
9.625600000000000000e+04 5.194914837591211001e-37
9.676800000000000000e+04 5.194914837591211001e-37
9.728000000000000000e+04 8.314382521623778175e-38
9.779200000000000000e+04 8.314382521623778175e-38
9.830400000000000000e+04 8.314382521623778175e-38
9.881600000000000000e+04 1.385268111330651818e-38
9.932800000000000000e+04 1.385268111330651818e-38
9.984000000000000000e+04 1.385268111330651818e-38
1.003520000000000000e+05 1.385268111330651818e-38
