5.120000000000000000e+02 1.789113588180068604e+00
1.024000000000000000e+03 1.789113588180068604e+00
1.536000000000000000e+03 1.559998414189837312e+00
2.048000000000000000e+03 1.559998414189837312e+00
2.560000000000000000e+03 1.559998414189837312e+00
3.072000000000000000e+03 6.761598999735490834e-02
3.584000000000000000e+03 6.761598999735490834e-02
4.096000000000000000e+03 6.761598999735490834e-02
4.608000000000000000e+03 6.761598999735490834e-02
5.120000000000000000e+03 6.761598999735490834e-02
5.632000000000000000e+03 6.761598999735490834e-02
6.144000000000000000e+03 6.761598999735490834e-02
6.656000000000000000e+03 6.761598999735490834e-02
7.168000000000000000e+03 6.761598999735490834e-02
7.680000000000000000e+03 6.761598999735490834e-02
8.192000000000000000e+03 6.761598999735490834e-02
8.704000000000000000e+03 3.350640446041187187e-02
9.216000000000000000e+03 3.350640446041187187e-02
9.728000000000000000e+03 3.350640446041187187e-02
1.024000000000000000e+04 3.350640446041187187e-02
1.075200000000000000e+04 3.350640446041187187e-02
1.126400000000000000e+04 3.350640446041187187e-02
1.177600000000000000e+04 3.350640446041187187e-02
1.228800000000000000e+04 3.350640446041187187e-02
1.280000000000000000e+04 8.343692615717886174e-03
1.331200000000000000e+04 8.343692615717886174e-03
1.382400000000000000e+04 4.563679034909978727e-03
1.433600000000000000e+04 4.563679034909978727e-03
1.484800000000000000e+04 4.563679034909978727e-03
1.536000000000000000e+04 4.563679034909978727e-03
1.587200000000000000e+04 4.563679034909978727e-03
1.638400000000000000e+04 4.563679034909978727e-03
1.689600000000000000e+04 4.563679034909978727e-03
1.740800000000000000e+04 4.563679034909978727e-03
1.792000000000000000e+04 4.563679034909978727e-03
1.843200000000000000e+04 4.563679034909978727e-03
1.894400000000000000e+04 4.563679034909978727e-03
1.945600000000000000e+04 4.563679034909978727e-03
1.996800000000000000e+04 4.563679034909978727e-03
2.048000000000000000e+04 4.563679034909978727e-03
2.099200000000000000e+04 4.563679034909978727e-03
2.150400000000000000e+04 4.563679034909978727e-03
2.201600000000000000e+04 2.158849257701758381e-03
2.252800000000000000e+04 2.158849257701758381e-03
2.304000000000000000e+04 1.363721620872411456e-04
2.355200000000000000e+04 1.363721620872411456e-04
2.406400000000000000e+04 1.363721620872411456e-04
2.457600000000000000e+04 1.363721620872411456e-04
2.508800000000000000e+04 1.363721620872411456e-04
2.560000000000000000e+04 5.918156130702059275e-05
2.611200000000000000e+04 5.918156130702059275e-05
2.662400000000000000e+04 5.918156130702059275e-05
2.713600000000000000e+04 5.918156130702059275e-05
2.764800000000000000e+04 5.302166857521266129e-05
2.816000000000000000e+04 5.302166857521266129e-05
2.867200000000000000e+04 5.302166857521266129e-05
2.918400000000000000e+04 2.915648030893838418e-05
2.969600000000000000e+04 2.035109648130987864e-05
3.020800000000000000e+04 2.035109648130987864e-05
3.072000000000000000e+04 1.105753806657862539e-05
3.123200000000000000e+04 3.852636994504796711e-07
3.174400000000000000e+04 3.852636994504796711e-07
3.225600000000000000e+04 3.852636994504796711e-07
3.276800000000000000e+04 3.852636994504796711e-07
3.328000000000000000e+04 3.852636994504796711e-07
3.379200000000000000e+04 3.852636994504796711e-07
3.430400000000000000e+04 3.852636994504796711e-07
3.481600000000000000e+04 3.852636994504796711e-07
3.532800000000000000e+04 3.852636994504796711e-07
3.584000000000000000e+04 1.793895024586435523e-07
3.635200000000000000e+04 1.392431451563543095e-07
3.686400000000000000e+04 1.392431451563543095e-07
3.737600000000000000e+04 2.617635876835706676e-08
3.788800000000000000e+04 2.617635876835706676e-08
3.840000000000000000e+04 2.617635876835706676e-08
3.891200000000000000e+04 2.653850892545807077e-10
3.942400000000000000e+04 2.653850892545807077e-10
3.993600000000000000e+04 2.653850892545807077e-10
4.044800000000000000e+04 2.653850892545807077e-10
4.096000000000000000e+04 5.125781209450835243e-12
4.147200000000000000e+04 5.125781209450835243e-12
4.198400000000000000e+04 5.125781209450835243e-12
4.249600000000000000e+04 5.125781209450835243e-12
4.300800000000000000e+04 5.125781209450835243e-12
4.352000000000000000e+04 5.125781209450835243e-12
4.403200000000000000e+04 5.125781209450835243e-12
4.454400000000000000e+04 5.125781209450835243e-12
4.505600000000000000e+04 5.125781209450835243e-12
4.556800000000000000e+04 5.125781209450835243e-12
4.608000000000000000e+04 5.125781209450835243e-12
4.659200000000000000e+04 5.125781209450835243e-12
4.710400000000000000e+04 5.125781209450835243e-12
4.761600000000000000e+04 5.125781209450835243e-12
4.812800000000000000e+04 5.125781209450835243e-12
4.864000000000000000e+04 2.118938291932818168e-12
4.915200000000000000e+04 2.118938291932818168e-12
4.966400000000000000e+04 2.037143055582426359e-12
5.017600000000000000e+04 2.037143055582426359e-12
5.068800000000000000e+04 2.037143055582426359e-12
5.120000000000000000e+04 2.037143055582426359e-12
5.171200000000000000e+04 2.037143055582426359e-12
5.222400000000000000e+04 2.037143055582426359e-12
5.273600000000000000e+04 1.449279585467873532e-12
5.324800000000000000e+04 5.297946797511330625e-13
5.376000000000000000e+04 5.297946797511330625e-13
5.427200000000000000e+04 5.297946797511330625e-13
5.478400000000000000e+04 1.037276514309462593e-13
5.529600000000000000e+04 1.037276514309462593e-13
5.580800000000000000e+04 4.204560231298014559e-14
5.632000000000000000e+04 2.955715181145962218e-14
5.683200000000000000e+04 1.500670036592323922e-14
5.734400000000000000e+04 1.500670036592323922e-14
5.785600000000000000e+04 1.500670036592323922e-14
5.836800000000000000e+04 1.500670036592323922e-14
5.888000000000000000e+04 1.500670036592323922e-14
5.939200000000000000e+04 1.121189026938024641e-14
5.990400000000000000e+04 4.424994040808748293e-15
6.041600000000000000e+04 1.120461804360234731e-15
6.092800000000000000e+04 1.120461804360234731e-15
6.144000000000000000e+04 3.643606398553885347e-16
6.195200000000000000e+04 3.500893894900356874e-17
6.246400000000000000e+04 3.500893894900356874e-17
6.297600000000000000e+04 3.500893894900356874e-17
6.348800000000000000e+04 3.500893894900356874e-17
6.400000000000000000e+04 3.500893894900356874e-17
6.451200000000000000e+04 3.500893894900356874e-17
6.502400000000000000e+04 3.500893894900356874e-17
6.553600000000000000e+04 3.500893894900356874e-17
6.604800000000000000e+04 2.781159492370128554e-17
6.656000000000000000e+04 2.781159492370128554e-17
6.707200000000000000e+04 9.083125807231524312e-18
6.758400000000000000e+04 8.496468128802911003e-19
6.809600000000000000e+04 8.496468128802911003e-19
6.860800000000000000e+04 8.496468128802911003e-19
6.912000000000000000e+04 8.496468128802911003e-19
6.963200000000000000e+04 8.496468128802911003e-19
7.014400000000000000e+04 8.496468128802911003e-19
7.065600000000000000e+04 4.708966789900762346e-19
7.116800000000000000e+04 4.708966789900762346e-19
7.168000000000000000e+04 4.708966789900762346e-19
7.219200000000000000e+04 4.708966789900762346e-19
7.270400000000000000e+04 6.868064844870310219e-20
7.321600000000000000e+04 6.868064844870310219e-20
7.372800000000000000e+04 6.868064844870310219e-20
7.424000000000000000e+04 6.868064844870310219e-20
7.475200000000000000e+04 1.231187089940443295e-20
7.526400000000000000e+04 5.878306962479170144e-21
7.577600000000000000e+04 5.878306962479170144e-21
7.628800000000000000e+04 5.878306962479170144e-21
7.680000000000000000e+04 7.397545714340893752e-22
7.731200000000000000e+04 7.397545714340893752e-22
7.782400000000000000e+04 7.397545714340893752e-22
7.833600000000000000e+04 7.397545714340893752e-22
7.884800000000000000e+04 7.397545714340893752e-22
7.936000000000000000e+04 4.952140740931314893e-22
7.987200000000000000e+04 4.952140740931314893e-22
8.038400000000000000e+04 4.952140740931314893e-22
8.089600000000000000e+04 4.952140740931314893e-22
8.140800000000000000e+04 2.612222850999963193e-22
8.192000000000000000e+04 2.612222850999963193e-22
8.243200000000000000e+04 9.337079262313293575e-23
8.294400000000000000e+04 2.027805350977386985e-23
8.345600000000000000e+04 2.027805350977386985e-23
8.396800000000000000e+04 2.027805350977386985e-23
8.448000000000000000e+04 2.644679061719693487e-24
8.499200000000000000e+04 2.306336225039948913e-24
8.550400000000000000e+04 2.306336225039948913e-24
8.601600000000000000e+04 2.018001302598233906e-24
8.652800000000000000e+04 2.018001302598233906e-24
8.704000000000000000e+04 3.604690661943680386e-25
8.755200000000000000e+04 3.604690661943680386e-25
8.806400000000000000e+04 3.604690661943680386e-25
8.857600000000000000e+04 3.604690661943680386e-25
8.908800000000000000e+04 3.604690661943680386e-25
8.960000000000000000e+04 8.977680835674301165e-27
9.011200000000000000e+04 8.977680835674301165e-27
9.062400000000000000e+04 8.977680835674301165e-27
9.113600000000000000e+04 8.977680835674301165e-27
9.164800000000000000e+04 8.977680835674301165e-27
9.216000000000000000e+04 8.977680835674301165e-27
9.267200000000000000e+04 3.594444714639540291e-27
9.318400000000000000e+04 3.594444714639540291e-27
9.369600000000000000e+04 3.594444714639540291e-27
9.420800000000000000e+04 3.594444714639540291e-27
9.472000000000000000e+04 3.594444714639540291e-27
9.523200000000000000e+04 3.462409120628173440e-27
9.574400000000000000e+04 3.462409120628173440e-27
9.625600000000000000e+04 4.190823558986625216e-28
9.676800000000000000e+04 4.190823558986625216e-28
9.728000000000000000e+04 4.190823558986625216e-28
9.779200000000000000e+04 2.936534719685216446e-28
9.830400000000000000e+04 2.936534719685216446e-28
9.881600000000000000e+04 2.936534719685216446e-28
9.932800000000000000e+04 1.232595164407830946e-30
9.984000000000000000e+04 1.232595164407830946e-30
1.003520000000000000e+05 1.232595164407830946e-30
