1.280000000000000000e+02 2.162315227061245571e-01
2.560000000000000000e+02 2.162315227061245571e-01
3.840000000000000000e+02 2.162315227061245571e-01
5.120000000000000000e+02 2.162315227061245571e-01
6.400000000000000000e+02 1.750820815267329356e-01
7.680000000000000000e+02 4.901788819973883216e-02
8.960000000000000000e+02 1.466041674129787108e-02
1.024000000000000000e+03 1.466041674129787108e-02
1.152000000000000000e+03 1.466041674129787108e-02
1.280000000000000000e+03 3.320920101076036638e-03
1.408000000000000000e+03 3.320920101076036638e-03
1.536000000000000000e+03 3.320920101076036638e-03
1.664000000000000000e+03 3.320920101076036638e-03
1.792000000000000000e+03 3.319866340748184753e-03
1.920000000000000000e+03 3.872520369759136351e-04
2.048000000000000000e+03 3.872520369759136351e-04
2.176000000000000000e+03 3.872520369759136351e-04
2.304000000000000000e+03 3.872520369759136351e-04
2.432000000000000000e+03 3.871038639023303930e-04
2.560000000000000000e+03 1.338232622353057182e-04
2.688000000000000000e+03 1.338232622353057182e-04
2.816000000000000000e+03 8.753587642006370061e-05
2.944000000000000000e+03 7.617380061479894836e-05
3.072000000000000000e+03 1.495856224666753298e-05
3.200000000000000000e+03 1.495856224666753298e-05
3.328000000000000000e+03 1.495856224666753298e-05
3.456000000000000000e+03 4.836012477993300499e-06
3.584000000000000000e+03 4.836012477993300499e-06
3.712000000000000000e+03 4.836012477993300499e-06
3.840000000000000000e+03 4.836012477993300499e-06
3.968000000000000000e+03 7.360017847181034542e-07
4.096000000000000000e+03 7.360017847181034542e-07
4.224000000000000000e+03 7.360017847181034542e-07
4.352000000000000000e+03 2.213874692703917927e-07
4.480000000000000000e+03 2.213874692703917927e-07
4.608000000000000000e+03 2.213874692703917927e-07
4.736000000000000000e+03 2.213874692703917927e-07
4.864000000000000000e+03 2.213874692703917927e-07
4.992000000000000000e+03 6.607926876123677989e-08
5.120000000000000000e+03 6.607926876123677989e-08
5.248000000000000000e+03 6.607926876123677989e-08
5.376000000000000000e+03 3.894095167325530253e-08
5.504000000000000000e+03 3.894095167325530253e-08
5.632000000000000000e+03 2.670262903142961922e-08
5.760000000000000000e+03 2.670262903142961922e-08
5.888000000000000000e+03 5.720018020643150847e-10
6.016000000000000000e+03 5.720018020643150847e-10
6.144000000000000000e+03 5.720018020643150847e-10
6.272000000000000000e+03 5.720018020643150847e-10
6.400000000000000000e+03 5.720018020643150847e-10
6.528000000000000000e+03 2.156106757940596039e-10
6.656000000000000000e+03 2.156106757940596039e-10
6.784000000000000000e+03 1.046698606417832475e-10
6.912000000000000000e+03 1.046698606417832475e-10
7.040000000000000000e+03 3.230489437228415258e-11
7.168000000000000000e+03 1.350485760126347446e-11
7.296000000000000000e+03 1.350485760126347446e-11
7.424000000000000000e+03 1.350485760126347446e-11
7.552000000000000000e+03 1.350485760126347446e-11
7.680000000000000000e+03 2.740220214847421784e-12
7.808000000000000000e+03 2.740220214847421784e-12
7.936000000000000000e+03 2.740220214847421784e-12
8.064000000000000000e+03 2.166486708363164957e-13
8.192000000000000000e+03 2.166486708363164957e-13
8.320000000000000000e+03 2.166486708363164957e-13
8.448000000000000000e+03 2.166486708363164957e-13
8.576000000000000000e+03 2.166486708363164957e-13
8.704000000000000000e+03 2.166486708363164957e-13
8.832000000000000000e+03 2.166486708363164957e-13
8.960000000000000000e+03 2.166486708363164957e-13
9.088000000000000000e+03 2.166486708363164957e-13
9.216000000000000000e+03 2.891354705034445885e-15
9.344000000000000000e+03 2.891354705034445885e-15
9.472000000000000000e+03 2.891354705034445885e-15
9.600000000000000000e+03 2.891354705034445885e-15
9.728000000000000000e+03 2.891354705034445885e-15
9.856000000000000000e+03 2.891354705034445885e-15
9.984000000000000000e+03 2.891354705034445885e-15
1.011200000000000000e+04 6.842527041123956070e-17
1.024000000000000000e+04 6.842527041123956070e-17
1.036800000000000000e+04 6.842527041123956070e-17
1.049600000000000000e+04 3.339631714544500085e-17
1.062400000000000000e+04 3.339631714544500085e-17
1.075200000000000000e+04 3.339631714544500085e-17
1.088000000000000000e+04 3.339631714544500085e-17
1.100800000000000000e+04 3.339631714544500085e-17
1.113600000000000000e+04 3.339631714544500085e-17
1.126400000000000000e+04 1.048099591213829974e-17
1.139200000000000000e+04 1.048099591213829974e-17
1.152000000000000000e+04 1.048099591213829974e-17
1.164800000000000000e+04 9.166333840354991392e-18
1.177600000000000000e+04 9.166333840354991392e-18
1.190400000000000000e+04 9.166333840354991392e-18
1.203200000000000000e+04 9.166333840354991392e-18
1.216000000000000000e+04 3.298672578911675309e-18
1.228800000000000000e+04 1.505399087944911176e-18
1.241600000000000000e+04 1.505399087944911176e-18
1.254400000000000000e+04 9.760714874578174592e-19
1.267200000000000000e+04 4.715495280105926528e-20
1.280000000000000000e+04 4.715495280105926528e-20
1.292800000000000000e+04 4.715495280105926528e-20
1.305600000000000000e+04 4.715495280105926528e-20
1.318400000000000000e+04 4.715495280105926528e-20
1.331200000000000000e+04 4.715495280105926528e-20
1.344000000000000000e+04 1.336510100074188746e-21
1.356800000000000000e+04 1.336510100074188746e-21
1.369600000000000000e+04 1.336510100074188746e-21
1.382400000000000000e+04 1.336510100074188746e-21
1.395200000000000000e+04 1.336510100074188746e-21
1.408000000000000000e+04 1.336510100074188746e-21
1.420800000000000000e+04 9.684819750904090574e-22
1.433600000000000000e+04 9.684819750904090574e-22
1.446400000000000000e+04 2.907262098183648666e-22
1.459200000000000000e+04 2.907262098183648666e-22
1.472000000000000000e+04 2.907262098183648666e-22
1.484800000000000000e+04 2.907262098183648666e-22
1.497600000000000000e+04 4.865568556246595423e-23
1.510400000000000000e+04 4.865568556246595423e-23
1.523200000000000000e+04 4.865568556246595423e-23
1.536000000000000000e+04 4.865568556246595423e-23
1.548800000000000000e+04 4.865568556246595423e-23
1.561600000000000000e+04 2.459308995654335868e-24
1.574400000000000000e+04 2.459308995654335868e-24
1.587200000000000000e+04 2.459308995654335868e-24
1.600000000000000000e+04 3.914149625622941924e-25
1.612800000000000000e+04 3.914149625622941924e-25
1.625600000000000000e+04 3.914149625622941924e-25
1.638400000000000000e+04 3.914149625622941924e-25
1.651200000000000000e+04 1.213108556571310604e-25
1.664000000000000000e+04 1.213108556571310604e-25
1.676800000000000000e+04 1.213108556571310604e-25
1.689600000000000000e+04 1.213108556571310604e-25
1.702400000000000000e+04 2.606814383391070354e-26
1.715200000000000000e+04 9.988976592425539710e-27
1.728000000000000000e+04 9.988976592425539710e-27
1.740800000000000000e+04 9.988976592425539710e-27
1.753600000000000000e+04 9.988976592425539710e-27
1.766400000000000000e+04 9.988976592425539710e-27
1.779200000000000000e+04 1.868828047730047724e-28
1.792000000000000000e+04 1.868828047730047724e-28
1.804800000000000000e+04 1.868828047730047724e-28
1.817600000000000000e+04 1.868828047730047724e-28
1.830400000000000000e+04 1.868828047730047724e-28
1.843200000000000000e+04 1.868828047730047724e-28
1.856000000000000000e+04 1.868828047730047724e-28
1.868800000000000000e+04 1.589868225299503695e-28
1.881600000000000000e+04 2.335551431210098877e-29
1.894400000000000000e+04 2.335551431210098877e-29
1.907200000000000000e+04 2.335551431210098877e-29
1.920000000000000000e+04 2.335551431210098877e-29
1.932800000000000000e+04 2.335551431210098877e-29
1.945600000000000000e+04 2.335551431210098877e-29
1.958400000000000000e+04 1.656096856451682292e-29
1.971200000000000000e+04 9.814904189778523324e-30
1.984000000000000000e+04 5.903570436631650981e-30
1.996800000000000000e+04 5.903570436631650981e-30
2.009600000000000000e+04 2.439340070824648266e-30
2.022400000000000000e+04 1.602993964187123080e-30
2.035200000000000000e+04 6.071075354482929593e-31
2.048000000000000000e+04 6.071075354482929593e-31
2.060800000000000000e+04 6.071075354482929593e-31
2.073600000000000000e+04 1.692143829503072140e-31
2.086400000000000000e+04 1.692143829503072140e-31
2.099200000000000000e+04 1.692143829503072140e-31
2.112000000000000000e+04 6.742684888395813336e-32
2.124800000000000000e+04 5.085299184695008768e-33
2.137600000000000000e+04 5.085299184695008768e-33
2.150400000000000000e+04 5.085299184695008768e-33
2.163200000000000000e+04 5.085299184695008768e-33
2.176000000000000000e+04 5.085299184695008768e-33
2.188800000000000000e+04 5.085299184695008768e-33
2.201600000000000000e+04 3.806585563543384337e-33
2.214400000000000000e+04 2.303588868237458718e-33
2.227200000000000000e+04 2.303588868237458718e-33
2.240000000000000000e+04 1.484474728405345163e-35
2.252800000000000000e+04 1.484474728405345163e-35
2.265600000000000000e+04 1.484474728405345163e-35
2.278400000000000000e+04 1.484474728405345163e-35
2.291200000000000000e+04 1.484474728405345163e-35
2.304000000000000000e+04 1.484474728405345163e-35
2.316800000000000000e+04 1.484474728405345163e-35
2.329600000000000000e+04 1.484474728405345163e-35
2.342400000000000000e+04 1.484474728405345163e-35
2.355200000000000000e+04 1.484474728405345163e-35
2.368000000000000000e+04 1.484474728405345163e-35
2.380800000000000000e+04 7.686411453736058587e-37
2.393600000000000000e+04 7.686411453736058587e-37
2.406400000000000000e+04 7.035347539044171516e-37
2.419200000000000000e+04 7.035347539044171516e-37
2.432000000000000000e+04 7.035347539044171516e-37
2.444800000000000000e+04 7.035347539044171516e-37
2.457600000000000000e+04 7.035347539044171516e-37
2.470400000000000000e+04 7.035347539044171516e-37
2.483200000000000000e+04 5.013446546153946950e-37
2.496000000000000000e+04 6.732139181050414861e-38
2.508800000000000000e+04 6.732139181050414861e-38
2.521600000000000000e+04 6.732139181050414861e-38
2.534400000000000000e+04 6.732139181050414861e-38
2.547200000000000000e+04 2.632851497114334194e-38
2.560000000000000000e+04 2.632851497114334194e-38
2.572800000000000000e+04 2.632851497114334194e-38
2.585600000000000000e+04 2.216433163910985358e-38
2.598400000000000000e+04 4.776467477387459169e-39
2.611200000000000000e+04 3.629938827640621249e-40
2.624000000000000000e+04 3.629938827640621249e-40
2.636800000000000000e+04 3.629938827640621249e-40
2.649600000000000000e+04 3.629938827640621249e-40
2.662400000000000000e+04 3.629938827640621249e-40
2.675200000000000000e+04 3.629938827640621249e-40
2.688000000000000000e+04 2.393578071501313254e-40
2.700800000000000000e+04 2.393578071501313254e-40
2.713600000000000000e+04 2.393578071501313254e-40
2.726400000000000000e+04 3.186665039752129799e-42
2.739200000000000000e+04 3.186665039752129799e-42
2.752000000000000000e+04 3.186665039752129799e-42
2.764800000000000000e+04 3.186665039752129799e-42
2.777600000000000000e+04 3.186665039752129799e-42
2.790400000000000000e+04 3.186665039752129799e-42
2.803200000000000000e+04 2.785358939527079256e-42
2.816000000000000000e+04 2.785358939527079256e-42
2.828800000000000000e+04 2.785358939527079256e-42
2.841600000000000000e+04 2.785358939527079256e-42
2.854400000000000000e+04 1.260453372689741650e-42
2.867200000000000000e+04 8.094062497973783713e-43
2.880000000000000000e+04 8.094062497973783713e-43
2.892800000000000000e+04 5.691824357985044034e-43
2.905600000000000000e+04 5.691824357985044034e-43
2.918400000000000000e+04 9.146203395059288709e-44
2.931200000000000000e+04 1.840923469784425568e-44
2.944000000000000000e+04 1.840923469784425568e-44
2.956800000000000000e+04 1.840923469784425568e-44
2.969600000000000000e+04 1.840923469784425568e-44
2.982400000000000000e+04 5.266823224040773287e-45
2.995200000000000000e+04 5.266823224040773287e-45
3.008000000000000000e+04 5.266823224040773287e-45
3.020800000000000000e+04 2.461137182372164563e-45
3.033600000000000000e+04 2.461137182372164563e-45
3.046400000000000000e+04 2.194188560841510265e-45
3.059200000000000000e+04 2.194188560841510265e-45
3.072000000000000000e+04 2.194188560841510265e-45
3.084800000000000000e+04 2.194188560841510265e-45
3.097600000000000000e+04 1.455138105600134688e-45
3.110400000000000000e+04 4.444187417571052712e-46
3.123200000000000000e+04 1.476611523194907236e-47
3.136000000000000000e+04 1.476611523194907236e-47
3.148800000000000000e+04 1.476611523194907236e-47
3.161600000000000000e+04 1.476611523194907236e-47
3.174400000000000000e+04 1.476611523194907236e-47
3.187200000000000000e+04 1.476611523194907236e-47
3.200000000000000000e+04 1.476611523194907236e-47
3.212800000000000000e+04 1.476611523194907236e-47
3.225600000000000000e+04 1.476611523194907236e-47
3.238400000000000000e+04 1.476611523194907236e-47
3.251200000000000000e+04 3.606033368076419307e-48
3.264000000000000000e+04 9.646648011421034838e-50
3.276800000000000000e+04 9.646648011421034838e-50
3.289600000000000000e+04 9.646648011421034838e-50
3.302400000000000000e+04 9.646648011421034838e-50
3.315200000000000000e+04 9.646648011421034838e-50
3.328000000000000000e+04 7.176219189368551365e-50
3.340800000000000000e+04 7.176219189368551365e-50
3.353600000000000000e+04 4.931871449263306775e-50
3.366400000000000000e+04 4.931871449263306775e-50
3.379200000000000000e+04 7.801660105477750629e-51
3.392000000000000000e+04 7.801660105477750629e-51
3.404800000000000000e+04 7.801660105477750629e-51
3.417600000000000000e+04 4.701929162362740899e-51
3.430400000000000000e+04 3.329305589632766690e-51
3.443200000000000000e+04 3.329305589632766690e-51
3.456000000000000000e+04 1.308891940717556642e-51
3.468800000000000000e+04 1.308891940717556642e-51
3.481600000000000000e+04 1.239239061602598877e-51
3.494400000000000000e+04 1.146227545293823949e-51
3.507200000000000000e+04 1.146227545293823949e-51
3.520000000000000000e+04 1.904457574569241743e-52
3.532800000000000000e+04 1.534802393005983452e-52
3.545600000000000000e+04 3.028779052364943254e-53
3.558400000000000000e+04 3.028779052364943254e-53
3.571200000000000000e+04 3.028779052364943254e-53
3.584000000000000000e+04 3.028779052364943254e-53
3.596800000000000000e+04 3.028779052364943254e-53
3.609600000000000000e+04 1.259953056961374271e-53
3.622400000000000000e+04 7.644265186049980163e-55
3.635200000000000000e+04 7.644265186049980163e-55
3.648000000000000000e+04 7.644265186049980163e-55
3.660800000000000000e+04 7.644265186049980163e-55
3.673600000000000000e+04 7.644265186049980163e-55
3.686400000000000000e+04 8.929761689572862676e-56
3.699200000000000000e+04 8.929761689572862676e-56
3.712000000000000000e+04 8.929761689572862676e-56
3.724800000000000000e+04 8.929761689572862676e-56
3.737600000000000000e+04 8.929761689572862676e-56
3.750400000000000000e+04 8.929761689572862676e-56
3.763200000000000000e+04 8.929761689572862676e-56
3.776000000000000000e+04 8.929761689572862676e-56
3.788800000000000000e+04 3.730221509126032671e-57
3.801600000000000000e+04 3.730221509126032671e-57
3.814400000000000000e+04 6.678231764561254024e-59
3.827200000000000000e+04 6.678231764561254024e-59
3.840000000000000000e+04 6.678231764561254024e-59
3.852800000000000000e+04 6.678231764561254024e-59
3.865600000000000000e+04 6.678231764561254024e-59
3.878400000000000000e+04 6.678231764561254024e-59
3.891200000000000000e+04 6.678231764561254024e-59
3.904000000000000000e+04 2.652390011699790268e-59
3.916800000000000000e+04 2.652390011699790268e-59
3.929600000000000000e+04 2.652390011699790268e-59
3.942400000000000000e+04 2.652390011699790268e-59
3.955200000000000000e+04 2.652390011699790268e-59
3.968000000000000000e+04 2.652390011699790268e-59
3.980800000000000000e+04 1.461898634649168452e-59
3.993600000000000000e+04 3.225240226454700374e-61
4.006400000000000000e+04 1.885035311833108664e-61
4.019200000000000000e+04 1.885035311833108664e-61
4.032000000000000000e+04 1.885035311833108664e-61
4.044800000000000000e+04 1.885035311833108664e-61
4.057600000000000000e+04 1.885035311833108664e-61
4.070400000000000000e+04 1.885035311833108664e-61
4.083200000000000000e+04 1.885035311833108664e-61
4.096000000000000000e+04 1.885035311833108664e-61
4.108800000000000000e+04 1.885035311833108664e-61
4.121600000000000000e+04 2.543015049731278650e-62
4.134400000000000000e+04 2.543015049731278650e-62
4.147200000000000000e+04 2.543015049731278650e-62
4.160000000000000000e+04 2.543015049731278650e-62
4.172800000000000000e+04 7.972516642311785501e-63
4.185600000000000000e+04 7.972516642311785501e-63
4.198400000000000000e+04 7.972516642311785501e-63
4.211200000000000000e+04 7.972516642311785501e-63
4.224000000000000000e+04 9.223573075339481781e-64
4.236800000000000000e+04 9.223573075339481781e-64
4.249600000000000000e+04 9.223573075339481781e-64
4.262400000000000000e+04 9.223573075339481781e-64
4.275200000000000000e+04 2.218862772224752526e-64
4.288000000000000000e+04 2.218862772224752526e-64
4.300800000000000000e+04 2.218862772224752526e-64
4.313600000000000000e+04 2.218862772224752526e-64
4.326400000000000000e+04 7.889336018752585569e-66
4.339200000000000000e+04 7.889336018752585569e-66
4.352000000000000000e+04 7.889336018752585569e-66
4.364800000000000000e+04 7.889336018752585569e-66
4.377600000000000000e+04 7.889336018752585569e-66
4.390400000000000000e+04 7.889336018752585569e-66
4.403200000000000000e+04 2.570209900915236182e-66
4.416000000000000000e+04 2.570209900915236182e-66
4.428800000000000000e+04 2.570209900915236182e-66
4.441600000000000000e+04 8.451518814234950559e-67
4.454400000000000000e+04 8.451518814234950559e-67
4.467200000000000000e+04 3.306951138934923858e-67
4.480000000000000000e+04 3.306951138934923858e-67
4.492800000000000000e+04 2.954236697189107126e-67
4.505600000000000000e+04 2.271380942188095783e-67
4.518400000000000000e+04 9.387462291542956801e-68
4.531200000000000000e+04 9.387462291542956801e-68
4.544000000000000000e+04 9.387462291542956801e-68
4.556800000000000000e+04 4.741810917404809212e-68
4.569600000000000000e+04 4.741810917404809212e-68
4.582400000000000000e+04 2.805494835734253708e-68
4.595200000000000000e+04 2.506229077103314855e-69
4.608000000000000000e+04 2.506229077103314855e-69
4.620800000000000000e+04 4.798352905601042850e-70
4.633600000000000000e+04 4.798352905601042850e-70
4.646400000000000000e+04 4.798352905601042850e-70
4.659200000000000000e+04 4.798352905601042850e-70
4.672000000000000000e+04 4.798352905601042850e-70
4.684800000000000000e+04 4.798352905601042850e-70
4.697600000000000000e+04 8.991274381970704989e-71
4.710400000000000000e+04 8.991274381970704989e-71
4.723200000000000000e+04 8.991274381970704989e-71
4.736000000000000000e+04 8.991274381970704989e-71
4.748800000000000000e+04 8.991274381970704989e-71
4.761600000000000000e+04 4.288773845534012746e-71
4.774400000000000000e+04 4.288773845534012746e-71
4.787200000000000000e+04 4.288773845534012746e-71
4.800000000000000000e+04 3.980905475724547309e-71
4.812800000000000000e+04 1.388185698513513943e-71
4.825600000000000000e+04 3.350600505700592119e-72
4.838400000000000000e+04 3.350600505700592119e-72
4.851200000000000000e+04 3.350600505700592119e-72
4.864000000000000000e+04 4.882158413655604254e-73
4.876800000000000000e+04 3.364927918468790612e-73
4.889600000000000000e+04 3.364927918468790612e-73
4.902400000000000000e+04 1.851911298659573992e-73
4.915200000000000000e+04 8.882932176429637481e-74
4.928000000000000000e+04 4.516157402952351287e-75
4.940800000000000000e+04 4.516157402952351287e-75
4.953600000000000000e+04 4.516157402952351287e-75
4.966400000000000000e+04 4.516157402952351287e-75
4.979200000000000000e+04 4.516157402952351287e-75
4.992000000000000000e+04 4.516157402952351287e-75
5.004800000000000000e+04 4.516157402952351287e-75
5.017600000000000000e+04 3.633028782666780658e-75
5.030400000000000000e+04 3.633028782666780658e-75
5.043200000000000000e+04 3.760181838483758690e-76
5.056000000000000000e+04 3.760181838483758690e-76
5.068800000000000000e+04 3.760181838483758690e-76
5.081600000000000000e+04 1.929313044815259012e-76
5.094400000000000000e+04 1.929313044815259012e-76
5.107200000000000000e+04 1.929313044815259012e-76
5.120000000000000000e+04 1.929313044815259012e-76
5.132800000000000000e+04 1.929313044815259012e-76
5.145600000000000000e+04 1.929313044815259012e-76
5.158400000000000000e+04 5.367219287575088991e-77
5.171200000000000000e+04 2.809840721675958357e-77
5.184000000000000000e+04 2.809840721675958357e-77
5.196800000000000000e+04 2.344888878613805139e-77
5.209600000000000000e+04 2.344888878613805139e-77
5.222400000000000000e+04 1.583530424579987732e-77
5.235200000000000000e+04 1.413132797383954387e-77
5.248000000000000000e+04 1.009197086377621780e-78
5.260800000000000000e+04 1.009197086377621780e-78
5.273600000000000000e+04 1.009197086377621780e-78
5.286400000000000000e+04 1.009197086377621780e-78
5.299200000000000000e+04 1.009197086377621780e-78
5.312000000000000000e+04 1.393261116000014500e-79
5.324800000000000000e+04 1.393261116000014500e-79
5.337600000000000000e+04 7.570317317841354058e-80
5.350400000000000000e+04 5.347627966805907644e-80
5.363200000000000000e+04 6.034427085148209833e-81
5.376000000000000000e+04 6.034427085148209833e-81
5.388800000000000000e+04 6.034427085148209833e-81
5.401600000000000000e+04 6.034427085148209833e-81
5.414400000000000000e+04 1.712456091169499500e-81
5.427200000000000000e+04 1.712456091169499500e-81
5.440000000000000000e+04 1.712456091169499500e-81
5.452800000000000000e+04 1.712456091169499500e-81
5.465600000000000000e+04 3.787084804687458190e-82
5.478400000000000000e+04 3.787084804687458190e-82
5.491200000000000000e+04 1.935528359748116949e-82
5.504000000000000000e+04 1.935528359748116949e-82
5.516800000000000000e+04 1.935528359748116949e-82
5.529600000000000000e+04 1.935528359748116949e-82
5.542400000000000000e+04 1.935528359748116949e-82
5.555200000000000000e+04 1.101286104605298578e-83
5.568000000000000000e+04 9.931465152089717338e-84
5.580800000000000000e+04 9.931465152089717338e-84
5.593600000000000000e+04 9.931465152089717338e-84
5.606400000000000000e+04 9.931465152089717338e-84
5.619200000000000000e+04 9.931465152089717338e-84
5.632000000000000000e+04 7.116347435987731373e-84
5.644800000000000000e+04 2.817593703841778923e-84
5.657600000000000000e+04 1.168777751162488395e-84
5.670400000000000000e+04 2.656474807919968620e-85
5.683200000000000000e+04 2.260151612203367060e-85
5.696000000000000000e+04 2.260151612203367060e-85
5.708800000000000000e+04 1.695483947159959130e-85
5.721600000000000000e+04 1.695483947159959130e-85
5.734400000000000000e+04 6.524548930024711418e-86
5.747200000000000000e+04 6.524548930024711418e-86
5.760000000000000000e+04 6.524548930024711418e-86
5.772800000000000000e+04 6.452141067489095037e-86
5.785600000000000000e+04 4.251555095124226617e-86
5.798400000000000000e+04 2.463553306491300985e-87
5.811200000000000000e+04 2.463553306491300985e-87
5.824000000000000000e+04 1.281999635681653971e-87
5.836800000000000000e+04 1.281999635681653971e-87
5.849600000000000000e+04 1.281999635681653971e-87
5.862400000000000000e+04 1.281999635681653971e-87
5.875200000000000000e+04 1.004982914034048018e-87
5.888000000000000000e+04 6.175798148342721764e-88
5.900800000000000000e+04 6.175798148342721764e-88
5.913600000000000000e+04 1.483059866749385849e-88
5.926400000000000000e+04 1.483059866749385849e-88
5.939200000000000000e+04 3.553186817791493524e-89
5.952000000000000000e+04 3.553186817791493524e-89
5.964800000000000000e+04 3.553186817791493524e-89
5.977600000000000000e+04 3.553186817791493524e-89
5.990400000000000000e+04 3.553186817791493524e-89
6.003200000000000000e+04 1.652663519989535346e-89
6.016000000000000000e+04 5.697250785828522640e-90
6.028800000000000000e+04 5.697250785828522640e-90
6.041600000000000000e+04 5.697250785828522640e-90
6.054400000000000000e+04 3.267132953785734350e-90
6.067200000000000000e+04 9.092457710918167112e-91
6.080000000000000000e+04 9.092457710918167112e-91
6.092800000000000000e+04 1.868392594808589614e-91
6.105600000000000000e+04 1.868392594808589614e-91
6.118400000000000000e+04 1.428816711335853204e-92
6.131200000000000000e+04 1.428816711335853204e-92
6.144000000000000000e+04 1.428816711335853204e-92
6.156800000000000000e+04 9.681785841797590371e-93
6.169600000000000000e+04 9.681785841797590371e-93
6.182400000000000000e+04 9.681785841797590371e-93
6.195200000000000000e+04 9.681785841797590371e-93
6.208000000000000000e+04 9.681785841797590371e-93
6.220800000000000000e+04 9.681785841797590371e-93
6.233600000000000000e+04 9.681785841797590371e-93
6.246400000000000000e+04 8.080638882728182584e-93
6.259200000000000000e+04 1.802086322634447862e-93
6.272000000000000000e+04 1.247808240778514665e-93
6.284800000000000000e+04 4.454407131578600115e-94
6.297600000000000000e+04 4.454407131578600115e-94
6.310400000000000000e+04 4.454407131578600115e-94
6.323200000000000000e+04 4.454407131578600115e-94
6.336000000000000000e+04 1.781291343405022705e-94
6.348800000000000000e+04 1.781291343405022705e-94
6.361600000000000000e+04 1.781291343405022705e-94
6.374400000000000000e+04 1.238236288705655078e-94
6.387200000000000000e+04 1.238236288705655078e-94
6.400000000000000000e+04 1.238236288705655078e-94
6.412800000000000000e+04 4.054416327389297838e-95
6.425600000000000000e+04 2.066048150130425298e-95
6.438400000000000000e+04 1.185968179137439660e-95
6.451200000000000000e+04 3.788585752074757088e-97
6.464000000000000000e+04 3.788585752074757088e-97
6.476800000000000000e+04 3.788585752074757088e-97
6.489600000000000000e+04 3.788585752074757088e-97
6.502400000000000000e+04 3.788585752074757088e-97
6.515200000000000000e+04 6.828151065186575251e-98
6.528000000000000000e+04 6.828151065186575251e-98
6.540800000000000000e+04 6.828151065186575251e-98
6.553600000000000000e+04 6.828151065186575251e-98
6.566400000000000000e+04 6.828151065186575251e-98
6.579200000000000000e+04 1.199564294933610431e-98
6.592000000000000000e+04 1.199564294933610431e-98
6.604800000000000000e+04 1.199564294933610431e-98
6.617600000000000000e+04 1.199564294933610431e-98
6.630400000000000000e+04 1.159738120402363489e-98
6.643200000000000000e+04 1.159738120402363489e-98
6.656000000000000000e+04 1.626126919688441509e-99
6.668800000000000000e+04 1.263688941681031073e-99
6.681600000000000000e+04 1.263688941681031073e-99
6.694400000000000000e+04 1.263688941681031073e-99
6.707200000000000000e+04 1.009267814568618389e-99
6.720000000000000000e+04 3.037076122946060576e-100
6.732800000000000000e+04 3.037076122946060576e-100
6.745600000000000000e+04 3.037076122946060576e-100
6.758400000000000000e+04 3.037076122946060576e-100
6.771200000000000000e+04 3.037076122946060576e-100
6.784000000000000000e+04 9.414818226435842570e-101
6.796800000000000000e+04 9.176900524327318531e-102
6.809600000000000000e+04 7.803716516374257604e-102
6.822400000000000000e+04 7.803716516374257604e-102
6.835200000000000000e+04 4.388400552376311347e-102
6.848000000000000000e+04 4.388400552376311347e-102
6.860800000000000000e+04 4.388400552376311347e-102
6.873600000000000000e+04 3.718660947160748330e-103
6.886400000000000000e+04 3.718660947160748330e-103
6.899200000000000000e+04 3.718660947160748330e-103
6.912000000000000000e+04 3.718660947160748330e-103
6.924800000000000000e+04 3.658906879378131865e-103
6.937600000000000000e+04 3.595377988274854464e-103
6.950400000000000000e+04 2.095750401946315936e-103
6.963200000000000000e+04 1.282134703784542342e-103
6.976000000000000000e+04 1.146877273959717431e-104
6.988800000000000000e+04 1.146877273959717431e-104
7.001600000000000000e+04 1.146877273959717431e-104
7.014400000000000000e+04 1.146877273959717431e-104
7.027200000000000000e+04 8.106734906926050440e-105
7.040000000000000000e+04 8.106734906926050440e-105
7.052800000000000000e+04 4.699040393532445363e-105
7.065600000000000000e+04 4.699040393532445363e-105
7.078400000000000000e+04 1.125125350509887581e-105
7.091200000000000000e+04 1.044062358564621070e-105
7.104000000000000000e+04 1.402429935637424074e-106
7.116800000000000000e+04 1.402429935637424074e-106
7.129600000000000000e+04 1.402429935637424074e-106
7.142400000000000000e+04 1.402429935637424074e-106
7.155200000000000000e+04 1.402429935637424074e-106
7.168000000000000000e+04 1.172422129237982365e-106
7.180800000000000000e+04 1.172422129237982365e-106
7.193600000000000000e+04 7.134579496362913327e-107
7.206400000000000000e+04 1.098641779624722899e-107
7.219200000000000000e+04 1.085868651078677229e-107
7.232000000000000000e+04 1.085868651078677229e-107
7.244800000000000000e+04 1.469200953577712621e-109
7.257600000000000000e+04 1.469200953577712621e-109
7.270400000000000000e+04 1.469200953577712621e-109
7.283200000000000000e+04 1.469200953577712621e-109
7.296000000000000000e+04 1.469200953577712621e-109
7.308800000000000000e+04 1.469200953577712621e-109
7.321600000000000000e+04 1.469200953577712621e-109
7.334400000000000000e+04 7.588419637790187618e-110
7.347200000000000000e+04 7.588419637790187618e-110
7.360000000000000000e+04 7.588419637790187618e-110
7.372800000000000000e+04 7.588419637790187618e-110
7.385600000000000000e+04 7.487817308216011471e-111
7.398400000000000000e+04 7.487817308216011471e-111
7.411200000000000000e+04 6.704751872448846116e-111
7.424000000000000000e+04 6.704751872448846116e-111
7.436800000000000000e+04 3.262627116379699302e-111
7.449600000000000000e+04 2.494731600896625573e-112
7.462400000000000000e+04 2.494731600896625573e-112
7.475200000000000000e+04 1.023510378958028723e-113
7.488000000000000000e+04 1.023510378958028723e-113
7.500800000000000000e+04 1.023510378958028723e-113
7.513600000000000000e+04 1.023510378958028723e-113
7.526400000000000000e+04 1.023510378958028723e-113
7.539200000000000000e+04 1.023510378958028723e-113
7.552000000000000000e+04 1.023510378958028723e-113
7.564800000000000000e+04 1.023510378958028723e-113
7.577600000000000000e+04 1.023510378958028723e-113
7.590400000000000000e+04 7.411468247924599887e-114
7.603200000000000000e+04 7.411468247924599887e-114
7.616000000000000000e+04 7.411468247924599887e-114
7.628800000000000000e+04 1.783008369562133316e-114
7.641600000000000000e+04 1.783008369562133316e-114
7.654400000000000000e+04 1.783008369562133316e-114
7.667200000000000000e+04 1.783008369562133316e-114
7.680000000000000000e+04 7.553702653363622394e-115
7.692800000000000000e+04 7.553702653363622394e-115
7.705600000000000000e+04 3.024543557477219623e-115
7.718400000000000000e+04 2.762136114188459627e-115
7.731200000000000000e+04 2.395627942452686557e-115
7.744000000000000000e+04 8.376370776576823258e-117
7.756800000000000000e+04 8.376370776576823258e-117
7.769600000000000000e+04 8.376370776576823258e-117
7.782400000000000000e+04 8.376370776576823258e-117
7.795200000000000000e+04 8.376370776576823258e-117
7.808000000000000000e+04 8.283388304820889884e-117
7.820800000000000000e+04 7.674856431569595066e-118
7.833600000000000000e+04 7.674856431569595066e-118
7.846400000000000000e+04 7.674856431569595066e-118
7.859200000000000000e+04 7.674856431569595066e-118
7.872000000000000000e+04 7.674856431569595066e-118
7.884800000000000000e+04 1.008564183964413263e-118
7.897600000000000000e+04 1.008564183964413263e-118
7.910400000000000000e+04 1.008564183964413263e-118
7.923200000000000000e+04 1.008564183964413263e-118
7.936000000000000000e+04 2.880716581793439405e-119
7.948800000000000000e+04 2.880716581793439405e-119
7.961600000000000000e+04 2.880716581793439405e-119
7.974400000000000000e+04 2.880716581793439405e-119
7.987200000000000000e+04 1.312041381393101641e-121
8.000000000000000000e+04 1.312041381393101641e-121
8.012800000000000000e+04 1.312041381393101641e-121
8.025600000000000000e+04 1.312041381393101641e-121
8.038400000000000000e+04 5.928718986538961139e-122
8.051200000000000000e+04 5.928718986538961139e-122
8.064000000000000000e+04 5.928718986538961139e-122
8.076800000000000000e+04 5.928718986538961139e-122
8.089600000000000000e+04 5.928718986538961139e-122
8.102400000000000000e+04 5.928718986538961139e-122
8.115200000000000000e+04 5.928718986538961139e-122
8.128000000000000000e+04 5.928718986538961139e-122
8.140800000000000000e+04 1.009270424622044589e-122
8.153600000000000000e+04 1.009270424622044589e-122
8.166400000000000000e+04 9.119673273794592540e-123
8.179200000000000000e+04 5.182942219445111373e-123
8.192000000000000000e+04 3.158174295942091934e-123
8.204800000000000000e+04 3.158174295942091934e-123
8.217600000000000000e+04 2.038443652579311907e-123
8.230400000000000000e+04 2.038443652579311907e-123
8.243200000000000000e+04 1.746456051277454306e-123
8.256000000000000000e+04 1.746456051277454306e-123
8.268800000000000000e+04 9.532301990798895256e-124
8.281600000000000000e+04 9.532301990798895256e-124
8.294400000000000000e+04 9.532301990798895256e-124
8.307200000000000000e+04 7.014132644845945533e-124
8.320000000000000000e+04 1.604616711941403279e-124
8.332800000000000000e+04 1.604616711941403279e-124
8.345600000000000000e+04 1.604616711941403279e-124
8.358400000000000000e+04 3.389277822670113110e-125
8.371200000000000000e+04 3.389277822670113110e-125
8.384000000000000000e+04 1.160697412647903065e-125
8.396800000000000000e+04 1.160697412647903065e-125
8.409600000000000000e+04 6.602937099685227372e-126
8.422400000000000000e+04 6.354950168440969250e-127
8.435200000000000000e+04 6.354950168440969250e-127
8.448000000000000000e+04 6.354950168440969250e-127
8.460800000000000000e+04 6.354950168440969250e-127
8.473600000000000000e+04 6.354950168440969250e-127
8.486400000000000000e+04 6.354950168440969250e-127
8.499200000000000000e+04 5.529209508024756174e-127
8.512000000000000000e+04 2.029901409564331978e-127
8.524800000000000000e+04 5.472766978568693289e-128
8.537600000000000000e+04 5.472766978568693289e-128
8.550400000000000000e+04 5.472766978568693289e-128
8.563200000000000000e+04 5.472766978568693289e-128
8.576000000000000000e+04 1.397226702370334605e-128
8.588800000000000000e+04 1.397226702370334605e-128
8.601600000000000000e+04 1.397226702370334605e-128
8.614400000000000000e+04 3.446446440686688138e-129
8.627200000000000000e+04 3.446446440686688138e-129
8.640000000000000000e+04 2.340023420320265313e-129
8.652800000000000000e+04 2.340023420320265313e-129
8.665600000000000000e+04 1.844759352628364119e-129
8.678400000000000000e+04 7.100000735300469644e-130
8.691200000000000000e+04 3.878778800181867957e-130
8.704000000000000000e+04 6.029659059443981188e-131
8.716800000000000000e+04 2.626207334857838970e-131
8.729600000000000000e+04 2.626207334857838970e-131
8.742400000000000000e+04 2.626207334857838970e-131
8.755200000000000000e+04 2.626207334857838970e-131
8.768000000000000000e+04 3.059059203785794571e-132
8.780800000000000000e+04 3.059059203785794571e-132
8.793600000000000000e+04 1.130177144746586065e-132
8.806400000000000000e+04 2.439513550503298162e-133
8.819200000000000000e+04 2.439513550503298162e-133
8.832000000000000000e+04 2.439513550503298162e-133
8.844800000000000000e+04 2.439513550503298162e-133
8.857600000000000000e+04 2.439513550503298162e-133
8.870400000000000000e+04 1.169986166135684818e-133
8.883200000000000000e+04 8.835260309683617206e-134
8.896000000000000000e+04 5.228643179009652582e-134
8.908800000000000000e+04 1.434252049938786204e-135
8.921600000000000000e+04 1.434252049938786204e-135
8.934400000000000000e+04 1.434252049938786204e-135
8.947200000000000000e+04 1.434252049938786204e-135
8.960000000000000000e+04 1.434252049938786204e-135
8.972800000000000000e+04 1.434252049938786204e-135
8.985600000000000000e+04 9.530037630117374580e-136
8.998400000000000000e+04 9.530037630117374580e-136
9.011200000000000000e+04 9.530037630117374580e-136
9.024000000000000000e+04 8.375100738021830147e-136
9.036800000000000000e+04 8.375100738021830147e-136
9.049600000000000000e+04 8.375100738021830147e-136
9.062400000000000000e+04 8.375100738021830147e-136
9.075200000000000000e+04 5.432006638973501952e-136
9.088000000000000000e+04 1.737548793780894027e-136
9.100800000000000000e+04 3.183032080662957772e-137
9.113600000000000000e+04 3.183032080662957772e-137
9.126400000000000000e+04 3.183032080662957772e-137
9.139200000000000000e+04 2.083464005031868030e-137
9.152000000000000000e+04 2.585522076405539952e-138
9.164800000000000000e+04 2.585522076405539952e-138
9.177600000000000000e+04 2.585522076405539952e-138
9.190400000000000000e+04 2.585522076405539952e-138
9.203200000000000000e+04 1.303421404377098962e-138
9.216000000000000000e+04 2.988289226924048834e-139
9.228800000000000000e+04 2.988289226924048834e-139
9.241600000000000000e+04 2.988289226924048834e-139
9.254400000000000000e+04 6.986714948234172885e-140
9.267200000000000000e+04 6.986714948234172885e-140
9.280000000000000000e+04 6.986714948234172885e-140
9.292800000000000000e+04 5.626821112916834682e-142
9.305600000000000000e+04 5.626821112916834682e-142
9.318400000000000000e+04 5.626821112916834682e-142
9.331200000000000000e+04 5.626821112916834682e-142
9.344000000000000000e+04 5.626821112916834682e-142
9.356800000000000000e+04 5.626821112916834682e-142
9.369600000000000000e+04 1.904640457886161428e-143
9.382400000000000000e+04 1.904640457886161428e-143
9.395200000000000000e+04 1.904640457886161428e-143
9.408000000000000000e+04 1.904640457886161428e-143
9.420800000000000000e+04 1.904640457886161428e-143
9.433600000000000000e+04 1.904640457886161428e-143
9.446400000000000000e+04 1.904640457886161428e-143
9.459200000000000000e+04 1.904640457886161428e-143
9.472000000000000000e+04 1.904640457886161428e-143
9.484800000000000000e+04 1.904640457886161428e-143
9.497600000000000000e+04 1.904640457886161428e-143
9.510400000000000000e+04 1.904640457886161428e-143
9.523200000000000000e+04 1.246390062227104025e-143
9.536000000000000000e+04 1.246390062227104025e-143
9.548800000000000000e+04 1.246390062227104025e-143
9.561600000000000000e+04 1.246390062227104025e-143
9.574400000000000000e+04 1.177468346867837882e-143
9.587200000000000000e+04 1.177468346867837882e-143
9.600000000000000000e+04 1.966881028620668676e-144
9.612800000000000000e+04 1.546715307263356609e-144
9.625600000000000000e+04 1.546715307263356609e-144
9.638400000000000000e+04 1.546715307263356609e-144
9.651200000000000000e+04 1.199052182236020358e-144
9.664000000000000000e+04 1.199052182236020358e-144
9.676800000000000000e+04 2.960986922713372315e-145
9.689600000000000000e+04 1.784666047628346679e-146
9.702400000000000000e+04 1.784666047628346679e-146
9.715200000000000000e+04 1.784666047628346679e-146
9.728000000000000000e+04 1.204900636473381675e-146
9.740800000000000000e+04 7.005746534287548036e-147
9.753600000000000000e+04 7.005746534287548036e-147
9.766400000000000000e+04 7.005746534287548036e-147
9.779200000000000000e+04 7.005746534287548036e-147
9.792000000000000000e+04 2.101336599176838508e-147
9.804800000000000000e+04 1.040452995985421981e-147
9.817600000000000000e+04 7.892493956316736846e-148
9.830400000000000000e+04 4.921572019806454199e-148
9.843200000000000000e+04 1.618494151972698470e-148
9.856000000000000000e+04 1.618494151972698470e-148
9.868800000000000000e+04 1.618494151972698470e-148
9.881600000000000000e+04 1.618494151972698470e-148
9.894400000000000000e+04 1.618494151972698470e-148
9.907200000000000000e+04 2.639895102059761365e-149
9.920000000000000000e+04 1.375234728587515509e-149
9.932800000000000000e+04 4.381398365407736394e-150
9.945600000000000000e+04 4.381398365407736394e-150
9.958400000000000000e+04 4.381398365407736394e-150
9.971200000000000000e+04 1.864731088432882834e-151
9.984000000000000000e+04 1.864731088432882834e-151
9.996800000000000000e+04 1.864731088432882834e-151
1.000960000000000000e+05 1.864731088432882834e-151
