1.280000000000000000e+02 2.658019726597412591e-01
2.560000000000000000e+02 2.658019726597412591e-01
3.840000000000000000e+02 2.658019726597412591e-01
5.120000000000000000e+02 1.152930408716311139e-01
6.400000000000000000e+02 1.152930408716311139e-01
7.680000000000000000e+02 1.152930408716311139e-01
8.960000000000000000e+02 1.152930408716311139e-01
1.024000000000000000e+03 1.152930408716311139e-01
1.152000000000000000e+03 1.152930408716311139e-01
1.280000000000000000e+03 1.036582438969437386e-01
1.408000000000000000e+03 6.327762812212346655e-02
1.536000000000000000e+03 1.702736698608904933e-02
1.664000000000000000e+03 1.702736698608904933e-02
1.792000000000000000e+03 1.702736698608904933e-02
1.920000000000000000e+03 1.986670793774187715e-03
2.048000000000000000e+03 1.986670793774187715e-03
2.176000000000000000e+03 1.986670793774187715e-03
2.304000000000000000e+03 1.828196401380454512e-03
2.432000000000000000e+03 1.828196401380454512e-03
2.560000000000000000e+03 1.828196401380454512e-03
2.688000000000000000e+03 1.828196401380454512e-03
2.816000000000000000e+03 1.828196401380454512e-03
2.944000000000000000e+03 6.327963626479721215e-04
3.072000000000000000e+03 6.327963626479721215e-04
3.200000000000000000e+03 6.327963626479721215e-04
3.328000000000000000e+03 6.327963626479721215e-04
3.456000000000000000e+03 8.270994649676610569e-05
3.584000000000000000e+03 8.270994649676610569e-05
3.712000000000000000e+03 1.106666251677363864e-05
3.840000000000000000e+03 1.106666251677363864e-05
3.968000000000000000e+03 3.603256618250732182e-06
4.096000000000000000e+03 3.603256618250732182e-06
4.224000000000000000e+03 3.603256618250732182e-06
4.352000000000000000e+03 3.129230808368020982e-06
4.480000000000000000e+03 2.310845644857716095e-06
4.608000000000000000e+03 1.421706950363720597e-07
4.736000000000000000e+03 1.421706950363720597e-07
4.864000000000000000e+03 1.147363509336069555e-07
4.992000000000000000e+03 1.147363509336069555e-07
5.120000000000000000e+03 5.711022108187354542e-09
5.248000000000000000e+03 5.711022108187354542e-09
5.376000000000000000e+03 5.711022108187354542e-09
5.504000000000000000e+03 3.634161224689344223e-09
5.632000000000000000e+03 3.634161224689344223e-09
5.760000000000000000e+03 1.213284857464687814e-09
5.888000000000000000e+03 1.213284857464687814e-09
6.016000000000000000e+03 3.242185749913185884e-10
6.144000000000000000e+03 3.242185749913185884e-10
6.272000000000000000e+03 3.242185749913185884e-10
6.400000000000000000e+03 2.953170387638136957e-10
6.528000000000000000e+03 1.007686246281959301e-10
6.656000000000000000e+03 1.007686246281959301e-10
6.784000000000000000e+03 1.007686246281959301e-10
6.912000000000000000e+03 7.582084559293625226e-11
7.040000000000000000e+03 2.944742375407962236e-11
7.168000000000000000e+03 2.944742375407962236e-11
7.296000000000000000e+03 6.717549496833076322e-12
7.424000000000000000e+03 4.423817960382706682e-13
7.552000000000000000e+03 4.423817960382706682e-13
7.680000000000000000e+03 2.289040921476212042e-13
7.808000000000000000e+03 2.289040921476212042e-13
7.936000000000000000e+03 2.289040921476212042e-13
8.064000000000000000e+03 2.289040921476212042e-13
8.192000000000000000e+03 2.289040921476212042e-13
8.320000000000000000e+03 2.289040921476212042e-13
8.448000000000000000e+03 2.289040921476212042e-13
8.576000000000000000e+03 2.289040921476212042e-13
8.704000000000000000e+03 6.040411160068895148e-14
8.832000000000000000e+03 1.048665274195062545e-14
8.960000000000000000e+03 1.048665274195062545e-14
9.088000000000000000e+03 1.048665274195062545e-14
9.216000000000000000e+03 1.048665274195062545e-14
9.344000000000000000e+03 1.048665274195062545e-14
9.472000000000000000e+03 1.048665274195062545e-14
9.600000000000000000e+03 7.484236232955089710e-15
9.728000000000000000e+03 4.727139442566321346e-15
9.856000000000000000e+03 4.196125416585568951e-16
9.984000000000000000e+03 4.196125416585568951e-16
1.011200000000000000e+04 4.196125416585568951e-16
1.024000000000000000e+04 3.854786174462339467e-17
1.036800000000000000e+04 3.854786174462339467e-17
1.049600000000000000e+04 3.854786174462339467e-17
1.062400000000000000e+04 3.854786174462339467e-17
1.075200000000000000e+04 3.854786174462339467e-17
1.088000000000000000e+04 3.854786174462339467e-17
1.100800000000000000e+04 2.628701300083872885e-17
1.113600000000000000e+04 1.415386968254309920e-17
1.126400000000000000e+04 4.890405827964381741e-18
1.139200000000000000e+04 4.890405827964381741e-18
1.152000000000000000e+04 5.129559875308633891e-20
1.164800000000000000e+04 5.129559875308633891e-20
1.177600000000000000e+04 5.129559875308633891e-20
1.190400000000000000e+04 5.129559875308633891e-20
1.203200000000000000e+04 5.129559875308633891e-20
1.216000000000000000e+04 5.129559875308633891e-20
1.228800000000000000e+04 4.184582176506529437e-20
1.241600000000000000e+04 4.184582176506529437e-20
1.254400000000000000e+04 4.184582176506529437e-20
1.267200000000000000e+04 4.184582176506529437e-20
1.280000000000000000e+04 4.184582176506529437e-20
1.292800000000000000e+04 1.103107342512949058e-20
1.305600000000000000e+04 6.612444113303433439e-21
1.318400000000000000e+04 4.653094797556320679e-21
1.331200000000000000e+04 2.700217332553706150e-21
1.344000000000000000e+04 2.700217332553706150e-21
1.356800000000000000e+04 1.981357808662481793e-21
1.369600000000000000e+04 6.428659305580600016e-22
1.382400000000000000e+04 6.428659305580600016e-22
1.395200000000000000e+04 6.428659305580600016e-22
1.408000000000000000e+04 6.428659305580600016e-22
1.420800000000000000e+04 6.428659305580600016e-22
1.433600000000000000e+04 1.570629194503138617e-22
1.446400000000000000e+04 1.570629194503138617e-22
1.459200000000000000e+04 1.027656335886475096e-23
1.472000000000000000e+04 1.027656335886475096e-23
1.484800000000000000e+04 1.027656335886475096e-23
1.497600000000000000e+04 1.027656335886475096e-23
1.510400000000000000e+04 1.027656335886475096e-23
1.523200000000000000e+04 1.027656335886475096e-23
1.536000000000000000e+04 8.904005185197487272e-24
1.548800000000000000e+04 8.904005185197487272e-24
1.561600000000000000e+04 2.122112723023491965e-24
1.574400000000000000e+04 2.122112723023491965e-24
1.587200000000000000e+04 2.943942141516670170e-25
1.600000000000000000e+04 2.943942141516670170e-25
1.612800000000000000e+04 2.943942141516670170e-25
1.625600000000000000e+04 2.943942141516670170e-25
1.638400000000000000e+04 2.699478751286446141e-25
1.651200000000000000e+04 2.699478751286446141e-25
1.664000000000000000e+04 1.600609930750665950e-25
1.676800000000000000e+04 3.707762766044614151e-26
1.689600000000000000e+04 3.707762766044614151e-26
1.702400000000000000e+04 3.707762766044614151e-26
1.715200000000000000e+04 3.274142901899800811e-27
1.728000000000000000e+04 3.274142901899800811e-27
1.740800000000000000e+04 3.274142901899800811e-27
1.753600000000000000e+04 5.326912334855185992e-28
1.766400000000000000e+04 2.171178907831093691e-29
1.779200000000000000e+04 2.171178907831093691e-29
1.792000000000000000e+04 2.171178907831093691e-29
1.804800000000000000e+04 2.171178907831093691e-29
1.817600000000000000e+04 2.171178907831093691e-29
1.830400000000000000e+04 2.171178907831093691e-29
1.843200000000000000e+04 2.171178907831093691e-29
1.856000000000000000e+04 2.171178907831093691e-29
1.868800000000000000e+04 2.171178907831093691e-29
1.881600000000000000e+04 2.171178907831093691e-29
1.894400000000000000e+04 2.171178907831093691e-29
1.907200000000000000e+04 1.558218868121757799e-29
1.920000000000000000e+04 9.052756718772111312e-30
1.932800000000000000e+04 6.857699834185058217e-30
1.945600000000000000e+04 6.857699834185058217e-30
1.958400000000000000e+04 5.303264708211451693e-30
1.971200000000000000e+04 5.270950763647313171e-30
1.984000000000000000e+04 2.719700302173117438e-31
1.996800000000000000e+04 2.719700302173117438e-31
2.009600000000000000e+04 2.218067994910811166e-31
2.022400000000000000e+04 1.369800328576557998e-31
2.035200000000000000e+04 1.369800328576557998e-31
2.048000000000000000e+04 1.369800328576557998e-31
2.060800000000000000e+04 7.860352118528398847e-32
2.073600000000000000e+04 2.171834973727063892e-32
2.086400000000000000e+04 2.171834973727063892e-32
2.099200000000000000e+04 2.171834973727063892e-32
2.112000000000000000e+04 1.775525832748615882e-33
2.124800000000000000e+04 1.633567644979668743e-33
2.137600000000000000e+04 1.633567644979668743e-33
2.150400000000000000e+04 1.633567644979668743e-33
2.163200000000000000e+04 1.633567644979668743e-33
2.176000000000000000e+04 1.633567644979668743e-33
2.188800000000000000e+04 1.633567644979668743e-33
2.201600000000000000e+04 9.001979387288800383e-34
2.214400000000000000e+04 2.356721970620161935e-34
2.227200000000000000e+04 3.553852221728627581e-35
2.240000000000000000e+04 3.553852221728627581e-35
2.252800000000000000e+04 3.553852221728627581e-35
2.265600000000000000e+04 3.553852221728627581e-35
2.278400000000000000e+04 3.553852221728627581e-35
2.291200000000000000e+04 3.553852221728627581e-35
2.304000000000000000e+04 3.083104597754024876e-35
2.316800000000000000e+04 3.083104597754024876e-35
2.329600000000000000e+04 2.875775022606008718e-35
2.342400000000000000e+04 4.127255428749489292e-36
2.355200000000000000e+04 4.127255428749489292e-36
2.368000000000000000e+04 2.426307453111735731e-37
2.380800000000000000e+04 2.426307453111735731e-37
2.393600000000000000e+04 2.426307453111735731e-37
2.406400000000000000e+04 6.454893052272697136e-38
2.419200000000000000e+04 6.454893052272697136e-38
2.432000000000000000e+04 6.454893052272697136e-38
2.444800000000000000e+04 6.454893052272697136e-38
2.457600000000000000e+04 6.454893052272697136e-38
2.470400000000000000e+04 5.370455610797615452e-38
2.483200000000000000e+04 5.370455610797615452e-38
2.496000000000000000e+04 3.029232891249157299e-38
2.508800000000000000e+04 3.389995992958481458e-39
2.521600000000000000e+04 3.389995992958481458e-39
2.534400000000000000e+04 1.821121794425032016e-39
2.547200000000000000e+04 1.821121794425032016e-39
2.560000000000000000e+04 1.821121794425032016e-39
2.572800000000000000e+04 1.821121794425032016e-39
2.585600000000000000e+04 1.821121794425032016e-39
2.598400000000000000e+04 2.419896351988486838e-40
2.611200000000000000e+04 4.832326238533083708e-41
2.624000000000000000e+04 4.832326238533083708e-41
2.636800000000000000e+04 4.832326238533083708e-41
2.649600000000000000e+04 4.832326238533083708e-41
2.662400000000000000e+04 1.513726660833397727e-41
2.675200000000000000e+04 1.513726660833397727e-41
2.688000000000000000e+04 1.513726660833397727e-41
2.700800000000000000e+04 1.448808815151247935e-41
2.713600000000000000e+04 1.448808815151247935e-41
2.726400000000000000e+04 1.448808815151247935e-41
2.739200000000000000e+04 1.105235904778887535e-41
2.752000000000000000e+04 1.384119163369564177e-42
2.764800000000000000e+04 1.384119163369564177e-42
2.777600000000000000e+04 4.013065718078657950e-43
2.790400000000000000e+04 4.013065718078657950e-43
2.803200000000000000e+04 1.159198813693679941e-43
2.816000000000000000e+04 6.948352600263279500e-44
2.828800000000000000e+04 6.948352600263279500e-44
2.841600000000000000e+04 4.737299452450012136e-44
2.854400000000000000e+04 4.737299452450012136e-44
2.867200000000000000e+04 4.737299452450012136e-44
2.880000000000000000e+04 4.737299452450012136e-44
2.892800000000000000e+04 4.737299452450012136e-44
2.905600000000000000e+04 3.273654424538120985e-44
2.918400000000000000e+04 7.772559386160490689e-47
2.931200000000000000e+04 7.772559386160490689e-47
2.944000000000000000e+04 7.772559386160490689e-47
2.956800000000000000e+04 7.772559386160490689e-47
2.969600000000000000e+04 7.772559386160490689e-47
2.982400000000000000e+04 7.772559386160490689e-47
2.995200000000000000e+04 7.772559386160490689e-47
3.008000000000000000e+04 7.772559386160490689e-47
3.020800000000000000e+04 7.772559386160490689e-47
3.033600000000000000e+04 7.772559386160490689e-47
3.046400000000000000e+04 7.772559386160490689e-47
3.059200000000000000e+04 6.307871318257752853e-48
3.072000000000000000e+04 6.307871318257752853e-48
3.084800000000000000e+04 6.307871318257752853e-48
3.097600000000000000e+04 3.938385793168555739e-49
3.110400000000000000e+04 3.938385793168555739e-49
3.123200000000000000e+04 3.938385793168555739e-49
3.136000000000000000e+04 3.938385793168555739e-49
3.148800000000000000e+04 3.938385793168555739e-49
3.161600000000000000e+04 3.938385793168555739e-49
3.174400000000000000e+04 3.938385793168555739e-49
3.187200000000000000e+04 2.491333667517308612e-49
3.200000000000000000e+04 2.491333667517308612e-49
3.212800000000000000e+04 8.302640547742930293e-51
3.225600000000000000e+04 8.302640547742930293e-51
3.238400000000000000e+04 8.302640547742930293e-51
3.251200000000000000e+04 8.302640547742930293e-51
3.264000000000000000e+04 8.302640547742930293e-51
3.276800000000000000e+04 8.302640547742930293e-51
3.289600000000000000e+04 8.302640547742930293e-51
3.302400000000000000e+04 8.302640547742930293e-51
3.315200000000000000e+04 8.302640547742930293e-51
3.328000000000000000e+04 8.302640547742930293e-51
3.340800000000000000e+04 2.094082209940141047e-51
3.353600000000000000e+04 9.422657203416655886e-52
3.366400000000000000e+04 6.930175335771451873e-52
3.379200000000000000e+04 6.930175335771451873e-52
3.392000000000000000e+04 6.930175335771451873e-52
3.404800000000000000e+04 5.210918076258010736e-52
3.417600000000000000e+04 5.210918076258010736e-52
3.430400000000000000e+04 3.838361875858381866e-52
3.443200000000000000e+04 3.838361875858381866e-52
3.456000000000000000e+04 1.329740108209547454e-52
3.468800000000000000e+04 2.411865921853632687e-53
3.481600000000000000e+04 2.411865921853632687e-53
3.494400000000000000e+04 2.411865921853632687e-53
3.507200000000000000e+04 1.378620461381719778e-54
3.520000000000000000e+04 1.378620461381719778e-54
3.532800000000000000e+04 1.378620461381719778e-54
3.545600000000000000e+04 1.378620461381719778e-54
3.558400000000000000e+04 1.378620461381719778e-54
3.571200000000000000e+04 5.891012258305337180e-55
3.584000000000000000e+04 5.891012258305337180e-55
3.596800000000000000e+04 5.891012258305337180e-55
3.609600000000000000e+04 5.891012258305337180e-55
3.622400000000000000e+04 1.768389547068536639e-55
3.635200000000000000e+04 1.076869533088555779e-55
3.648000000000000000e+04 7.386257091292383881e-56
3.660800000000000000e+04 7.386257091292383881e-56
3.673600000000000000e+04 7.386257091292383881e-56
3.686400000000000000e+04 4.410807066380162091e-56
3.699200000000000000e+04 4.410807066380162091e-56
3.712000000000000000e+04 3.361522321157039714e-57
3.724800000000000000e+04 3.361522321157039714e-57
3.737600000000000000e+04 3.361522321157039714e-57
3.750400000000000000e+04 3.361522321157039714e-57
3.763200000000000000e+04 3.361522321157039714e-57
3.776000000000000000e+04 8.779591790943668982e-58
3.788800000000000000e+04 8.779591790943668982e-58
3.801600000000000000e+04 8.565632610803655445e-58
3.814400000000000000e+04 8.565632610803655445e-58
3.827200000000000000e+04 8.565632610803655445e-58
3.840000000000000000e+04 4.852983314684516654e-58
3.852800000000000000e+04 1.807157726998781780e-58
3.865600000000000000e+04 1.807157726998781780e-58
3.878400000000000000e+04 1.879448554992731998e-59
3.891200000000000000e+04 1.879448554992731998e-59
3.904000000000000000e+04 1.879448554992731998e-59
3.916800000000000000e+04 1.879448554992731998e-59
3.929600000000000000e+04 1.671906188344454049e-59
3.942400000000000000e+04 1.671906188344454049e-59
3.955200000000000000e+04 1.671906188344454049e-59
3.968000000000000000e+04 1.205517928312394327e-59
3.980800000000000000e+04 1.396142016890017489e-60
3.993600000000000000e+04 1.396142016890017489e-60
4.006400000000000000e+04 1.396142016890017489e-60
4.019200000000000000e+04 1.396142016890017489e-60
4.032000000000000000e+04 9.451676786170227784e-61
4.044800000000000000e+04 9.451676786170227784e-61
4.057600000000000000e+04 9.451676786170227784e-61
4.070400000000000000e+04 2.710980446669085610e-61
4.083200000000000000e+04 8.845559723119254029e-62
4.096000000000000000e+04 8.845559723119254029e-62
4.108800000000000000e+04 8.845559723119254029e-62
4.121600000000000000e+04 7.058953686773612119e-63
4.134400000000000000e+04 7.058953686773612119e-63
4.147200000000000000e+04 7.058953686773612119e-63
4.160000000000000000e+04 7.058953686773612119e-63
4.172800000000000000e+04 7.058953686773612119e-63
4.185600000000000000e+04 2.486113339193479414e-64
4.198400000000000000e+04 2.486113339193479414e-64
4.211200000000000000e+04 2.486113339193479414e-64
4.224000000000000000e+04 2.486113339193479414e-64
4.236800000000000000e+04 2.486113339193479414e-64
4.249600000000000000e+04 1.463353834755603069e-64
4.262400000000000000e+04 1.463353834755603069e-64
4.275200000000000000e+04 1.022505992163748264e-64
4.288000000000000000e+04 3.168624593303389553e-65
4.300800000000000000e+04 3.168624593303389553e-65
4.313600000000000000e+04 3.168624593303389553e-65
4.326400000000000000e+04 3.168624593303389553e-65
4.339200000000000000e+04 3.407710489454673142e-66
4.352000000000000000e+04 3.407710489454673142e-66
4.364800000000000000e+04 3.407710489454673142e-66
4.377600000000000000e+04 3.407710489454673142e-66
4.390400000000000000e+04 3.407710489454673142e-66
4.403200000000000000e+04 1.587303736268516656e-66
4.416000000000000000e+04 5.946106880020913795e-67
4.428800000000000000e+04 5.946106880020913795e-67
4.441600000000000000e+04 1.637295128781460722e-67
4.454400000000000000e+04 1.667493692911200947e-68
4.467200000000000000e+04 1.667493692911200947e-68
4.480000000000000000e+04 1.667493692911200947e-68
4.492800000000000000e+04 1.667493692911200947e-68
4.505600000000000000e+04 1.667493692911200947e-68
4.518400000000000000e+04 5.868996009357988414e-69
4.531200000000000000e+04 5.868996009357988414e-69
4.544000000000000000e+04 1.213698611411930685e-69
4.556800000000000000e+04 6.600679228619737331e-70
4.569600000000000000e+04 6.600679228619737331e-70
4.582400000000000000e+04 6.600679228619737331e-70
4.595200000000000000e+04 5.469227776535962205e-70
4.608000000000000000e+04 5.469227776535962205e-70
4.620800000000000000e+04 5.469227776535962205e-70
4.633600000000000000e+04 3.087284282997934044e-71
4.646400000000000000e+04 3.087284282997934044e-71
4.659200000000000000e+04 3.087284282997934044e-71
4.672000000000000000e+04 3.087284282997934044e-71
4.684800000000000000e+04 3.087284282997934044e-71
4.697600000000000000e+04 3.087284282997934044e-71
4.710400000000000000e+04 3.087284282997934044e-71
4.723200000000000000e+04 3.087284282997934044e-71
4.736000000000000000e+04 3.087284282997934044e-71
4.748800000000000000e+04 3.087284282997934044e-71
4.761600000000000000e+04 2.836978375436365008e-71
4.774400000000000000e+04 8.777462066168112429e-72
4.787200000000000000e+04 8.777462066168112429e-72
4.800000000000000000e+04 3.186052262218909960e-72
4.812800000000000000e+04 3.186052262218909960e-72
4.825600000000000000e+04 9.075175341341902171e-73
4.838400000000000000e+04 9.075175341341902171e-73
4.851200000000000000e+04 9.075175341341902171e-73
4.864000000000000000e+04 9.013562811121292524e-73
4.876800000000000000e+04 4.002505176083982971e-74
4.889600000000000000e+04 4.002505176083982971e-74
4.902400000000000000e+04 4.002505176083982971e-74
4.915200000000000000e+04 4.002505176083982971e-74
4.928000000000000000e+04 8.224481485800646152e-75
4.940800000000000000e+04 8.224481485800646152e-75
4.953600000000000000e+04 8.224481485800646152e-75
4.966400000000000000e+04 6.650416688096249975e-75
4.979200000000000000e+04 5.023061219003748175e-75
4.992000000000000000e+04 5.023061219003748175e-75
5.004800000000000000e+04 2.630162982273590969e-75
5.017600000000000000e+04 2.630162982273590969e-75
5.030400000000000000e+04 1.232484736343610607e-75
5.043200000000000000e+04 1.232484736343610607e-75
5.056000000000000000e+04 9.596767156899434609e-76
5.068800000000000000e+04 7.570145143258143311e-76
5.081600000000000000e+04 9.081689134834027826e-77
5.094400000000000000e+04 9.081689134834027826e-77
5.107200000000000000e+04 9.081689134834027826e-77
5.120000000000000000e+04 9.081689134834027826e-77
5.132800000000000000e+04 2.261537132169301852e-77
5.145600000000000000e+04 2.261537132169301852e-77
5.158400000000000000e+04 2.261537132169301852e-77
5.171200000000000000e+04 1.429530592823087400e-77
5.184000000000000000e+04 1.284376907028768607e-79
5.196800000000000000e+04 1.284376907028768607e-79
5.209600000000000000e+04 1.284376907028768607e-79
5.222400000000000000e+04 1.284376907028768607e-79
5.235200000000000000e+04 1.284376907028768607e-79
5.248000000000000000e+04 1.284376907028768607e-79
5.260800000000000000e+04 2.551743831212419591e-80
5.273600000000000000e+04 2.551743831212419591e-80
5.286400000000000000e+04 2.551743831212419591e-80
5.299200000000000000e+04 2.551743831212419591e-80
5.312000000000000000e+04 2.551743831212419591e-80
5.324800000000000000e+04 2.551743831212419591e-80
5.337600000000000000e+04 2.551743831212419591e-80
5.350400000000000000e+04 2.551743831212419591e-80
5.363200000000000000e+04 2.551743831212419591e-80
5.376000000000000000e+04 2.551743831212419591e-80
5.388800000000000000e+04 2.039150277746665981e-80
5.401600000000000000e+04 2.039150277746665981e-80
5.414400000000000000e+04 2.039150277746665981e-80
5.427200000000000000e+04 1.509510982982878506e-80
5.440000000000000000e+04 9.232920822875860819e-82
5.452800000000000000e+04 9.232920822875860819e-82
5.465600000000000000e+04 9.232920822875860819e-82
5.478400000000000000e+04 5.563792955448976764e-82
5.491200000000000000e+04 5.563792955448976764e-82
5.504000000000000000e+04 3.634042697011313877e-82
5.516800000000000000e+04 2.155643137922959452e-83
5.529600000000000000e+04 2.155643137922959452e-83
5.542400000000000000e+04 2.155643137922959452e-83
5.555200000000000000e+04 2.155643137922959452e-83
5.568000000000000000e+04 8.411954215063496553e-85
5.580800000000000000e+04 8.411954215063496553e-85
5.593600000000000000e+04 8.411954215063496553e-85
5.606400000000000000e+04 8.411954215063496553e-85
5.619200000000000000e+04 8.411954215063496553e-85
5.632000000000000000e+04 8.411954215063496553e-85
5.644800000000000000e+04 1.860688429592221167e-85
5.657600000000000000e+04 1.860688429592221167e-85
5.670400000000000000e+04 1.860688429592221167e-85
5.683200000000000000e+04 1.860688429592221167e-85
5.696000000000000000e+04 7.251565020814717647e-86
5.708800000000000000e+04 4.954124417717184229e-86
5.721600000000000000e+04 4.954124417717184229e-86
5.734400000000000000e+04 3.861161958610720179e-87
5.747200000000000000e+04 3.861161958610720179e-87
5.760000000000000000e+04 3.861161958610720179e-87
5.772800000000000000e+04 3.861161958610720179e-87
5.785600000000000000e+04 3.356544760513912263e-87
5.798400000000000000e+04 2.636016712493172193e-87
5.811200000000000000e+04 1.177840918794523026e-87
5.824000000000000000e+04 1.177840918794523026e-87
5.836800000000000000e+04 1.177840918794523026e-87
5.849600000000000000e+04 1.177840918794523026e-87
5.862400000000000000e+04 8.820456531790570307e-89
5.875200000000000000e+04 8.820456531790570307e-89
5.888000000000000000e+04 8.820456531790570307e-89
5.900800000000000000e+04 8.820456531790570307e-89
5.913600000000000000e+04 8.820456531790570307e-89
5.926400000000000000e+04 8.820456531790570307e-89
5.939200000000000000e+04 8.820456531790570307e-89
5.952000000000000000e+04 2.718863083854534578e-89
5.964800000000000000e+04 5.277526880373921213e-90
5.977600000000000000e+04 5.277526880373921213e-90
5.990400000000000000e+04 5.277526880373921213e-90
6.003200000000000000e+04 5.277526880373921213e-90
6.016000000000000000e+04 5.277526880373921213e-90
6.028800000000000000e+04 8.574642642630338191e-91
6.041600000000000000e+04 8.574642642630338191e-91
6.054400000000000000e+04 8.574642642630338191e-91
6.067200000000000000e+04 8.574642642630338191e-91
6.080000000000000000e+04 3.659711592074070780e-91
6.092800000000000000e+04 4.251903256777500481e-92
6.105600000000000000e+04 4.251903256777500481e-92
6.118400000000000000e+04 4.251903256777500481e-92
6.131200000000000000e+04 4.251903256777500481e-92
6.144000000000000000e+04 4.251903256777500481e-92
6.156800000000000000e+04 4.251903256777500481e-92
6.169600000000000000e+04 4.251903256777500481e-92
6.182400000000000000e+04 2.144159049438077117e-92
6.195200000000000000e+04 2.752367623195389641e-93
6.208000000000000000e+04 2.752367623195389641e-93
6.220800000000000000e+04 2.752367623195389641e-93
6.233600000000000000e+04 1.455953253946643150e-93
6.246400000000000000e+04 1.455953253946643150e-93
6.259200000000000000e+04 1.455953253946643150e-93
6.272000000000000000e+04 1.455953253946643150e-93
6.284800000000000000e+04 1.455953253946643150e-93
6.297600000000000000e+04 7.712356167406275086e-94
6.310400000000000000e+04 7.712356167406275086e-94
6.323200000000000000e+04 7.712356167406275086e-94
6.336000000000000000e+04 2.403732731767549017e-94
6.348800000000000000e+04 5.503102065208086736e-95
6.361600000000000000e+04 5.503102065208086736e-95
6.374400000000000000e+04 5.503102065208086736e-95
6.387200000000000000e+04 2.191071873162357342e-95
6.400000000000000000e+04 2.191071873162357342e-95
6.412800000000000000e+04 5.384810076870871036e-96
6.425600000000000000e+04 5.319953995157049361e-96
6.438400000000000000e+04 5.319953995157049361e-96
6.451200000000000000e+04 1.768487343288905407e-96
6.464000000000000000e+04 1.768487343288905407e-96
6.476800000000000000e+04 3.960090422280514872e-98
6.489600000000000000e+04 3.960090422280514872e-98
6.502400000000000000e+04 3.960090422280514872e-98
6.515200000000000000e+04 3.960090422280514872e-98
6.528000000000000000e+04 3.960090422280514872e-98
6.540800000000000000e+04 3.960090422280514872e-98
6.553600000000000000e+04 3.960090422280514872e-98
6.566400000000000000e+04 3.838863328831269448e-98
6.579200000000000000e+04 3.838863328831269448e-98
6.592000000000000000e+04 3.613388605214298041e-99
6.604800000000000000e+04 2.201385327377981189e-99
6.617600000000000000e+04 2.201385327377981189e-99
6.630400000000000000e+04 2.201385327377981189e-99
6.643200000000000000e+04 2.201385327377981189e-99
6.656000000000000000e+04 2.201385327377981189e-99
6.668800000000000000e+04 2.201385327377981189e-99
6.681600000000000000e+04 2.201385327377981189e-99
6.694400000000000000e+04 1.254171825332693201e-99
6.707200000000000000e+04 1.047479157184908719e-99
6.720000000000000000e+04 1.047479157184908719e-99
6.732800000000000000e+04 5.003035139621034505e-100
6.745600000000000000e+04 3.439922109528983595e-100
6.758400000000000000e+04 5.046888912194765044e-101
6.771200000000000000e+04 5.046888912194765044e-101
6.784000000000000000e+04 5.046888912194765044e-101
6.796800000000000000e+04 5.046888912194765044e-101
6.809600000000000000e+04 5.046888912194765044e-101
6.822400000000000000e+04 5.046888912194765044e-101
6.835200000000000000e+04 3.212221517919883708e-102
6.848000000000000000e+04 3.212221517919883708e-102
6.860800000000000000e+04 3.212221517919883708e-102
6.873600000000000000e+04 3.212221517919883708e-102
6.886400000000000000e+04 3.212221517919883708e-102
6.899200000000000000e+04 3.212221517919883708e-102
6.912000000000000000e+04 1.371375383324242081e-102
6.924800000000000000e+04 1.371375383324242081e-102
6.937600000000000000e+04 1.371375383324242081e-102
6.950400000000000000e+04 2.867635670687722309e-103
6.963200000000000000e+04 2.867635670687722309e-103
6.976000000000000000e+04 2.867635670687722309e-103
6.988800000000000000e+04 5.956716567093680995e-104
7.001600000000000000e+04 2.812087997583126151e-104
7.014400000000000000e+04 2.812087997583126151e-104
7.027200000000000000e+04 7.037295409565204975e-105
7.040000000000000000e+04 7.037295409565204975e-105
7.052800000000000000e+04 1.117109134705252417e-105
7.065600000000000000e+04 1.117109134705252417e-105
7.078400000000000000e+04 1.012168592443742912e-105
7.091200000000000000e+04 1.012168592443742912e-105
7.104000000000000000e+04 1.012168592443742912e-105
7.116800000000000000e+04 1.012168592443742912e-105
7.129600000000000000e+04 1.012168592443742912e-105
7.142400000000000000e+04 1.012168592443742912e-105
7.155200000000000000e+04 1.012168592443742912e-105
7.168000000000000000e+04 5.937632874265808640e-106
7.180800000000000000e+04 3.045840890715334081e-106
7.193600000000000000e+04 5.527519958772846745e-107
7.206400000000000000e+04 5.527519958772846745e-107
7.219200000000000000e+04 5.527519958772846745e-107
7.232000000000000000e+04 5.527519958772846745e-107
7.244800000000000000e+04 3.145799039336769011e-107
7.257600000000000000e+04 1.643237757756480408e-107
7.270400000000000000e+04 1.643237757756480408e-107
7.283200000000000000e+04 2.076633783789903039e-108
7.296000000000000000e+04 2.076633783789903039e-108
7.308800000000000000e+04 2.076633783789903039e-108
7.321600000000000000e+04 1.986964650574194602e-108
7.334400000000000000e+04 1.432735645097526998e-108
7.347200000000000000e+04 1.432735645097526998e-108
7.360000000000000000e+04 3.234648684691106077e-109
7.372800000000000000e+04 2.266036760228858565e-109
7.385600000000000000e+04 1.673102164732195965e-109
7.398400000000000000e+04 6.810143318904778261e-111
7.411200000000000000e+04 6.810143318904778261e-111
7.424000000000000000e+04 6.810143318904778261e-111
7.436800000000000000e+04 6.810143318904778261e-111
7.449600000000000000e+04 6.810143318904778261e-111
7.462400000000000000e+04 6.810143318904778261e-111
7.475200000000000000e+04 6.810143318904778261e-111
7.488000000000000000e+04 6.810143318904778261e-111
7.500800000000000000e+04 3.747550455567587207e-111
7.513600000000000000e+04 3.747550455567587207e-111
7.526400000000000000e+04 3.747550455567587207e-111
7.539200000000000000e+04 2.406969434963738519e-111
7.552000000000000000e+04 1.092562948540415238e-111
7.564800000000000000e+04 5.624226041468022163e-112
7.577600000000000000e+04 3.602164017485937818e-113
7.590400000000000000e+04 3.602164017485937818e-113
7.603200000000000000e+04 3.602164017485937818e-113
7.616000000000000000e+04 3.602164017485937818e-113
7.628800000000000000e+04 3.602164017485937818e-113
7.641600000000000000e+04 1.507695623807772310e-113
7.654400000000000000e+04 9.934285028843415760e-114
7.667200000000000000e+04 1.072985733171688564e-114
7.680000000000000000e+04 1.072985733171688564e-114
7.692800000000000000e+04 1.038052588335598125e-114
7.705600000000000000e+04 1.038052588335598125e-114
7.718400000000000000e+04 1.038052588335598125e-114
7.731200000000000000e+04 4.077677397870107054e-115
7.744000000000000000e+04 4.077677397870107054e-115
7.756800000000000000e+04 4.077677397870107054e-115
7.769600000000000000e+04 3.878481022414671948e-115
7.782400000000000000e+04 1.537139398609458789e-116
7.795200000000000000e+04 2.543507729660562429e-117
7.808000000000000000e+04 2.543507729660562429e-117
7.820800000000000000e+04 2.543507729660562429e-117
7.833600000000000000e+04 2.543507729660562429e-117
7.846400000000000000e+04 2.543507729660562429e-117
7.859200000000000000e+04 2.543507729660562429e-117
7.872000000000000000e+04 2.543507729660562429e-117
7.884800000000000000e+04 2.543507729660562429e-117
7.897600000000000000e+04 2.478572129530409786e-117
7.910400000000000000e+04 2.478572129530409786e-117
7.923200000000000000e+04 1.936530845266427883e-117
7.936000000000000000e+04 1.651254638392282014e-118
7.948800000000000000e+04 1.651254638392282014e-118
7.961600000000000000e+04 1.651254638392282014e-118
7.974400000000000000e+04 1.651254638392282014e-118
7.987200000000000000e+04 1.651254638392282014e-118
8.000000000000000000e+04 4.844760498522028407e-119
8.012800000000000000e+04 4.844760498522028407e-119
8.025600000000000000e+04 1.237895079014679582e-119
8.038400000000000000e+04 1.237895079014679582e-119
8.051200000000000000e+04 1.237895079014679582e-119
8.064000000000000000e+04 1.237895079014679582e-119
8.076800000000000000e+04 1.237895079014679582e-119
8.089600000000000000e+04 1.536024528525784855e-120
8.102400000000000000e+04 1.536024528525784855e-120
8.115200000000000000e+04 1.536024528525784855e-120
8.128000000000000000e+04 1.520351567048521036e-120
8.140800000000000000e+04 1.319373037181418660e-121
8.153600000000000000e+04 8.606146157393378070e-122
8.166400000000000000e+04 8.606146157393378070e-122
8.179200000000000000e+04 8.606146157393378070e-122
8.192000000000000000e+04 8.606146157393378070e-122
8.204800000000000000e+04 8.606146157393378070e-122
8.217600000000000000e+04 2.611495789291481105e-122
8.230400000000000000e+04 2.874762464534797337e-123
8.243200000000000000e+04 2.523535423261123949e-124
8.256000000000000000e+04 2.523535423261123949e-124
8.268800000000000000e+04 2.523535423261123949e-124
8.281600000000000000e+04 2.523535423261123949e-124
8.294400000000000000e+04 2.523535423261123949e-124
8.307200000000000000e+04 2.523535423261123949e-124
8.320000000000000000e+04 2.523535423261123949e-124
8.332800000000000000e+04 2.523535423261123949e-124
8.345600000000000000e+04 2.523535423261123949e-124
8.358400000000000000e+04 2.523535423261123949e-124
8.371200000000000000e+04 8.535838084363168366e-125
8.384000000000000000e+04 8.535838084363168366e-125
8.396800000000000000e+04 4.604484101905913490e-125
8.409600000000000000e+04 4.604484101905913490e-125
8.422400000000000000e+04 4.586803519349066023e-126
8.435200000000000000e+04 4.586803519349066023e-126
8.448000000000000000e+04 4.586803519349066023e-126
8.460800000000000000e+04 4.586803519349066023e-126
8.473600000000000000e+04 4.586803519349066023e-126
8.486400000000000000e+04 1.820531706022156039e-126
8.499200000000000000e+04 1.820531706022156039e-126
8.512000000000000000e+04 1.820531706022156039e-126
8.524800000000000000e+04 9.656050072426095943e-127
8.537600000000000000e+04 4.144375081097536440e-127
8.550400000000000000e+04 5.794501721820036553e-129
8.563200000000000000e+04 5.794501721820036553e-129
8.576000000000000000e+04 5.794501721820036553e-129
8.588800000000000000e+04 5.794501721820036553e-129
8.601600000000000000e+04 5.794501721820036553e-129
8.614400000000000000e+04 5.794501721820036553e-129
8.627200000000000000e+04 5.794501721820036553e-129
8.640000000000000000e+04 5.794501721820036553e-129
8.652800000000000000e+04 5.794501721820036553e-129
8.665600000000000000e+04 5.794501721820036553e-129
8.678400000000000000e+04 9.551216684499124610e-130
8.691200000000000000e+04 9.551216684499124610e-130
8.704000000000000000e+04 9.551216684499124610e-130
8.716800000000000000e+04 9.551216684499124610e-130
8.729600000000000000e+04 9.551216684499124610e-130
8.742400000000000000e+04 9.551216684499124610e-130
8.755200000000000000e+04 5.989680496864390309e-130
8.768000000000000000e+04 9.355692704871040554e-131
8.780800000000000000e+04 9.355692704871040554e-131
8.793600000000000000e+04 9.355692704871040554e-131
8.806400000000000000e+04 9.355692704871040554e-131
8.819200000000000000e+04 2.760096894727617990e-132
8.832000000000000000e+04 2.760096894727617990e-132
8.844800000000000000e+04 2.760096894727617990e-132
8.857600000000000000e+04 2.760096894727617990e-132
8.870400000000000000e+04 2.760096894727617990e-132
8.883200000000000000e+04 2.760096894727617990e-132
8.896000000000000000e+04 2.760096894727617990e-132
8.908800000000000000e+04 2.760096894727617990e-132
8.921600000000000000e+04 5.047193428341510019e-133
8.934400000000000000e+04 5.047193428341510019e-133
8.947200000000000000e+04 5.047193428341510019e-133
8.960000000000000000e+04 1.194788031933166752e-133
8.972800000000000000e+04 1.194788031933166752e-133
8.985600000000000000e+04 1.194788031933166752e-133
8.998400000000000000e+04 1.194788031933166752e-133
9.011200000000000000e+04 1.194788031933166752e-133
9.024000000000000000e+04 1.036198524277043774e-133
9.036800000000000000e+04 5.046876480180466612e-134
9.049600000000000000e+04 1.227182485875921618e-134
9.062400000000000000e+04 1.227182485875921618e-134
9.075200000000000000e+04 1.227182485875921618e-134
9.088000000000000000e+04 1.227182485875921618e-134
9.100800000000000000e+04 2.128431640084829109e-135
9.113600000000000000e+04 2.128431640084829109e-135
9.126400000000000000e+04 5.308603344546006780e-136
9.139200000000000000e+04 5.308603344546006780e-136
9.152000000000000000e+04 5.308603344546006780e-136
9.164800000000000000e+04 5.308603344546006780e-136
9.177600000000000000e+04 5.308603344546006780e-136
9.190400000000000000e+04 2.619949935851935546e-138
9.203200000000000000e+04 2.619949935851935546e-138
9.216000000000000000e+04 2.619949935851935546e-138
9.228800000000000000e+04 2.619949935851935546e-138
9.241600000000000000e+04 2.619949935851935546e-138
9.254400000000000000e+04 2.619949935851935546e-138
9.267200000000000000e+04 2.619949935851935546e-138
9.280000000000000000e+04 2.619949935851935546e-138
9.292800000000000000e+04 2.619949935851935546e-138
9.305600000000000000e+04 2.619949935851935546e-138
9.318400000000000000e+04 2.619949935851935546e-138
9.331200000000000000e+04 2.619949935851935546e-138
9.344000000000000000e+04 2.619949935851935546e-138
9.356800000000000000e+04 2.619949935851935546e-138
9.369600000000000000e+04 7.903574194902974575e-139
9.382400000000000000e+04 7.903574194902974575e-139
9.395200000000000000e+04 1.729032191998348642e-139
9.408000000000000000e+04 2.965519320079201747e-140
9.420800000000000000e+04 2.965519320079201747e-140
9.433600000000000000e+04 2.965519320079201747e-140
9.446400000000000000e+04 2.965519320079201747e-140
9.459200000000000000e+04 2.965519320079201747e-140
9.472000000000000000e+04 2.965519320079201747e-140
9.484800000000000000e+04 2.965519320079201747e-140
9.497600000000000000e+04 2.965519320079201747e-140
9.510400000000000000e+04 2.042540484577698852e-140
9.523200000000000000e+04 1.463745794633076451e-140
9.536000000000000000e+04 1.073227588535810865e-140
9.548800000000000000e+04 3.396453753417396157e-141
9.561600000000000000e+04 3.396453753417396157e-141
9.574400000000000000e+04 1.763962562083856868e-141
9.587200000000000000e+04 1.012794808478474682e-141
9.600000000000000000e+04 1.012794808478474682e-141
9.612800000000000000e+04 6.780224977039002304e-142
9.625600000000000000e+04 2.929579521218663687e-143
9.638400000000000000e+04 2.929579521218663687e-143
9.651200000000000000e+04 2.929579521218663687e-143
9.664000000000000000e+04 1.049686105042113941e-143
9.676800000000000000e+04 1.049686105042113941e-143
9.689600000000000000e+04 1.049686105042113941e-143
9.702400000000000000e+04 1.049686105042113941e-143
9.715200000000000000e+04 1.049686105042113941e-143
9.728000000000000000e+04 1.049686105042113941e-143
9.740800000000000000e+04 7.715558684695343676e-144
9.753600000000000000e+04 7.715558684695343676e-144
9.766400000000000000e+04 3.706811873586630044e-144
9.779200000000000000e+04 2.407045667530632657e-144
9.792000000000000000e+04 7.234480338449043962e-146
9.804800000000000000e+04 7.234480338449043962e-146
9.817600000000000000e+04 7.234480338449043962e-146
9.830400000000000000e+04 7.234480338449043962e-146
9.843200000000000000e+04 7.234480338449043962e-146
9.856000000000000000e+04 7.234480338449043962e-146
9.868800000000000000e+04 7.234480338449043962e-146
9.881600000000000000e+04 7.234480338449043962e-146
9.894400000000000000e+04 1.170885160919040587e-146
9.907200000000000000e+04 1.170885160919040587e-146
9.920000000000000000e+04 5.118754241643106534e-147
9.932800000000000000e+04 5.118754241643106534e-147
9.945600000000000000e+04 5.118754241643106534e-147
9.958400000000000000e+04 5.118754241643106534e-147
9.971200000000000000e+04 4.653854406609706450e-148
9.984000000000000000e+04 4.653854406609706450e-148
9.996800000000000000e+04 9.821135276169983922e-149
1.000960000000000000e+05 9.821135276169983922e-149
