1.024000000000000000e+03 3.777896996421951231e-02
2.048000000000000000e+03 3.777896996421951231e-02
3.072000000000000000e+03 3.777896996421951231e-02
4.096000000000000000e+03 2.615659932116472242e-02
5.120000000000000000e+03 8.412446357481116396e-03
6.144000000000000000e+03 4.657789379552482179e-03
7.168000000000000000e+03 4.657789379552482179e-03
8.192000000000000000e+03 2.675424571486910343e-03
9.216000000000000000e+03 1.905685201889086890e-03
1.024000000000000000e+04 1.022106890145426826e-03
1.126400000000000000e+04 1.022106890145426826e-03
1.228800000000000000e+04 4.045974006806204261e-05
1.331200000000000000e+04 4.045974006806204261e-05
1.433600000000000000e+04 4.045974006806204261e-05
1.536000000000000000e+04 4.045974006806204261e-05
1.638400000000000000e+04 4.045974006806204261e-05
1.740800000000000000e+04 3.427843417352957991e-05
1.843200000000000000e+04 3.427843417352957991e-05
1.945600000000000000e+04 3.427843417352957991e-05
2.048000000000000000e+04 3.427843417352957991e-05
2.150400000000000000e+04 1.701074117656822518e-06
2.252800000000000000e+04 1.278860881948563846e-06
2.355200000000000000e+04 1.278860881948563846e-06
2.457600000000000000e+04 1.278860881948563846e-06
2.560000000000000000e+04 6.143878213679684447e-07
2.662400000000000000e+04 6.143878213679684447e-07
2.764800000000000000e+04 6.143878213679684447e-07
2.867200000000000000e+04 6.143878213679684447e-07
2.969600000000000000e+04 8.532772944741931107e-09
3.072000000000000000e+04 8.532772944741931107e-09
3.174400000000000000e+04 8.532772944741931107e-09
3.276800000000000000e+04 8.532772944741931107e-09
3.379200000000000000e+04 8.532772944741931107e-09
3.481600000000000000e+04 8.532772944741931107e-09
3.584000000000000000e+04 8.532772944741931107e-09
3.686400000000000000e+04 8.532772944741931107e-09
3.788800000000000000e+04 8.532772944741931107e-09
3.891200000000000000e+04 7.292062785299915468e-09
3.993600000000000000e+04 7.292062785299915468e-09
4.096000000000000000e+04 7.292062785299915468e-09
4.198400000000000000e+04 7.292062785299915468e-09
4.300800000000000000e+04 1.192501110655968649e-09
4.403200000000000000e+04 1.192501110655968649e-09
4.505600000000000000e+04 1.192501110655968649e-09
4.608000000000000000e+04 6.244941792534572859e-10
4.710400000000000000e+04 8.309529025708583227e-11
4.812800000000000000e+04 6.960986872905746974e-11
4.915200000000000000e+04 6.960986872905746974e-11
5.017600000000000000e+04 6.960986872905746974e-11
5.120000000000000000e+04 2.263693376766334126e-11
5.222400000000000000e+04 2.006476163893234962e-11
5.324800000000000000e+04 2.006476163893234962e-11
5.427200000000000000e+04 2.006476163893234962e-11
5.529600000000000000e+04 1.876743909445758146e-11
5.632000000000000000e+04 8.704485465367439776e-12
5.734400000000000000e+04 6.935388257208468069e-12
5.836800000000000000e+04 2.166877881839203356e-12
5.939200000000000000e+04 1.583389388772429390e-12
6.041600000000000000e+04 1.583389388772429390e-12
6.144000000000000000e+04 8.561724317077204384e-13
6.246400000000000000e+04 4.027484685673790791e-13
6.348800000000000000e+04 4.027484685673790791e-13
6.451200000000000000e+04 8.140506416367515381e-14
6.553600000000000000e+04 8.140506416367515381e-14
6.656000000000000000e+04 3.802628030635996765e-14
6.758400000000000000e+04 3.802628030635996765e-14
6.860800000000000000e+04 3.802628030635996765e-14
6.963200000000000000e+04 3.802628030635996765e-14
7.065600000000000000e+04 2.234187720087295090e-15
7.168000000000000000e+04 2.234187720087295090e-15
7.270400000000000000e+04 2.234187720087295090e-15
7.372800000000000000e+04 2.234187720087295090e-15
7.475200000000000000e+04 2.234187720087295090e-15
7.577600000000000000e+04 1.160960167469025184e-15
7.680000000000000000e+04 9.469530583117118157e-16
7.782400000000000000e+04 7.509209348393941434e-16
7.884800000000000000e+04 7.509209348393941434e-16
7.987200000000000000e+04 4.542665608444233488e-16
8.089600000000000000e+04 5.138652995793653523e-18
8.192000000000000000e+04 5.138652995793653523e-18
8.294400000000000000e+04 5.138652995793653523e-18
8.396800000000000000e+04 5.138652995793653523e-18
8.499200000000000000e+04 5.138652995793653523e-18
8.601600000000000000e+04 5.138652995793653523e-18
8.704000000000000000e+04 5.138652995793653523e-18
8.806400000000000000e+04 5.138652995793653523e-18
8.908800000000000000e+04 1.165979702103090509e-18
9.011200000000000000e+04 1.165979702103090509e-18
9.113600000000000000e+04 1.165979702103090509e-18
9.216000000000000000e+04 1.165979702103090509e-18
9.318400000000000000e+04 4.024407534381453053e-19
9.420800000000000000e+04 4.024407534381453053e-19
9.523200000000000000e+04 2.378991987039464714e-19
9.625600000000000000e+04 4.517107664912995527e-20
9.728000000000000000e+04 4.517107664912995527e-20
9.830400000000000000e+04 4.517107664912995527e-20
9.932800000000000000e+04 4.517107664912995527e-20
1.003520000000000000e+05 4.517107664912995527e-20
