2.048000000000000000e+03 1.144586139068443364e-01
4.096000000000000000e+03 1.144586139068443364e-01
6.144000000000000000e+03 1.144586139068443364e-01
8.192000000000000000e+03 1.144586139068443364e-01
1.024000000000000000e+04 1.144586139068443364e-01
1.228800000000000000e+04 6.561883829990609873e-02
1.433600000000000000e+04 6.561883829990609873e-02
1.638400000000000000e+04 6.561883829990609873e-02
1.843200000000000000e+04 6.561883829990609873e-02
2.048000000000000000e+04 5.870974159268053764e-03
2.252800000000000000e+04 5.870974159268053764e-03
2.457600000000000000e+04 5.870974159268053764e-03
2.662400000000000000e+04 5.870974159268053764e-03
2.867200000000000000e+04 5.870974159268053764e-03
3.072000000000000000e+04 5.870974159268053764e-03
3.276800000000000000e+04 5.870974159268053764e-03
3.481600000000000000e+04 5.870974159268053764e-03
3.686400000000000000e+04 5.870974159268053764e-03
3.891200000000000000e+04 5.870974159268053764e-03
4.096000000000000000e+04 5.870974159268053764e-03
4.300800000000000000e+04 5.870974159268053764e-03
4.505600000000000000e+04 5.870974159268053764e-03
4.710400000000000000e+04 5.870974159268053764e-03
4.915200000000000000e+04 3.885105442403519009e-03
5.120000000000000000e+04 3.725563663074467173e-03
5.324800000000000000e+04 3.725563663074467173e-03
5.529600000000000000e+04 3.725563663074467173e-03
5.734400000000000000e+04 3.725563663074467173e-03
5.939200000000000000e+04 3.725563663074467173e-03
6.144000000000000000e+04 3.725563663074467173e-03
6.348800000000000000e+04 3.725563663074467173e-03
6.553600000000000000e+04 3.725563663074467173e-03
6.758400000000000000e+04 3.725563663074467173e-03
6.963200000000000000e+04 2.291728874420427813e-03
7.168000000000000000e+04 2.291728874420427813e-03
7.372800000000000000e+04 8.844671710853457608e-04
7.577600000000000000e+04 4.543393255278791224e-04
7.782400000000000000e+04 4.543393255278791224e-04
7.987200000000000000e+04 4.543393255278791224e-04
8.192000000000000000e+04 4.543393255278791224e-04
8.396800000000000000e+04 2.465362256621251615e-04
8.601600000000000000e+04 2.465362256621251615e-04
8.806400000000000000e+04 2.465362256621251615e-04
9.011200000000000000e+04 4.925363717710968333e-05
9.216000000000000000e+04 4.925363717710968333e-05
9.420800000000000000e+04 4.925363717710968333e-05
9.625600000000000000e+04 4.925363717710968333e-05
9.830400000000000000e+04 1.488106856106351933e-05
1.003520000000000000e+05 1.488106856106351933e-05
