1.024000000000000000e+03 4.760569286528719413e-02
2.048000000000000000e+03 4.760569286528719413e-02
3.072000000000000000e+03 3.699236559776643979e-02
4.096000000000000000e+03 7.563020137068965712e-03
5.120000000000000000e+03 7.563020137068965712e-03
6.144000000000000000e+03 7.563020137068965712e-03
7.168000000000000000e+03 7.563020137068965712e-03
8.192000000000000000e+03 7.563020137068965712e-03
9.216000000000000000e+03 4.220355365598467043e-04
1.024000000000000000e+04 4.220355365598467043e-04
1.126400000000000000e+04 4.220355365598467043e-04
1.228800000000000000e+04 4.220355365598467043e-04
1.331200000000000000e+04 3.080005250718540437e-05
1.433600000000000000e+04 3.080005250718540437e-05
1.536000000000000000e+04 3.080005250718540437e-05
1.638400000000000000e+04 5.892931907720945062e-06
1.740800000000000000e+04 5.892931907720945062e-06
1.843200000000000000e+04 5.892931907720945062e-06
1.945600000000000000e+04 5.892931907720945062e-06
2.048000000000000000e+04 5.892931907720945062e-06
2.150400000000000000e+04 5.892931907720945062e-06
2.252800000000000000e+04 1.695269816004984875e-06
2.355200000000000000e+04 1.695269816004984875e-06
2.457600000000000000e+04 1.695269816004984875e-06
2.560000000000000000e+04 1.695269816004984875e-06
2.662400000000000000e+04 1.695269816004984875e-06
2.764800000000000000e+04 7.530758489887793491e-07
2.867200000000000000e+04 7.530758489887793491e-07
2.969600000000000000e+04 7.530758489887793491e-07
3.072000000000000000e+04 5.883689218367435853e-07
3.174400000000000000e+04 4.490002800098250201e-07
3.276800000000000000e+04 9.622247421354468076e-08
3.379200000000000000e+04 9.622247421354468076e-08
3.481600000000000000e+04 9.622247421354468076e-08
3.584000000000000000e+04 9.622247421354468076e-08
3.686400000000000000e+04 9.622247421354468076e-08
3.788800000000000000e+04 4.279357915037425614e-08
3.891200000000000000e+04 4.279357915037425614e-08
3.993600000000000000e+04 4.279357915037425614e-08
4.096000000000000000e+04 1.248370886014725303e-08
4.198400000000000000e+04 1.248370886014725303e-08
4.300800000000000000e+04 1.248370886014725303e-08
4.403200000000000000e+04 1.248370886014725303e-08
4.505600000000000000e+04 2.988752995142076383e-11
4.608000000000000000e+04 2.988752995142076383e-11
4.710400000000000000e+04 2.988752995142076383e-11
4.812800000000000000e+04 2.988752995142076383e-11
4.915200000000000000e+04 2.988752995142076383e-11
5.017600000000000000e+04 2.988752995142076383e-11
5.120000000000000000e+04 2.988752995142076383e-11
5.222400000000000000e+04 2.988752995142076383e-11
5.324800000000000000e+04 1.354610855148449546e-11
5.427200000000000000e+04 1.354610855148449546e-11
5.529600000000000000e+04 1.354610855148449546e-11
5.632000000000000000e+04 1.354610855148449546e-11
5.734400000000000000e+04 1.354610855148449546e-11
5.836800000000000000e+04 1.354610855148449546e-11
5.939200000000000000e+04 1.225659531438613519e-11
6.041600000000000000e+04 3.698678430541244601e-12
6.144000000000000000e+04 3.698678430541244601e-12
6.246400000000000000e+04 3.698678430541244601e-12
6.348800000000000000e+04 1.550938316374100892e-12
6.451200000000000000e+04 2.113018108359220326e-13
6.553600000000000000e+04 4.221935612458382272e-14
6.656000000000000000e+04 4.221935612458382272e-14
6.758400000000000000e+04 4.221935612458382272e-14
6.860800000000000000e+04 4.221935612458382272e-14
6.963200000000000000e+04 5.752424003190906637e-15
7.065600000000000000e+04 5.752424003190906637e-15
7.168000000000000000e+04 5.752424003190906637e-15
7.270400000000000000e+04 5.752424003190906637e-15
7.372800000000000000e+04 4.681777327061991500e-15
7.475200000000000000e+04 4.681777327061991500e-15
7.577600000000000000e+04 6.401089046713468031e-16
7.680000000000000000e+04 6.401089046713468031e-16
7.782400000000000000e+04 6.401089046713468031e-16
7.884800000000000000e+04 6.401089046713468031e-16
7.987200000000000000e+04 6.401089046713468031e-16
8.089600000000000000e+04 6.401089046713468031e-16
8.192000000000000000e+04 6.401089046713468031e-16
8.294400000000000000e+04 5.757419881586979690e-16
8.396800000000000000e+04 5.757419881586979690e-16
8.499200000000000000e+04 2.944548843798437444e-16
8.601600000000000000e+04 2.576275443847144826e-16
8.704000000000000000e+04 1.432718563680339490e-16
8.806400000000000000e+04 3.001367239607028547e-17
8.908800000000000000e+04 1.955096314035572670e-17
9.011200000000000000e+04 1.955096314035572670e-17
9.113600000000000000e+04 1.955096314035572670e-17
9.216000000000000000e+04 1.069923065415144564e-17
9.318400000000000000e+04 1.069923065415144564e-17
9.420800000000000000e+04 1.069923065415144564e-17
9.523200000000000000e+04 1.020536685625821124e-18
9.625600000000000000e+04 1.020536685625821124e-18
9.728000000000000000e+04 1.020536685625821124e-18
9.830400000000000000e+04 7.174767186364435960e-19
9.932800000000000000e+04 7.174767186364435960e-19
1.003520000000000000e+05 7.174767186364435960e-19
