1.024000000000000000e+03 1.267253637552483436e-01
2.048000000000000000e+03 7.439683669826774662e-03
3.072000000000000000e+03 7.439683669826774662e-03
4.096000000000000000e+03 7.439683669826774662e-03
5.120000000000000000e+03 7.439683669826774662e-03
6.144000000000000000e+03 7.439683669826774662e-03
7.168000000000000000e+03 6.539149367097193966e-03
8.192000000000000000e+03 6.539149367097193966e-03
9.216000000000000000e+03 9.682131693873684926e-04
1.024000000000000000e+04 9.682131693873684926e-04
1.126400000000000000e+04 5.867023866629669928e-05
1.228800000000000000e+04 5.867023866629669928e-05
1.331200000000000000e+04 5.867023866629669928e-05
1.433600000000000000e+04 5.867023866629669928e-05
1.536000000000000000e+04 5.867023866629669928e-05
1.638400000000000000e+04 5.867023866629669928e-05
1.740800000000000000e+04 5.867023866629669928e-05
1.843200000000000000e+04 7.510579661538194093e-06
1.945600000000000000e+04 7.510579661538194093e-06
2.048000000000000000e+04 7.510579661538194093e-06
2.150400000000000000e+04 7.510579661538194093e-06
2.252800000000000000e+04 7.510579661538194093e-06
2.355200000000000000e+04 7.510579661538194093e-06
2.457600000000000000e+04 4.155479905295930141e-06
2.560000000000000000e+04 2.731192665089188936e-06
2.662400000000000000e+04 2.731192665089188936e-06
2.764800000000000000e+04 2.408108154480663678e-06
2.867200000000000000e+04 7.861671723144255286e-07
2.969600000000000000e+04 1.320154899068977560e-09
3.072000000000000000e+04 1.320154899068977560e-09
3.174400000000000000e+04 1.320154899068977560e-09
3.276800000000000000e+04 1.320154899068977560e-09
3.379200000000000000e+04 1.320154899068977560e-09
3.481600000000000000e+04 1.320154899068977560e-09
3.584000000000000000e+04 1.320154899068977560e-09
3.686400000000000000e+04 1.320154899068977560e-09
3.788800000000000000e+04 1.320154899068977560e-09
3.891200000000000000e+04 1.320154899068977560e-09
3.993600000000000000e+04 1.320154899068977560e-09
4.096000000000000000e+04 1.320154899068977560e-09
4.198400000000000000e+04 1.320154899068977560e-09
4.300800000000000000e+04 1.320154899068977560e-09
4.403200000000000000e+04 1.320154899068977560e-09
4.505600000000000000e+04 1.320154899068977560e-09
4.608000000000000000e+04 9.381597772628029465e-10
4.710400000000000000e+04 6.046079049116549577e-11
4.812800000000000000e+04 6.046079049116549577e-11
4.915200000000000000e+04 6.046079049116549577e-11
5.017600000000000000e+04 6.046079049116549577e-11
5.120000000000000000e+04 2.439478566010052880e-11
5.222400000000000000e+04 2.439478566010052880e-11
5.324800000000000000e+04 2.439478566010052880e-11
5.427200000000000000e+04 1.433243166241055615e-11
5.529600000000000000e+04 9.885946915810231542e-12
5.632000000000000000e+04 9.885946915810231542e-12
5.734400000000000000e+04 9.885946915810231542e-12
5.836800000000000000e+04 9.817131601601945023e-12
5.939200000000000000e+04 9.817131601601945023e-12
6.041600000000000000e+04 7.992421325972419416e-12
6.144000000000000000e+04 5.350982655934832478e-12
6.246400000000000000e+04 1.044091852228246759e-12
6.348800000000000000e+04 9.942502762123401058e-13
6.451200000000000000e+04 7.051307088296636631e-14
6.553600000000000000e+04 7.051307088296636631e-14
6.656000000000000000e+04 7.051307088296636631e-14
6.758400000000000000e+04 7.051307088296636631e-14
6.860800000000000000e+04 7.051307088296636631e-14
6.963200000000000000e+04 7.051307088296636631e-14
7.065600000000000000e+04 1.101145862500253255e-14
7.168000000000000000e+04 1.101145862500253255e-14
7.270400000000000000e+04 5.793705550684261933e-15
7.372800000000000000e+04 5.793705550684261933e-15
7.475200000000000000e+04 1.070643276492742342e-15
7.577600000000000000e+04 1.070643276492742342e-15
7.680000000000000000e+04 3.400947216844435073e-16
7.782400000000000000e+04 3.400947216844435073e-16
7.884800000000000000e+04 3.400947216844435073e-16
7.987200000000000000e+04 3.400947216844435073e-16
8.089600000000000000e+04 3.400947216844435073e-16
8.192000000000000000e+04 3.056883469299636324e-16
8.294400000000000000e+04 3.056883469299636324e-16
8.396800000000000000e+04 3.056883469299636324e-16
8.499200000000000000e+04 3.056883469299636324e-16
8.601600000000000000e+04 1.324511050094777308e-16
8.704000000000000000e+04 1.324511050094777308e-16
8.806400000000000000e+04 2.378627754302348049e-17
8.908800000000000000e+04 2.378627754302348049e-17
9.011200000000000000e+04 2.638760755409425753e-18
9.113600000000000000e+04 2.638760755409425753e-18
9.216000000000000000e+04 2.638760755409425753e-18
9.318400000000000000e+04 2.638760755409425753e-18
9.420800000000000000e+04 2.638760755409425753e-18
9.523200000000000000e+04 5.283973239743514319e-19
9.625600000000000000e+04 5.283973239743514319e-19
9.728000000000000000e+04 5.283973239743514319e-19
9.830400000000000000e+04 5.283973239743514319e-19
9.932800000000000000e+04 2.766667332501423953e-19
1.003520000000000000e+05 2.766667332501423953e-19
