1.024000000000000000e+03 2.083603361178749253e-02
2.048000000000000000e+03 2.083603361178749253e-02
3.072000000000000000e+03 2.083603361178749253e-02
4.096000000000000000e+03 4.401437105001794817e-03
5.120000000000000000e+03 4.401437105001794817e-03
6.144000000000000000e+03 4.401437105001794817e-03
7.168000000000000000e+03 4.401437105001794817e-03
8.192000000000000000e+03 4.401437105001794817e-03
9.216000000000000000e+03 4.401437105001794817e-03
1.024000000000000000e+04 9.927742804397147233e-04
1.126400000000000000e+04 9.927742804397147233e-04
1.228800000000000000e+04 9.927742804397147233e-04
1.331200000000000000e+04 9.927742804397147233e-04
1.433600000000000000e+04 9.228466663993126380e-04
1.536000000000000000e+04 5.700370223735815207e-04
1.638400000000000000e+04 1.373765253473894046e-04
1.740800000000000000e+04 1.373765253473894046e-04
1.843200000000000000e+04 3.149273539524801612e-05
1.945600000000000000e+04 3.149273539524801612e-05
2.048000000000000000e+04 3.149273539524801612e-05
2.150400000000000000e+04 4.368011289166065487e-07
2.252800000000000000e+04 4.368011289166065487e-07
2.355200000000000000e+04 4.368011289166065487e-07
2.457600000000000000e+04 4.368011289166065487e-07
2.560000000000000000e+04 4.368011289166065487e-07
2.662400000000000000e+04 4.368011289166065487e-07
2.764800000000000000e+04 4.368011289166065487e-07
2.867200000000000000e+04 4.368011289166065487e-07
2.969600000000000000e+04 4.368011289166065487e-07
3.072000000000000000e+04 4.368011289166065487e-07
3.174400000000000000e+04 4.368011289166065487e-07
3.276800000000000000e+04 1.221693764298428049e-07
3.379200000000000000e+04 1.221693764298428049e-07
3.481600000000000000e+04 1.221693764298428049e-07
3.584000000000000000e+04 1.221693764298428049e-07
3.686400000000000000e+04 1.221693764298428049e-07
3.788800000000000000e+04 1.221693764298428049e-07
3.891200000000000000e+04 7.798400548880643525e-09
3.993600000000000000e+04 7.798400548880643525e-09
4.096000000000000000e+04 7.798400548880643525e-09
4.198400000000000000e+04 7.798400548880643525e-09
4.300800000000000000e+04 1.317578706643317501e-12
4.403200000000000000e+04 1.317578706643317501e-12
4.505600000000000000e+04 1.317578706643317501e-12
4.608000000000000000e+04 1.317578706643317501e-12
4.710400000000000000e+04 1.317578706643317501e-12
4.812800000000000000e+04 1.317578706643317501e-12
4.915200000000000000e+04 1.317578706643317501e-12
5.017600000000000000e+04 1.317578706643317501e-12
5.120000000000000000e+04 1.317578706643317501e-12
5.222400000000000000e+04 1.317578706643317501e-12
5.324800000000000000e+04 1.317578706643317501e-12
5.427200000000000000e+04 1.317578706643317501e-12
5.529600000000000000e+04 1.317578706643317501e-12
5.632000000000000000e+04 1.317578706643317501e-12
5.734400000000000000e+04 1.317578706643317501e-12
5.836800000000000000e+04 1.317578706643317501e-12
5.939200000000000000e+04 1.317578706643317501e-12
6.041600000000000000e+04 1.317578706643317501e-12
6.144000000000000000e+04 1.317578706643317501e-12
6.246400000000000000e+04 1.124279175288018453e-12
6.348800000000000000e+04 1.124279175288018453e-12
6.451200000000000000e+04 1.124279175288018453e-12
6.553600000000000000e+04 1.124279175288018453e-12
6.656000000000000000e+04 1.187613292502433122e-13
6.758400000000000000e+04 1.187613292502433122e-13
6.860800000000000000e+04 1.187613292502433122e-13
6.963200000000000000e+04 1.187613292502433122e-13
7.065600000000000000e+04 1.187613292502433122e-13
7.168000000000000000e+04 1.187613292502433122e-13
7.270400000000000000e+04 2.963583122409978268e-14
7.372800000000000000e+04 2.963583122409978268e-14
7.475200000000000000e+04 2.963583122409978268e-14
7.577600000000000000e+04 2.602228860845100428e-14
7.680000000000000000e+04 4.787144909835516019e-15
7.782400000000000000e+04 2.983435565349821778e-15
7.884800000000000000e+04 2.983435565349821778e-15
7.987200000000000000e+04 4.396150712636544253e-16
8.089600000000000000e+04 4.396150712636544253e-16
8.192000000000000000e+04 5.223190755686860860e-17
8.294400000000000000e+04 5.223190755686860860e-17
8.396800000000000000e+04 3.759163895797704425e-17
8.499200000000000000e+04 3.759163895797704425e-17
8.601600000000000000e+04 2.336892976861333430e-17
8.704000000000000000e+04 2.336892976861333430e-17
8.806400000000000000e+04 2.271219216866643262e-17
8.908800000000000000e+04 2.271219216866643262e-17
9.011200000000000000e+04 6.880459275036952112e-18
9.113600000000000000e+04 6.880459275036952112e-18
9.216000000000000000e+04 6.880459275036952112e-18
9.318400000000000000e+04 5.254371598989720341e-18
9.420800000000000000e+04 5.254371598989720341e-18
9.523200000000000000e+04 4.534791225245555550e-18
9.625600000000000000e+04 9.113365811468025693e-19
9.728000000000000000e+04 9.113365811468025693e-19
9.830400000000000000e+04 1.933506840717822912e-19
9.932800000000000000e+04 1.933506840717822912e-19
1.003520000000000000e+05 3.764363168718877605e-20
