5.120000000000000000e+02 1.047758699793373272e-01
1.024000000000000000e+03 1.047758699793373272e-01
1.536000000000000000e+03 8.521059829298776450e-03
2.048000000000000000e+03 8.521059829298776450e-03
2.560000000000000000e+03 8.521059829298776450e-03
3.072000000000000000e+03 8.521059829298776450e-03
3.584000000000000000e+03 8.521059829298776450e-03
4.096000000000000000e+03 7.458708690331211991e-03
4.608000000000000000e+03 7.458708690331211991e-03
5.120000000000000000e+03 7.458708690331211991e-03
5.632000000000000000e+03 1.485582972325635636e-03
6.144000000000000000e+03 1.485582972325635636e-03
6.656000000000000000e+03 1.330472353918273293e-04
7.168000000000000000e+03 1.330472353918273293e-04
7.680000000000000000e+03 1.330472353918273293e-04
8.192000000000000000e+03 1.330472353918273293e-04
8.704000000000000000e+03 1.330472353918273293e-04
9.216000000000000000e+03 1.330472353918273293e-04
9.728000000000000000e+03 2.132545552039505850e-05
1.024000000000000000e+04 2.132545552039505850e-05
1.075200000000000000e+04 2.132545552039505850e-05
1.126400000000000000e+04 2.132545552039505850e-05
1.177600000000000000e+04 1.854869321535469888e-06
1.228800000000000000e+04 1.854869321535469888e-06
1.280000000000000000e+04 1.854869321535469888e-06
1.331200000000000000e+04 1.854869321535469888e-06
1.382400000000000000e+04 1.854869321535469888e-06
1.433600000000000000e+04 1.854869321535469888e-06
1.484800000000000000e+04 5.673432566651162658e-07
1.536000000000000000e+04 5.673432566651162658e-07
1.587200000000000000e+04 1.006084497764671329e-07
1.638400000000000000e+04 1.006084497764671329e-07
1.689600000000000000e+04 1.006084497764671329e-07
1.740800000000000000e+04 1.006084497764671329e-07
1.792000000000000000e+04 1.006084497764671329e-07
1.843200000000000000e+04 4.607797705990031055e-08
1.894400000000000000e+04 4.607797705990031055e-08
1.945600000000000000e+04 4.607797705990031055e-08
1.996800000000000000e+04 1.144426756012986705e-08
2.048000000000000000e+04 1.081513459498956466e-08
2.099200000000000000e+04 1.081513459498956466e-08
2.150400000000000000e+04 1.081513459498956466e-08
2.201600000000000000e+04 6.910509529305838435e-09
2.252800000000000000e+04 7.615939518235629542e-10
2.304000000000000000e+04 7.615939518235629542e-10
2.355200000000000000e+04 7.615939518235629542e-10
2.406400000000000000e+04 9.982333059199826921e-11
2.457600000000000000e+04 9.982333059199826921e-11
2.508800000000000000e+04 9.982333059199826921e-11
2.560000000000000000e+04 9.982333059199826921e-11
2.611200000000000000e+04 7.686853666314065142e-11
2.662400000000000000e+04 6.164964547877806804e-11
2.713600000000000000e+04 5.084607759042424219e-11
2.764800000000000000e+04 1.381767982689267936e-12
2.816000000000000000e+04 1.381767982689267936e-12
2.867200000000000000e+04 1.381767982689267936e-12
2.918400000000000000e+04 1.123447492614542735e-12
2.969600000000000000e+04 1.123447492614542735e-12
3.020800000000000000e+04 1.123447492614542735e-12
3.072000000000000000e+04 1.123447492614542735e-12
3.123200000000000000e+04 1.123447492614542735e-12
3.174400000000000000e+04 1.123447492614542735e-12
3.225600000000000000e+04 7.688624723733572659e-13
3.276800000000000000e+04 1.601792919452350104e-13
3.328000000000000000e+04 4.536121666310551241e-14
3.379200000000000000e+04 4.536121666310551241e-14
3.430400000000000000e+04 4.536121666310551241e-14
3.481600000000000000e+04 4.536121666310551241e-14
3.532800000000000000e+04 4.536121666310551241e-14
3.584000000000000000e+04 1.129036673811067368e-14
3.635200000000000000e+04 1.129036673811067368e-14
3.686400000000000000e+04 1.129036673811067368e-14
3.737600000000000000e+04 4.252701913742656997e-15
3.788800000000000000e+04 4.252701913742656997e-15
3.840000000000000000e+04 4.252701913742656997e-15
3.891200000000000000e+04 9.182835631065511601e-16
3.942400000000000000e+04 8.306437086156101954e-16
3.993600000000000000e+04 8.306437086156101954e-16
4.044800000000000000e+04 1.750892653575442145e-16
4.096000000000000000e+04 9.032554614901880912e-17
4.147200000000000000e+04 9.032554614901880912e-17
4.198400000000000000e+04 6.567278990653694583e-18
4.249600000000000000e+04 6.567278990653694583e-18
4.300800000000000000e+04 6.567278990653694583e-18
4.352000000000000000e+04 6.567278990653694583e-18
4.403200000000000000e+04 6.567278990653694583e-18
4.454400000000000000e+04 6.567278990653694583e-18
4.505600000000000000e+04 5.634868673212393695e-18
4.556800000000000000e+04 1.608433429716399193e-18
4.608000000000000000e+04 1.608433429716399193e-18
4.659200000000000000e+04 1.608433429716399193e-18
4.710400000000000000e+04 2.671393845243153616e-19
4.761600000000000000e+04 2.671393845243153616e-19
4.812800000000000000e+04 2.671393845243153616e-19
4.864000000000000000e+04 2.671393845243153616e-19
4.915200000000000000e+04 2.671393845243153616e-19
4.966400000000000000e+04 1.310365002048786334e-19
5.017600000000000000e+04 1.310365002048786334e-19
5.068800000000000000e+04 1.310365002048786334e-19
5.120000000000000000e+04 4.999626797384504957e-20
5.171200000000000000e+04 5.625083104159943596e-21
5.222400000000000000e+04 4.915664021788551244e-21
5.273600000000000000e+04 4.915664021788551244e-21
5.324800000000000000e+04 4.141152531177318189e-21
5.376000000000000000e+04 4.141152531177318189e-21
5.427200000000000000e+04 4.641171752390093637e-22
5.478400000000000000e+04 4.641171752390093637e-22
5.529600000000000000e+04 4.641171752390093637e-22
5.580800000000000000e+04 1.280590668478937041e-22
5.632000000000000000e+04 1.280590668478937041e-22
5.683200000000000000e+04 1.280590668478937041e-22
5.734400000000000000e+04 1.280590668478937041e-22
5.785600000000000000e+04 1.280590668478937041e-22
5.836800000000000000e+04 1.280590668478937041e-22
5.888000000000000000e+04 1.186310067227751642e-22
5.939200000000000000e+04 7.405324414683133807e-23
5.990400000000000000e+04 8.560603835401639377e-25
6.041600000000000000e+04 8.560603835401639377e-25
6.092800000000000000e+04 8.560603835401639377e-25
6.144000000000000000e+04 8.560603835401639377e-25
6.195200000000000000e+04 8.560603835401639377e-25
6.246400000000000000e+04 5.113928377155586195e-25
6.297600000000000000e+04 5.113928377155586195e-25
6.348800000000000000e+04 5.113928377155586195e-25
6.400000000000000000e+04 4.978510962023658065e-25
6.451200000000000000e+04 4.978510962023658065e-25
6.502400000000000000e+04 4.978510962023658065e-25
6.553600000000000000e+04 4.978510962023658065e-25
6.604800000000000000e+04 4.978510962023658065e-25
6.656000000000000000e+04 1.516376394884620422e-25
6.707200000000000000e+04 1.152179188124369433e-26
6.758400000000000000e+04 9.994111556411525667e-27
6.809600000000000000e+04 9.994111556411525667e-27
6.860800000000000000e+04 9.994111556411525667e-27
6.912000000000000000e+04 9.994111556411525667e-27
6.963200000000000000e+04 9.994111556411525667e-27
7.014400000000000000e+04 9.994111556411525667e-27
7.065600000000000000e+04 8.092395484876429450e-27
7.116800000000000000e+04 8.765673992356364778e-28
7.168000000000000000e+04 1.144183964452067612e-28
7.219200000000000000e+04 1.144183964452067612e-28
7.270400000000000000e+04 1.144183964452067612e-28
7.321600000000000000e+04 1.144183964452067612e-28
7.372800000000000000e+04 1.144183964452067612e-28
7.424000000000000000e+04 1.144183964452067612e-28
7.475200000000000000e+04 5.914900439335415923e-29
7.526400000000000000e+04 5.914900439335415923e-29
7.577600000000000000e+04 4.019806873058027841e-29
7.628800000000000000e+04 4.019806873058027841e-29
7.680000000000000000e+04 2.645036198045660711e-29
7.731200000000000000e+04 1.779283515870933789e-29
7.782400000000000000e+04 1.706138278051316985e-29
7.833600000000000000e+04 8.853614989337290878e-30
7.884800000000000000e+04 6.664265590437416420e-30
7.936000000000000000e+04 1.406040982604989019e-30
7.987200000000000000e+04 1.406040982604989019e-30
8.038400000000000000e+04 3.149461935588465341e-32
8.089600000000000000e+04 3.149461935588465341e-32
8.140800000000000000e+04 3.149461935588465341e-32
8.192000000000000000e+04 3.149461935588465341e-32
8.243200000000000000e+04 3.149461935588465341e-32
8.294400000000000000e+04 3.149461935588465341e-32
8.345600000000000000e+04 1.213824289823530318e-32
8.396800000000000000e+04 1.213824289823530318e-32
8.448000000000000000e+04 1.093552952544717907e-32
8.499200000000000000e+04 1.093552952544717907e-32
8.550400000000000000e+04 1.093552952544717907e-32
8.601600000000000000e+04 3.414802184451847276e-35
8.652800000000000000e+04 3.414802184451847276e-35
8.704000000000000000e+04 3.414802184451847276e-35
8.755200000000000000e+04 3.414802184451847276e-35
8.806400000000000000e+04 3.414802184451847276e-35
8.857600000000000000e+04 3.414802184451847276e-35
8.908800000000000000e+04 3.414802184451847276e-35
8.960000000000000000e+04 3.414802184451847276e-35
9.011200000000000000e+04 3.414802184451847276e-35
9.062400000000000000e+04 3.414802184451847276e-35
9.113600000000000000e+04 3.414802184451847276e-35
9.164800000000000000e+04 3.414802184451847276e-35
9.216000000000000000e+04 3.414802184451847276e-35
9.267200000000000000e+04 1.044021328493549626e-35
9.318400000000000000e+04 1.044021328493549626e-35
9.369600000000000000e+04 1.044021328493549626e-35
9.420800000000000000e+04 1.044021328493549626e-35
9.472000000000000000e+04 5.509803166786486065e-36
9.523200000000000000e+04 5.444094121947371485e-37
9.574400000000000000e+04 5.444094121947371485e-37
9.625600000000000000e+04 5.444094121947371485e-37
9.676800000000000000e+04 5.444094121947371485e-37
9.728000000000000000e+04 5.444094121947371485e-37
9.779200000000000000e+04 1.678394984843628114e-37
9.830400000000000000e+04 1.134945786525859885e-37
9.881600000000000000e+04 1.134945786525859885e-37
9.932800000000000000e+04 1.134945786525859885e-37
9.984000000000000000e+04 1.134945786525859885e-37
1.003520000000000000e+05 2.110507380028818599e-38
