5.120000000000000000e+02 9.706379188653592449e-02
1.024000000000000000e+03 5.346817916612294636e-02
1.536000000000000000e+03 5.346817916612294636e-02
2.048000000000000000e+03 5.346817916612294636e-02
2.560000000000000000e+03 5.346817916612294636e-02
3.072000000000000000e+03 5.346817916612294636e-02
3.584000000000000000e+03 5.050771171671228355e-03
4.096000000000000000e+03 5.050771171671228355e-03
4.608000000000000000e+03 5.050771171671228355e-03
5.120000000000000000e+03 5.050771171671228355e-03
5.632000000000000000e+03 5.050771171671228355e-03
6.144000000000000000e+03 5.050771171671228355e-03
6.656000000000000000e+03 1.221185233052266516e-04
7.168000000000000000e+03 1.221185233052266516e-04
7.680000000000000000e+03 1.221185233052266516e-04
8.192000000000000000e+03 1.221185233052266516e-04
8.704000000000000000e+03 1.219814362069738585e-04
9.216000000000000000e+03 1.219814362069738585e-04
9.728000000000000000e+03 6.226227617011538952e-05
1.024000000000000000e+04 6.226227617011538952e-05
1.075200000000000000e+04 6.226227617011538952e-05
1.126400000000000000e+04 2.095650099695824057e-06
1.177600000000000000e+04 2.095650099695824057e-06
1.228800000000000000e+04 2.095650099695824057e-06
1.280000000000000000e+04 2.095650099695824057e-06
1.331200000000000000e+04 2.095650099695824057e-06
1.382400000000000000e+04 2.095650099695824057e-06
1.433600000000000000e+04 8.160137565344151412e-07
1.484800000000000000e+04 3.948828192425643039e-07
1.536000000000000000e+04 1.898971777444923330e-07
1.587200000000000000e+04 1.898971777444923330e-07
1.638400000000000000e+04 1.898971777444923330e-07
1.689600000000000000e+04 1.898971777444923330e-07
1.740800000000000000e+04 1.898971777444923330e-07
1.792000000000000000e+04 3.058296659757572808e-08
1.843200000000000000e+04 6.071157881858499079e-09
1.894400000000000000e+04 6.071157881858499079e-09
1.945600000000000000e+04 6.071157881858499079e-09
1.996800000000000000e+04 6.071157881858499079e-09
2.048000000000000000e+04 4.159717676029115528e-09
2.099200000000000000e+04 4.159717676029115528e-09
2.150400000000000000e+04 4.159717676029115528e-09
2.201600000000000000e+04 4.159717676029115528e-09
2.252800000000000000e+04 1.527288028973176988e-09
2.304000000000000000e+04 1.527288028973176988e-09
2.355200000000000000e+04 1.527288028973176988e-09
2.406400000000000000e+04 1.527288028973176988e-09
2.457600000000000000e+04 1.527288028973176988e-09
2.508800000000000000e+04 5.332769010937482372e-10
2.560000000000000000e+04 1.313530790403271399e-10
2.611200000000000000e+04 2.070334165427117158e-11
2.662400000000000000e+04 2.070334165427117158e-11
2.713600000000000000e+04 2.070334165427117158e-11
2.764800000000000000e+04 9.551063243117602198e-12
2.816000000000000000e+04 9.551063243117602198e-12
2.867200000000000000e+04 9.551063243117602198e-12
2.918400000000000000e+04 9.551063243117602198e-12
2.969600000000000000e+04 3.746873698397010288e-12
3.020800000000000000e+04 3.746873698397010288e-12
3.072000000000000000e+04 3.746873698397010288e-12
3.123200000000000000e+04 3.746873698397010288e-12
3.174400000000000000e+04 3.555758268608969237e-13
3.225600000000000000e+04 3.555758268608969237e-13
3.276800000000000000e+04 3.555758268608969237e-13
3.328000000000000000e+04 2.234836159677388486e-13
3.379200000000000000e+04 2.234836159677388486e-13
3.430400000000000000e+04 2.234836159677388486e-13
3.481600000000000000e+04 9.633185258985906601e-15
3.532800000000000000e+04 9.633185258985906601e-15
3.584000000000000000e+04 9.633185258985906601e-15
3.635200000000000000e+04 9.633185258985906601e-15
3.686400000000000000e+04 9.633185258985906601e-15
3.737600000000000000e+04 9.633185258985906601e-15
3.788800000000000000e+04 7.381357472509124519e-15
3.840000000000000000e+04 7.381357472509124519e-15
3.891200000000000000e+04 1.273828317018817074e-15
3.942400000000000000e+04 3.327166721576851682e-16
3.993600000000000000e+04 3.327166721576851682e-16
4.044800000000000000e+04 3.327166721576851682e-16
4.096000000000000000e+04 3.327166721576851682e-16
4.147200000000000000e+04 7.517442946015545211e-17
4.198400000000000000e+04 7.517442946015545211e-17
4.249600000000000000e+04 8.000566271366447383e-18
4.300800000000000000e+04 8.000566271366447383e-18
4.352000000000000000e+04 8.000566271366447383e-18
4.403200000000000000e+04 8.000566271366447383e-18
4.454400000000000000e+04 8.000566271366447383e-18
4.505600000000000000e+04 5.708528833555323863e-18
4.556800000000000000e+04 5.708528833555323863e-18
4.608000000000000000e+04 5.708528833555323863e-18
4.659200000000000000e+04 5.708528833555323863e-18
4.710400000000000000e+04 5.708528833555323863e-18
4.761600000000000000e+04 1.126408465792060195e-18
4.812800000000000000e+04 6.589265338049131598e-19
4.864000000000000000e+04 6.589265338049131598e-19
4.915200000000000000e+04 6.589265338049131598e-19
4.966400000000000000e+04 3.011604050100279041e-19
5.017600000000000000e+04 1.837536671448799918e-19
5.068800000000000000e+04 1.837536671448799918e-19
5.120000000000000000e+04 1.837536671448799918e-19
5.171200000000000000e+04 9.581418679935633761e-20
5.222400000000000000e+04 5.692461964939799397e-20
5.273600000000000000e+04 5.692461964939799397e-20
5.324800000000000000e+04 7.046099285311651015e-21
5.376000000000000000e+04 7.046099285311651015e-21
5.427200000000000000e+04 4.313405053039402701e-21
5.478400000000000000e+04 4.313405053039402701e-21
5.529600000000000000e+04 4.313405053039402701e-21
5.580800000000000000e+04 4.313405053039402701e-21
5.632000000000000000e+04 4.313405053039402701e-21
5.683200000000000000e+04 6.346965249579434438e-22
5.734400000000000000e+04 2.614992530746027776e-22
5.785600000000000000e+04 2.291603027226099131e-23
5.836800000000000000e+04 2.291603027226099131e-23
5.888000000000000000e+04 2.291603027226099131e-23
5.939200000000000000e+04 2.291603027226099131e-23
5.990400000000000000e+04 2.291603027226099131e-23
6.041600000000000000e+04 2.291603027226099131e-23
6.092800000000000000e+04 2.291603027226099131e-23
6.144000000000000000e+04 6.722142987639187468e-24
6.195200000000000000e+04 4.273368321921579515e-24
6.246400000000000000e+04 4.273368321921579515e-24
6.297600000000000000e+04 4.273368321921579515e-24
6.348800000000000000e+04 5.304629080506514317e-25
6.400000000000000000e+04 5.304629080506514317e-25
6.451200000000000000e+04 5.304629080506514317e-25
6.502400000000000000e+04 5.304629080506514317e-25
6.553600000000000000e+04 9.963100390038492541e-26
6.604800000000000000e+04 9.963100390038492541e-26
6.656000000000000000e+04 6.209514144984606577e-26
6.707200000000000000e+04 6.209514144984606577e-26
6.758400000000000000e+04 6.209514144984606577e-26
6.809600000000000000e+04 6.209514144984606577e-26
6.860800000000000000e+04 5.611889983666769901e-26
6.912000000000000000e+04 5.611889983666769901e-26
6.963200000000000000e+04 9.041719216003247684e-27
7.014400000000000000e+04 9.041719216003247684e-27
7.065600000000000000e+04 9.041719216003247684e-27
7.116800000000000000e+04 1.406039537730243291e-28
7.168000000000000000e+04 1.406039537730243291e-28
7.219200000000000000e+04 1.406039537730243291e-28
7.270400000000000000e+04 1.406039537730243291e-28
7.321600000000000000e+04 1.406039537730243291e-28
7.372800000000000000e+04 1.406039537730243291e-28
7.424000000000000000e+04 1.406039537730243291e-28
7.475200000000000000e+04 1.406039537730243291e-28
7.526400000000000000e+04 1.406039537730243291e-28
7.577600000000000000e+04 2.137399303706557083e-29
7.628800000000000000e+04 2.137399303706557083e-29
7.680000000000000000e+04 2.137399303706557083e-29
7.731200000000000000e+04 2.137399303706557083e-29
7.782400000000000000e+04 4.897448584591105284e-30
7.833600000000000000e+04 4.897448584591105284e-30
7.884800000000000000e+04 4.897448584591105284e-30
7.936000000000000000e+04 4.897448584591105284e-30
7.987200000000000000e+04 3.340121773586959866e-30
8.038400000000000000e+04 3.340121773586959866e-30
8.089600000000000000e+04 3.340121773586959866e-30
8.140800000000000000e+04 3.340121773586959866e-30
8.192000000000000000e+04 3.340121773586959866e-30
8.243200000000000000e+04 1.988505039049644663e-30
8.294400000000000000e+04 1.570040053771159267e-30
8.345600000000000000e+04 6.150685360163217132e-31
8.396800000000000000e+04 2.074059362153884816e-32
8.448000000000000000e+04 2.074059362153884816e-32
8.499200000000000000e+04 2.074059362153884816e-32
8.550400000000000000e+04 2.074059362153884816e-32
8.601600000000000000e+04 2.074059362153884816e-32
8.652800000000000000e+04 1.782198508876786782e-32
8.704000000000000000e+04 1.782198508876786782e-32
8.755200000000000000e+04 4.092357526638565067e-33
8.806400000000000000e+04 4.092357526638565067e-33
8.857600000000000000e+04 4.092357526638565067e-33
8.908800000000000000e+04 4.092357526638565067e-33
8.960000000000000000e+04 5.553706735188877552e-35
9.011200000000000000e+04 5.553706735188877552e-35
9.062400000000000000e+04 5.553706735188877552e-35
9.113600000000000000e+04 5.553706735188877552e-35
9.164800000000000000e+04 5.553706735188877552e-35
9.216000000000000000e+04 3.957403999025838950e-35
9.267200000000000000e+04 3.957403999025838950e-35
9.318400000000000000e+04 3.957403999025838950e-35
9.369600000000000000e+04 1.323081946585196853e-35
9.420800000000000000e+04 1.323081946585196853e-35
9.472000000000000000e+04 1.323081946585196853e-35
9.523200000000000000e+04 4.960369328217948997e-36
9.574400000000000000e+04 4.960369328217948997e-36
9.625600000000000000e+04 4.960369328217948997e-36
9.676800000000000000e+04 3.843986714200291018e-36
9.728000000000000000e+04 3.843986714200291018e-36
9.779200000000000000e+04 8.122293371392689982e-37
9.830400000000000000e+04 8.122293371392689982e-37
9.881600000000000000e+04 5.005498891512752565e-37
9.932800000000000000e+04 5.005498891512752565e-37
9.984000000000000000e+04 2.064497193819122711e-37
1.003520000000000000e+05 2.064497193819122711e-37
