2.560000000000000000e+02 3.071738392171504545e-02
5.120000000000000000e+02 3.071738392171504545e-02
7.680000000000000000e+02 3.071738392171504545e-02
1.024000000000000000e+03 1.730713402904974357e-02
1.280000000000000000e+03 1.409882631169191713e-02
1.536000000000000000e+03 1.409882631169191713e-02
1.792000000000000000e+03 1.409882631169191713e-02
2.048000000000000000e+03 1.409882631169191713e-02
2.304000000000000000e+03 2.789098401581955027e-03
2.560000000000000000e+03 2.789098401581955027e-03
2.816000000000000000e+03 2.377465154955645259e-04
3.072000000000000000e+03 2.377465154955645259e-04
3.328000000000000000e+03 2.377465154955645259e-04
3.584000000000000000e+03 2.377465154955645259e-04
3.840000000000000000e+03 2.377465154955645259e-04
4.096000000000000000e+03 2.377465154955645259e-04
4.352000000000000000e+03 2.377465154955645259e-04
4.608000000000000000e+03 4.223621592950193334e-05
4.864000000000000000e+03 4.223621592950193334e-05
5.120000000000000000e+03 4.223621592950193334e-05
5.376000000000000000e+03 6.938156532529819311e-06
5.632000000000000000e+03 6.938156532529819311e-06
5.888000000000000000e+03 6.938156532529819311e-06
6.144000000000000000e+03 6.938156532529819311e-06
6.400000000000000000e+03 4.101304008750293472e-06
6.656000000000000000e+03 2.631837389019642210e-06
6.912000000000000000e+03 1.274707560347141366e-06
7.168000000000000000e+03 1.274707560347141366e-06
7.424000000000000000e+03 1.274707560347141366e-06
7.680000000000000000e+03 2.060306289290561050e-08
7.936000000000000000e+03 2.060306289290561050e-08
8.192000000000000000e+03 2.060306289290561050e-08
8.448000000000000000e+03 2.060306289290561050e-08
8.704000000000000000e+03 2.060306289290561050e-08
8.960000000000000000e+03 2.060306289290561050e-08
9.216000000000000000e+03 2.060306289290561050e-08
9.472000000000000000e+03 2.060306289290561050e-08
9.728000000000000000e+03 2.060306289290561050e-08
9.984000000000000000e+03 8.939524255761765300e-09
1.024000000000000000e+04 8.939524255761765300e-09
1.049600000000000000e+04 8.939524255761765300e-09
1.075200000000000000e+04 8.939524255761765300e-09
1.100800000000000000e+04 3.771801259460123173e-10
1.126400000000000000e+04 3.771801259460123173e-10
1.152000000000000000e+04 3.771801259460123173e-10
1.177600000000000000e+04 5.400827261742210465e-11
1.203200000000000000e+04 5.400827261742210465e-11
1.228800000000000000e+04 5.400827261742210465e-11
1.254400000000000000e+04 5.400827261742210465e-11
1.280000000000000000e+04 5.400827261742210465e-11
1.305600000000000000e+04 1.181053527743182414e-11
1.331200000000000000e+04 1.181053527743182414e-11
1.356800000000000000e+04 6.464376802600359524e-12
1.382400000000000000e+04 6.464376802600359524e-12
1.408000000000000000e+04 4.089934218747280900e-12
1.433600000000000000e+04 4.089934218747280900e-12
1.459200000000000000e+04 4.089934218747280900e-12
1.484800000000000000e+04 2.990640502861152463e-12
1.510400000000000000e+04 2.335421003364281614e-12
1.536000000000000000e+04 2.335421003364281614e-12
1.561600000000000000e+04 1.702262014981702396e-12
1.587200000000000000e+04 1.702262014981702396e-12
1.612800000000000000e+04 7.200897487453471198e-13
1.638400000000000000e+04 3.477749386668932385e-14
1.664000000000000000e+04 3.358612593551750189e-14
1.689600000000000000e+04 3.358612593551750189e-14
1.715200000000000000e+04 3.358612593551750189e-14
1.740800000000000000e+04 1.463958888639542110e-14
1.766400000000000000e+04 1.463958888639542110e-14
1.792000000000000000e+04 1.463958888639542110e-14
1.817600000000000000e+04 1.463958888639542110e-14
1.843200000000000000e+04 1.463958888639542110e-14
1.868800000000000000e+04 8.925626203548785189e-15
1.894400000000000000e+04 4.550206961938079774e-15
1.920000000000000000e+04 5.266761234633510398e-16
1.945600000000000000e+04 5.266761234633510398e-16
1.971200000000000000e+04 3.466247628749022308e-16
1.996800000000000000e+04 3.466247628749022308e-16
2.022400000000000000e+04 3.466247628749022308e-16
2.048000000000000000e+04 3.466247628749022308e-16
2.073600000000000000e+04 3.466247628749022308e-16
2.099200000000000000e+04 3.466247628749022308e-16
2.124800000000000000e+04 1.545821581036841601e-16
2.150400000000000000e+04 4.122504749104951457e-17
2.176000000000000000e+04 1.961409179819778051e-17
2.201600000000000000e+04 1.961409179819778051e-17
2.227200000000000000e+04 1.961409179819778051e-17
2.252800000000000000e+04 1.961409179819778051e-17
2.278400000000000000e+04 8.060389421514538728e-18
2.304000000000000000e+04 8.065283430340866614e-19
2.329600000000000000e+04 8.065283430340866614e-19
2.355200000000000000e+04 8.065283430340866614e-19
2.380800000000000000e+04 8.065283430340866614e-19
2.406400000000000000e+04 8.065283430340866614e-19
2.432000000000000000e+04 6.110817366975086778e-19
2.457600000000000000e+04 6.110817366975086778e-19
2.483200000000000000e+04 1.959208159836308004e-19
2.508800000000000000e+04 1.959208159836308004e-19
2.534400000000000000e+04 3.331902992621220902e-20
2.560000000000000000e+04 3.331902992621220902e-20
2.585600000000000000e+04 3.331902992621220902e-20
2.611200000000000000e+04 3.331902992621220902e-20
2.636800000000000000e+04 3.331902992621220902e-20
2.662400000000000000e+04 1.312606785163324896e-20
2.688000000000000000e+04 1.137911833303841107e-20
2.713600000000000000e+04 3.709924234659751190e-21
2.739200000000000000e+04 3.709924234659751190e-21
2.764800000000000000e+04 2.515296896539887080e-21
2.790400000000000000e+04 8.096602176574080457e-22
2.816000000000000000e+04 8.096602176574080457e-22
2.841600000000000000e+04 5.469143431438143732e-22
2.867200000000000000e+04 5.058496618890931469e-22
2.892800000000000000e+04 3.720889020719997058e-22
2.918400000000000000e+04 3.720889020719997058e-22
2.944000000000000000e+04 1.539519741853491446e-22
2.969600000000000000e+04 1.452648406006983871e-24
2.995200000000000000e+04 1.452648406006983871e-24
3.020800000000000000e+04 1.452648406006983871e-24
3.046400000000000000e+04 1.452648406006983871e-24
3.072000000000000000e+04 1.452648406006983871e-24
3.097600000000000000e+04 1.452648406006983871e-24
3.123200000000000000e+04 1.452648406006983871e-24
3.148800000000000000e+04 1.452648406006983871e-24
3.174400000000000000e+04 1.452648406006983871e-24
3.200000000000000000e+04 1.948974693013497228e-25
3.225600000000000000e+04 1.948974693013497228e-25
3.251200000000000000e+04 1.948974693013497228e-25
3.276800000000000000e+04 1.948974693013497228e-25
3.302400000000000000e+04 5.961250786171345375e-26
3.328000000000000000e+04 5.961250786171345375e-26
3.353600000000000000e+04 3.567541193555246399e-26
3.379200000000000000e+04 3.567541193555246399e-26
3.404800000000000000e+04 2.009241897846709838e-26
3.430400000000000000e+04 2.009241897846709838e-26
3.456000000000000000e+04 1.441019046783590426e-26
3.481600000000000000e+04 1.441019046783590426e-26
3.507200000000000000e+04 6.072574844799552840e-27
3.532800000000000000e+04 6.072574844799552840e-27
3.558400000000000000e+04 6.072574844799552840e-27
3.584000000000000000e+04 2.669023350192136232e-27
3.609600000000000000e+04 5.721361194872956790e-28
3.635200000000000000e+04 1.917906327263967268e-28
3.660800000000000000e+04 4.091333838375680659e-29
3.686400000000000000e+04 4.091333838375680659e-29
3.712000000000000000e+04 1.691887469203418634e-30
3.737600000000000000e+04 1.691887469203418634e-30
3.763200000000000000e+04 1.691887469203418634e-30
3.788800000000000000e+04 1.691887469203418634e-30
3.814400000000000000e+04 1.691887469203418634e-30
3.840000000000000000e+04 1.691887469203418634e-30
3.865600000000000000e+04 1.691887469203418634e-30
3.891200000000000000e+04 1.691887469203418634e-30
3.916800000000000000e+04 1.691887469203418634e-30
3.942400000000000000e+04 1.691887469203418634e-30
3.968000000000000000e+04 1.691887469203418634e-30
3.993600000000000000e+04 1.691887469203418634e-30
4.019200000000000000e+04 2.059935362683944895e-31
4.044800000000000000e+04 2.059935362683944895e-31
4.070400000000000000e+04 2.059935362683944895e-31
4.096000000000000000e+04 9.130167508126008434e-32
4.121600000000000000e+04 8.837562336886417071e-32
4.147200000000000000e+04 8.837562336886417071e-32
4.172800000000000000e+04 7.131173208928762886e-33
4.198400000000000000e+04 7.131173208928762886e-33
4.224000000000000000e+04 7.131173208928762886e-33
4.249600000000000000e+04 7.131173208928762886e-33
4.275200000000000000e+04 7.131173208928762886e-33
4.300800000000000000e+04 7.131173208928762886e-33
4.326400000000000000e+04 5.249994263714360504e-33
4.352000000000000000e+04 5.249994263714360504e-33
4.377600000000000000e+04 3.189650581883418762e-34
4.403200000000000000e+04 3.189650581883418762e-34
4.428800000000000000e+04 3.189650581883418762e-34
4.454400000000000000e+04 3.189650581883418762e-34
4.480000000000000000e+04 3.189650581883418762e-34
4.505600000000000000e+04 2.581637198934664086e-34
4.531200000000000000e+04 2.321939786113657873e-34
4.556800000000000000e+04 9.959528216065036932e-35
4.582400000000000000e+04 9.959528216065036932e-35
4.608000000000000000e+04 9.142201867984691384e-35
4.633600000000000000e+04 4.571776883824425029e-35
4.659200000000000000e+04 1.821161868852392890e-35
4.684800000000000000e+04 1.662502575760315736e-35
4.710400000000000000e+04 9.526990511150481411e-36
4.736000000000000000e+04 9.526990511150481411e-36
4.761600000000000000e+04 1.884330751177567990e-36
4.787200000000000000e+04 1.884330751177567990e-36
4.812800000000000000e+04 1.725823144431260823e-37
4.838400000000000000e+04 1.326629239362859433e-37
4.864000000000000000e+04 1.193814001290078272e-37
4.889600000000000000e+04 1.193814001290078272e-37
4.915200000000000000e+04 1.193814001290078272e-37
4.940800000000000000e+04 3.551219547584244297e-38
4.966400000000000000e+04 1.351257300988300272e-38
4.992000000000000000e+04 1.351257300988300272e-38
5.017600000000000000e+04 1.351257300988300272e-38
5.043200000000000000e+04 1.351257300988300272e-38
5.068800000000000000e+04 1.351257300988300272e-38
5.094400000000000000e+04 1.351257300988300272e-38
5.120000000000000000e+04 2.485390726092239630e-39
5.145600000000000000e+04 2.485390726092239630e-39
5.171200000000000000e+04 1.448519903816605849e-40
5.196800000000000000e+04 1.448519903816605849e-40
5.222400000000000000e+04 1.448519903816605849e-40
5.248000000000000000e+04 1.448519903816605849e-40
5.273600000000000000e+04 1.448519903816605849e-40
5.299200000000000000e+04 1.448519903816605849e-40
5.324800000000000000e+04 1.448519903816605849e-40
5.350400000000000000e+04 1.448519903816605849e-40
5.376000000000000000e+04 1.448519903816605849e-40
5.401600000000000000e+04 1.448519903816605849e-40
5.427200000000000000e+04 1.031197796979978826e-41
5.452800000000000000e+04 1.031197796979978826e-41
5.478400000000000000e+04 6.778242116685264168e-42
5.504000000000000000e+04 6.778242116685264168e-42
5.529600000000000000e+04 2.504572893107858772e-42
5.555200000000000000e+04 1.762309679905979212e-42
5.580800000000000000e+04 1.762309679905979212e-42
5.606400000000000000e+04 1.762309679905979212e-42
5.632000000000000000e+04 3.751125865864608579e-43
5.657600000000000000e+04 3.751125865864608579e-43
5.683200000000000000e+04 3.466113264063662364e-43
5.708800000000000000e+04 7.692727086114609713e-45
5.734400000000000000e+04 7.692727086114609713e-45
5.760000000000000000e+04 7.692727086114609713e-45
5.785600000000000000e+04 7.692727086114609713e-45
5.811200000000000000e+04 7.692727086114609713e-45
5.836800000000000000e+04 7.692727086114609713e-45
5.862400000000000000e+04 3.957026793839014705e-45
5.888000000000000000e+04 1.648196231304745750e-45
5.913600000000000000e+04 1.648196231304745750e-45
5.939200000000000000e+04 1.648196231304745750e-45
5.964800000000000000e+04 1.648196231304745750e-45
5.990400000000000000e+04 1.648196231304745750e-45
6.016000000000000000e+04 1.018955177700271229e-45
6.041600000000000000e+04 3.264283688161512758e-46
6.067200000000000000e+04 3.264283688161512758e-46
6.092800000000000000e+04 2.185083784617289933e-46
6.118400000000000000e+04 2.185083784617289933e-46
6.144000000000000000e+04 1.434945243943116541e-47
6.169600000000000000e+04 1.434945243943116541e-47
6.195200000000000000e+04 1.434945243943116541e-47
6.220800000000000000e+04 1.434945243943116541e-47
6.246400000000000000e+04 1.434945243943116541e-47
6.272000000000000000e+04 7.324092392956469503e-48
6.297600000000000000e+04 1.101758628944440214e-48
6.323200000000000000e+04 1.101758628944440214e-48
6.348800000000000000e+04 1.101758628944440214e-48
6.374400000000000000e+04 1.101758628944440214e-48
6.400000000000000000e+04 1.101758628944440214e-48
6.425600000000000000e+04 1.101758628944440214e-48
6.451200000000000000e+04 1.101758628944440214e-48
6.476800000000000000e+04 1.100784925680281620e-48
6.502400000000000000e+04 5.434738359403568307e-49
6.528000000000000000e+04 1.089669956617862576e-49
6.553600000000000000e+04 9.327747626455423789e-50
6.579200000000000000e+04 2.796276358281270746e-50
6.604800000000000000e+04 2.796276358281270746e-50
6.630400000000000000e+04 2.796276358281270746e-50
6.656000000000000000e+04 8.260065249741558603e-53
6.681600000000000000e+04 8.260065249741558603e-53
6.707200000000000000e+04 8.260065249741558603e-53
6.732800000000000000e+04 8.260065249741558603e-53
6.758400000000000000e+04 8.260065249741558603e-53
6.784000000000000000e+04 8.260065249741558603e-53
6.809600000000000000e+04 8.260065249741558603e-53
6.835200000000000000e+04 8.260065249741558603e-53
6.860800000000000000e+04 8.260065249741558603e-53
6.886400000000000000e+04 8.260065249741558603e-53
6.912000000000000000e+04 8.260065249741558603e-53
6.937600000000000000e+04 8.260065249741558603e-53
6.963200000000000000e+04 8.260065249741558603e-53
6.988800000000000000e+04 6.036113439963040232e-53
7.014400000000000000e+04 1.917216095552593057e-53
7.040000000000000000e+04 1.917216095552593057e-53
7.065600000000000000e+04 1.917216095552593057e-53
7.091200000000000000e+04 1.917216095552593057e-53
7.116800000000000000e+04 1.612529995731233467e-54
7.142400000000000000e+04 1.612529995731233467e-54
7.168000000000000000e+04 1.612529995731233467e-54
7.193600000000000000e+04 5.620846589415986881e-56
7.219200000000000000e+04 5.620846589415986881e-56
7.244800000000000000e+04 5.620846589415986881e-56
7.270400000000000000e+04 5.620846589415986881e-56
7.296000000000000000e+04 5.620846589415986881e-56
7.321600000000000000e+04 5.620846589415986881e-56
7.347200000000000000e+04 5.620846589415986881e-56
7.372800000000000000e+04 5.620846589415986881e-56
7.398400000000000000e+04 5.620846589415986881e-56
7.424000000000000000e+04 5.620846589415986881e-56
7.449600000000000000e+04 8.636049718570810173e-57
7.475200000000000000e+04 8.636049718570810173e-57
7.500800000000000000e+04 8.636049718570810173e-57
7.526400000000000000e+04 8.636049718570810173e-57
7.552000000000000000e+04 8.636049718570810173e-57
7.577600000000000000e+04 2.461085017363898446e-57
7.603200000000000000e+04 2.461085017363898446e-57
7.628800000000000000e+04 1.027012103113462441e-57
7.654400000000000000e+04 1.027012103113462441e-57
7.680000000000000000e+04 3.063921866645045817e-58
7.705600000000000000e+04 1.264711646686221138e-58
7.731200000000000000e+04 1.866630941543837402e-59
7.756800000000000000e+04 1.866630941543837402e-59
7.782400000000000000e+04 1.866630941543837402e-59
7.808000000000000000e+04 1.866630941543837402e-59
7.833600000000000000e+04 1.866630941543837402e-59
7.859200000000000000e+04 1.866630941543837402e-59
7.884800000000000000e+04 1.866630941543837402e-59
7.910400000000000000e+04 5.878113610400319436e-60
7.936000000000000000e+04 5.664141815917589102e-60
7.961600000000000000e+04 6.577452408756440164e-61
7.987200000000000000e+04 6.577452408756440164e-61
8.012800000000000000e+04 6.577452408756440164e-61
8.038400000000000000e+04 6.577452408756440164e-61
8.064000000000000000e+04 6.577452408756440164e-61
8.089600000000000000e+04 3.683342143134507023e-61
8.115200000000000000e+04 3.683342143134507023e-61
8.140800000000000000e+04 3.355708495008192373e-61
8.166400000000000000e+04 3.175437301056635233e-61
8.192000000000000000e+04 1.852732281123358124e-61
8.217600000000000000e+04 4.807682342342660540e-62
8.243200000000000000e+04 4.807682342342660540e-62
8.268800000000000000e+04 4.349391166251186089e-62
8.294400000000000000e+04 1.072977923851893598e-62
8.320000000000000000e+04 1.456226470557617547e-63
8.345600000000000000e+04 1.456226470557617547e-63
8.371200000000000000e+04 1.456226470557617547e-63
8.396800000000000000e+04 1.456226470557617547e-63
8.422400000000000000e+04 1.456226470557617547e-63
8.448000000000000000e+04 2.003391201548109176e-64
8.473600000000000000e+04 2.003391201548109176e-64
8.499200000000000000e+04 4.790569862134074254e-65
8.524800000000000000e+04 4.790569862134074254e-65
8.550400000000000000e+04 1.672191014516491074e-65
8.576000000000000000e+04 1.672191014516491074e-65
8.601600000000000000e+04 6.429065782911245576e-66
8.627200000000000000e+04 6.429065782911245576e-66
8.652800000000000000e+04 6.429065782911245576e-66
8.678400000000000000e+04 6.429065782911245576e-66
8.704000000000000000e+04 6.429065782911245576e-66
8.729600000000000000e+04 1.037265248738177947e-66
8.755200000000000000e+04 1.037265248738177947e-66
8.780800000000000000e+04 4.625565538413284207e-67
8.806400000000000000e+04 4.625565538413284207e-67
8.832000000000000000e+04 4.625565538413284207e-67
8.857600000000000000e+04 4.625565538413284207e-67
8.883200000000000000e+04 2.236866220761038112e-67
8.908800000000000000e+04 2.236866220761038112e-67
8.934400000000000000e+04 2.236866220761038112e-67
8.960000000000000000e+04 7.151454105501720521e-68
8.985600000000000000e+04 7.151454105501720521e-68
9.011200000000000000e+04 7.151454105501720521e-68
9.036800000000000000e+04 4.996061006808034372e-68
9.062400000000000000e+04 4.996061006808034372e-68
9.088000000000000000e+04 8.779835574938698237e-69
9.113600000000000000e+04 8.779835574938698237e-69
9.139200000000000000e+04 8.779835574938698237e-69
9.164800000000000000e+04 8.779835574938698237e-69
9.190400000000000000e+04 2.315699861508017199e-69
9.216000000000000000e+04 2.315699861508017199e-69
9.241600000000000000e+04 1.066717092311642082e-69
9.267200000000000000e+04 5.791683401680895494e-70
9.292800000000000000e+04 1.539030482074457560e-70
9.318400000000000000e+04 8.348461256163842895e-71
9.344000000000000000e+04 8.348461256163842895e-71
9.369600000000000000e+04 8.348461256163842895e-71
9.395200000000000000e+04 4.296631043704671768e-71
9.420800000000000000e+04 4.296631043704671768e-71
9.446400000000000000e+04 4.296631043704671768e-71
9.472000000000000000e+04 2.370567375444135000e-71
9.497600000000000000e+04 2.370567375444135000e-71
9.523200000000000000e+04 4.397145233825720280e-72
9.548800000000000000e+04 4.360697129905180653e-72
9.574400000000000000e+04 4.360697129905180653e-72
9.600000000000000000e+04 1.009908992491209048e-72
9.625600000000000000e+04 1.009908992491209048e-72
9.651200000000000000e+04 1.009908992491209048e-72
9.676800000000000000e+04 6.034282349367111008e-73
9.702400000000000000e+04 6.034282349367111008e-73
9.728000000000000000e+04 2.498747645655548932e-73
9.753600000000000000e+04 2.498747645655548932e-73
9.779200000000000000e+04 2.498747645655548932e-73
9.804800000000000000e+04 1.825829896182660499e-73
9.830400000000000000e+04 1.596944925336933343e-75
9.856000000000000000e+04 1.596944925336933343e-75
9.881600000000000000e+04 1.596944925336933343e-75
9.907200000000000000e+04 1.596944925336933343e-75
9.932800000000000000e+04 1.596944925336933343e-75
9.958400000000000000e+04 1.596944925336933343e-75
9.984000000000000000e+04 1.596944925336933343e-75
1.000960000000000000e+05 1.596944925336933343e-75
