2.560000000000000000e+02 1.304926497115702078e-02
5.120000000000000000e+02 1.304926497115702078e-02
7.680000000000000000e+02 1.304926497115702078e-02
1.024000000000000000e+03 1.304926497115702078e-02
1.280000000000000000e+03 1.304926497115702078e-02
1.536000000000000000e+03 2.785253671444003383e-03
1.792000000000000000e+03 2.785253671444003383e-03
2.048000000000000000e+03 2.785253671444003383e-03
2.304000000000000000e+03 2.785253671444003383e-03
2.560000000000000000e+03 3.357215516359783581e-04
2.816000000000000000e+03 3.357215516359783581e-04
3.072000000000000000e+03 3.357215516359783581e-04
3.328000000000000000e+03 3.357215516359783581e-04
3.584000000000000000e+03 1.101849741514360318e-04
3.840000000000000000e+03 1.101849741514360318e-04
4.096000000000000000e+03 1.101849741514360318e-04
4.352000000000000000e+03 4.097252796861957677e-06
4.608000000000000000e+03 4.097252796861957677e-06
4.864000000000000000e+03 4.097252796861957677e-06
5.120000000000000000e+03 4.097252796861957677e-06
5.376000000000000000e+03 4.097252796861957677e-06
5.632000000000000000e+03 4.097252796861957677e-06
5.888000000000000000e+03 4.097252796861957677e-06
6.144000000000000000e+03 4.097252796861957677e-06
6.400000000000000000e+03 3.041101672849229004e-06
6.656000000000000000e+03 3.041101672849229004e-06
6.912000000000000000e+03 4.790654341689576303e-07
7.168000000000000000e+03 4.790654341689576303e-07
7.424000000000000000e+03 4.332583766745440462e-07
7.680000000000000000e+03 8.727935730643455854e-08
7.936000000000000000e+03 7.067479990961698375e-08
8.192000000000000000e+03 7.067479990961698375e-08
8.448000000000000000e+03 7.067479990961698375e-08
8.704000000000000000e+03 1.257518415179706981e-08
8.960000000000000000e+03 1.257518415179706981e-08
9.216000000000000000e+03 1.257518415179706981e-08
9.472000000000000000e+03 1.257518415179706981e-08
9.728000000000000000e+03 1.257518415179706981e-08
9.984000000000000000e+03 1.257518415179706981e-08
1.024000000000000000e+04 2.963277628187219333e-09
1.049600000000000000e+04 3.229887318264438129e-10
1.075200000000000000e+04 3.229887318264438129e-10
1.100800000000000000e+04 3.229887318264438129e-10
1.126400000000000000e+04 3.229887318264438129e-10
1.152000000000000000e+04 3.229887318264438129e-10
1.177600000000000000e+04 2.462349925249679772e-10
1.203200000000000000e+04 2.462349925249679772e-10
1.228800000000000000e+04 7.001584236586348239e-11
1.254400000000000000e+04 7.001584236586348239e-11
1.280000000000000000e+04 8.441557294380318576e-12
1.305600000000000000e+04 8.441557294380318576e-12
1.331200000000000000e+04 8.441557294380318576e-12
1.356800000000000000e+04 9.537580756873584797e-13
1.382400000000000000e+04 9.537580756873584797e-13
1.408000000000000000e+04 9.537580756873584797e-13
1.433600000000000000e+04 9.537580756873584797e-13
1.459200000000000000e+04 1.426638697137959801e-13
1.484800000000000000e+04 1.426638697137959801e-13
1.510400000000000000e+04 1.426638697137959801e-13
1.536000000000000000e+04 1.426638697137959801e-13
1.561600000000000000e+04 1.426638697137959801e-13
1.587200000000000000e+04 1.426638697137959801e-13
1.612800000000000000e+04 1.028764792375161190e-13
1.638400000000000000e+04 1.028764792375161190e-13
1.664000000000000000e+04 1.028764792375161190e-13
1.689600000000000000e+04 2.084817807167199605e-14
1.715200000000000000e+04 2.047404434361145975e-14
1.740800000000000000e+04 1.336942219023963447e-14
1.766400000000000000e+04 1.257992662001541346e-14
1.792000000000000000e+04 3.124989543240223297e-15
1.817600000000000000e+04 3.124989543240223297e-15
1.843200000000000000e+04 3.124989543240223297e-15
1.868800000000000000e+04 3.124989543240223297e-15
1.894400000000000000e+04 1.231528845879343179e-15
1.920000000000000000e+04 7.946698066931980197e-16
1.945600000000000000e+04 4.541655152025091348e-16
1.971200000000000000e+04 2.168402246002823779e-16
1.996800000000000000e+04 2.168402246002823779e-16
2.022400000000000000e+04 5.135009075621893280e-17
2.048000000000000000e+04 4.581356952745947124e-17
2.073600000000000000e+04 3.156441157599987759e-17
2.099200000000000000e+04 1.242540613932941919e-17
2.124800000000000000e+04 6.085235898175801819e-18
2.150400000000000000e+04 6.085235898175801819e-18
2.176000000000000000e+04 1.365090775810625028e-18
2.201600000000000000e+04 1.365090775810625028e-18
2.227200000000000000e+04 1.365090775810625028e-18
2.252800000000000000e+04 5.109658312960444867e-19
2.278400000000000000e+04 5.109658312960444867e-19
2.304000000000000000e+04 5.109658312960444867e-19
2.329600000000000000e+04 1.420245724008489144e-19
2.355200000000000000e+04 9.074549306180855610e-20
2.380800000000000000e+04 9.074549306180855610e-20
2.406400000000000000e+04 9.074549306180855610e-20
2.432000000000000000e+04 9.074549306180855610e-20
2.457600000000000000e+04 9.074549306180855610e-20
2.483200000000000000e+04 9.074549306180855610e-20
2.508800000000000000e+04 9.074549306180855610e-20
2.534400000000000000e+04 1.371265032826400493e-20
2.560000000000000000e+04 2.183780185438238358e-21
2.585600000000000000e+04 2.183780185438238358e-21
2.611200000000000000e+04 2.183780185438238358e-21
2.636800000000000000e+04 2.183780185438238358e-21
2.662400000000000000e+04 1.661041322197133157e-21
2.688000000000000000e+04 7.168417043070187842e-22
2.713600000000000000e+04 5.648447596131280191e-22
2.739200000000000000e+04 3.303534155594728205e-22
2.764800000000000000e+04 8.415185126947107037e-23
2.790400000000000000e+04 2.703949848835579628e-23
2.816000000000000000e+04 2.703949848835579628e-23
2.841600000000000000e+04 2.703949848835579628e-23
2.867200000000000000e+04 2.703949848835579628e-23
2.892800000000000000e+04 2.703949848835579628e-23
2.918400000000000000e+04 2.703949848835579628e-23
2.944000000000000000e+04 2.703949848835579628e-23
2.969600000000000000e+04 1.261654148947581864e-23
2.995200000000000000e+04 1.261654148947581864e-23
3.020800000000000000e+04 1.261654148947581864e-23
3.046400000000000000e+04 1.261654148947581864e-23
3.072000000000000000e+04 3.621636924024898651e-24
3.097600000000000000e+04 5.808509296027578495e-25
3.123200000000000000e+04 5.808509296027578495e-25
3.148800000000000000e+04 5.808509296027578495e-25
3.174400000000000000e+04 1.687274762378033262e-25
3.200000000000000000e+04 1.687274762378033262e-25
3.225600000000000000e+04 1.687274762378033262e-25
3.251200000000000000e+04 1.045451424698088480e-25
3.276800000000000000e+04 3.331491755815375178e-26
3.302400000000000000e+04 2.933074063587821018e-26
3.328000000000000000e+04 2.586640829390917671e-27
3.353600000000000000e+04 2.586640829390917671e-27
3.379200000000000000e+04 2.586640829390917671e-27
3.404800000000000000e+04 2.586640829390917671e-27
3.430400000000000000e+04 2.586640829390917671e-27
3.456000000000000000e+04 2.586640829390917671e-27
3.481600000000000000e+04 3.004522170013139083e-28
3.507200000000000000e+04 1.756672572595618196e-28
3.532800000000000000e+04 1.756672572595618196e-28
3.558400000000000000e+04 1.756672572595618196e-28
3.584000000000000000e+04 1.756672572595618196e-28
3.609600000000000000e+04 1.756672572595618196e-28
3.635200000000000000e+04 1.756672572595618196e-28
3.660800000000000000e+04 3.729923292004541421e-29
3.686400000000000000e+04 3.729923292004541421e-29
3.712000000000000000e+04 2.548553648216784694e-30
3.737600000000000000e+04 2.548553648216784694e-30
3.763200000000000000e+04 2.548553648216784694e-30
3.788800000000000000e+04 2.002783252065475663e-30
3.814400000000000000e+04 2.002783252065475663e-30
3.840000000000000000e+04 2.002783252065475663e-30
3.865600000000000000e+04 2.002783252065475663e-30
3.891200000000000000e+04 2.002783252065475663e-30
3.916800000000000000e+04 2.002783252065475663e-30
3.942400000000000000e+04 3.453080115608953528e-31
3.968000000000000000e+04 3.453080115608953528e-31
3.993600000000000000e+04 1.666003546047696042e-31
4.019200000000000000e+04 1.666003546047696042e-31
4.044800000000000000e+04 1.666003546047696042e-31
4.070400000000000000e+04 1.666003546047696042e-31
4.096000000000000000e+04 9.150634098949353741e-33
4.121600000000000000e+04 9.150634098949353741e-33
4.147200000000000000e+04 9.036566418010138569e-33
4.172800000000000000e+04 9.036566418010138569e-33
4.198400000000000000e+04 5.755066947400616256e-33
4.224000000000000000e+04 8.950743030366568458e-34
4.249600000000000000e+04 8.950743030366568458e-34
4.275200000000000000e+04 8.950743030366568458e-34
4.300800000000000000e+04 8.950743030366568458e-34
4.326400000000000000e+04 8.950743030366568458e-34
4.352000000000000000e+04 8.950743030366568458e-34
4.377600000000000000e+04 8.950743030366568458e-34
4.403200000000000000e+04 2.408145788064977741e-34
4.428800000000000000e+04 1.522057283112963546e-34
4.454400000000000000e+04 1.522057283112963546e-34
4.480000000000000000e+04 5.435173829416712146e-35
4.505600000000000000e+04 5.435173829416712146e-35
4.531200000000000000e+04 5.568133602554267677e-36
4.556800000000000000e+04 5.568133602554267677e-36
4.582400000000000000e+04 5.568133602554267677e-36
4.608000000000000000e+04 5.568133602554267677e-36
4.633600000000000000e+04 3.021774363880836809e-36
4.659200000000000000e+04 6.643574428786414741e-37
4.684800000000000000e+04 6.643574428786414741e-37
4.710400000000000000e+04 6.643574428786414741e-37
4.736000000000000000e+04 5.035602000457308798e-37
4.761600000000000000e+04 5.035602000457308798e-37
4.787200000000000000e+04 3.851904953115342324e-37
4.812800000000000000e+04 3.851904953115342324e-37
4.838400000000000000e+04 3.851904953115342324e-37
4.864000000000000000e+04 3.851904953115342324e-37
4.889600000000000000e+04 1.301890238111928879e-37
4.915200000000000000e+04 1.301890238111928879e-37
4.940800000000000000e+04 5.636383552263552480e-38
4.966400000000000000e+04 5.636383552263552480e-38
4.992000000000000000e+04 5.535613942472068508e-38
5.017600000000000000e+04 3.800119649813724570e-39
5.043200000000000000e+04 3.800119649813724570e-39
5.068800000000000000e+04 3.800119649813724570e-39
5.094400000000000000e+04 3.200011343617627645e-39
5.120000000000000000e+04 3.200011343617627645e-39
5.145600000000000000e+04 1.495756248178200460e-39
5.171200000000000000e+04 1.495756248178200460e-39
5.196800000000000000e+04 4.387339647737924094e-41
5.222400000000000000e+04 4.387339647737924094e-41
5.248000000000000000e+04 4.387339647737924094e-41
5.273600000000000000e+04 4.387339647737924094e-41
5.299200000000000000e+04 4.387339647737924094e-41
5.324800000000000000e+04 4.387339647737924094e-41
5.350400000000000000e+04 1.958582709355710521e-43
5.376000000000000000e+04 1.958582709355710521e-43
5.401600000000000000e+04 1.958582709355710521e-43
5.427200000000000000e+04 1.958582709355710521e-43
5.452800000000000000e+04 1.732381226142792714e-43
5.478400000000000000e+04 1.732381226142792714e-43
5.504000000000000000e+04 1.732381226142792714e-43
5.529600000000000000e+04 1.732381226142792714e-43
5.555200000000000000e+04 1.732381226142792714e-43
5.580800000000000000e+04 1.233223980550107893e-43
5.606400000000000000e+04 8.333645497047461561e-44
5.632000000000000000e+04 1.407504494151869631e-44
5.657600000000000000e+04 1.407504494151869631e-44
5.683200000000000000e+04 1.407504494151869631e-44
5.708800000000000000e+04 1.407504494151869631e-44
5.734400000000000000e+04 1.875912986116192653e-45
5.760000000000000000e+04 1.875912986116192653e-45
5.785600000000000000e+04 1.875912986116192653e-45
5.811200000000000000e+04 1.875912986116192653e-45
5.836800000000000000e+04 1.875912986116192653e-45
5.862400000000000000e+04 4.566764021261243024e-46
5.888000000000000000e+04 4.566764021261243024e-46
5.913600000000000000e+04 4.566764021261243024e-46
5.939200000000000000e+04 3.669469923925373176e-46
5.964800000000000000e+04 1.776645145694603509e-46
5.990400000000000000e+04 1.776645145694603509e-46
6.016000000000000000e+04 1.776645145694603509e-46
6.041600000000000000e+04 1.376551965745586247e-46
6.067200000000000000e+04 7.355475739111060237e-47
6.092800000000000000e+04 7.355475739111060237e-47
6.118400000000000000e+04 7.355475739111060237e-47
6.144000000000000000e+04 3.548346108048697303e-47
6.169600000000000000e+04 3.548346108048697303e-47
6.195200000000000000e+04 1.102561296287192385e-47
6.220800000000000000e+04 5.770140669347170913e-48
6.246400000000000000e+04 5.770140669347170913e-48
6.272000000000000000e+04 1.142068641853036905e-48
6.297600000000000000e+04 1.142068641853036905e-48
6.323200000000000000e+04 1.142068641853036905e-48
6.348800000000000000e+04 8.525030829625009412e-49
6.374400000000000000e+04 8.525030829625009412e-49
6.400000000000000000e+04 8.525030829625009412e-49
6.425600000000000000e+04 3.157826272777746626e-49
6.451200000000000000e+04 2.294755817700771759e-49
6.476800000000000000e+04 1.002553959876305464e-49
6.502400000000000000e+04 3.985806305405949747e-52
6.528000000000000000e+04 3.985806305405949747e-52
6.553600000000000000e+04 3.985806305405949747e-52
6.579200000000000000e+04 3.985806305405949747e-52
6.604800000000000000e+04 3.985806305405949747e-52
6.630400000000000000e+04 3.985806305405949747e-52
6.656000000000000000e+04 3.985806305405949747e-52
6.681600000000000000e+04 3.985806305405949747e-52
6.707200000000000000e+04 3.985806305405949747e-52
6.732800000000000000e+04 3.985806305405949747e-52
6.758400000000000000e+04 3.985806305405949747e-52
6.784000000000000000e+04 2.579812196850262323e-52
6.809600000000000000e+04 1.560869075389548405e-53
6.835200000000000000e+04 1.560869075389548405e-53
6.860800000000000000e+04 1.560869075389548405e-53
6.886400000000000000e+04 1.560869075389548405e-53
6.912000000000000000e+04 1.560869075389548405e-53
6.937600000000000000e+04 1.560869075389548405e-53
6.963200000000000000e+04 1.560869075389548405e-53
6.988800000000000000e+04 1.560869075389548405e-53
7.014400000000000000e+04 5.306001317229972204e-54
7.040000000000000000e+04 5.306001317229972204e-54
7.065600000000000000e+04 5.306001317229972204e-54
7.091200000000000000e+04 2.761243316586203185e-54
7.116800000000000000e+04 4.717504957948808311e-55
7.142400000000000000e+04 4.717504957948808311e-55
7.168000000000000000e+04 3.464312011398599634e-55
7.193600000000000000e+04 3.464312011398599634e-55
7.219200000000000000e+04 3.464312011398599634e-55
7.244800000000000000e+04 1.225273972352776505e-56
7.270400000000000000e+04 1.225273972352776505e-56
7.296000000000000000e+04 1.225273972352776505e-56
7.321600000000000000e+04 1.225273972352776505e-56
7.347200000000000000e+04 1.225273972352776505e-56
7.372800000000000000e+04 1.225273972352776505e-56
7.398400000000000000e+04 1.225273972352776505e-56
7.424000000000000000e+04 1.632179550203613727e-57
7.449600000000000000e+04 1.632179550203613727e-57
7.475200000000000000e+04 1.632179550203613727e-57
7.500800000000000000e+04 3.421525240054026611e-58
7.526400000000000000e+04 3.421525240054026611e-58
7.552000000000000000e+04 3.421525240054026611e-58
7.577600000000000000e+04 3.421525240054026611e-58
7.603200000000000000e+04 2.837435659425819606e-58
7.628800000000000000e+04 2.837435659425819606e-58
7.654400000000000000e+04 2.837435659425819606e-58
7.680000000000000000e+04 2.837435659425819606e-58
7.705600000000000000e+04 2.656422382403026303e-59
7.731200000000000000e+04 2.656422382403026303e-59
7.756800000000000000e+04 3.898218959369977716e-60
7.782400000000000000e+04 3.898218959369977716e-60
7.808000000000000000e+04 3.898218959369977716e-60
7.833600000000000000e+04 3.898218959369977716e-60
7.859200000000000000e+04 3.898218959369977716e-60
7.884800000000000000e+04 3.898218959369977716e-60
7.910400000000000000e+04 3.898218959369977716e-60
7.936000000000000000e+04 3.898218959369977716e-60
7.961600000000000000e+04 3.898218959369977716e-60
7.987200000000000000e+04 1.033317156316418817e-60
8.012800000000000000e+04 1.033317156316418817e-60
8.038400000000000000e+04 1.745216348570513275e-61
8.064000000000000000e+04 7.971751064717042686e-62
8.089600000000000000e+04 7.971751064717042686e-62
8.115200000000000000e+04 1.270347754239883815e-62
8.140800000000000000e+04 1.270347754239883815e-62
8.166400000000000000e+04 1.250003697455740938e-62
8.192000000000000000e+04 1.250003697455740938e-62
8.217600000000000000e+04 1.250003697455740938e-62
8.243200000000000000e+04 8.667670713809118583e-63
8.268800000000000000e+04 8.667670713809118583e-63
8.294400000000000000e+04 3.608640332968365767e-63
8.320000000000000000e+04 6.779026410323377585e-64
8.345600000000000000e+04 6.779026410323377585e-64
8.371200000000000000e+04 6.779026410323377585e-64
8.396800000000000000e+04 3.768543149192481024e-65
8.422400000000000000e+04 3.768543149192481024e-65
8.448000000000000000e+04 3.768543149192481024e-65
8.473600000000000000e+04 3.768543149192481024e-65
8.499200000000000000e+04 3.768543149192481024e-65
8.524800000000000000e+04 3.768543149192481024e-65
8.550400000000000000e+04 3.300570746751355005e-65
8.576000000000000000e+04 3.300570746751355005e-65
8.601600000000000000e+04 1.982888996694843171e-66
8.627200000000000000e+04 1.982888996694843171e-66
8.652800000000000000e+04 1.982888996694843171e-66
8.678400000000000000e+04 1.982888996694843171e-66
8.704000000000000000e+04 1.982888996694843171e-66
8.729600000000000000e+04 6.415580279841294079e-67
8.755200000000000000e+04 6.415580279841294079e-67
8.780800000000000000e+04 6.415580279841294079e-67
8.806400000000000000e+04 1.889081044064134080e-67
8.832000000000000000e+04 1.889081044064134080e-67
8.857600000000000000e+04 5.979474405285274727e-68
8.883200000000000000e+04 5.979474405285274727e-68
8.908800000000000000e+04 5.979474405285274727e-68
8.934400000000000000e+04 1.222629661098038596e-68
8.960000000000000000e+04 1.222629661098038596e-68
8.985600000000000000e+04 1.222629661098038596e-68
9.011200000000000000e+04 1.222629661098038596e-68
9.036800000000000000e+04 9.273047132072906887e-69
9.062400000000000000e+04 4.713638369498891832e-69
9.088000000000000000e+04 4.713638369498891832e-69
9.113600000000000000e+04 1.952938653480532735e-69
9.139200000000000000e+04 1.792411498884992501e-69
9.164800000000000000e+04 1.792411498884992501e-69
9.190400000000000000e+04 5.913542074627129326e-70
9.216000000000000000e+04 5.913542074627129326e-70
9.241600000000000000e+04 5.913542074627129326e-70
9.267200000000000000e+04 1.636710896615687222e-70
9.292800000000000000e+04 1.636710896615687222e-70
9.318400000000000000e+04 1.636710896615687222e-70
9.344000000000000000e+04 1.318370220911159627e-70
9.369600000000000000e+04 1.318370220911159627e-70
9.395200000000000000e+04 5.507670506880139011e-71
9.420800000000000000e+04 5.507670506880139011e-71
9.446400000000000000e+04 1.168610203201043021e-72
9.472000000000000000e+04 1.168610203201043021e-72
9.497600000000000000e+04 1.168610203201043021e-72
9.523200000000000000e+04 9.540068548622936941e-73
9.548800000000000000e+04 9.540068548622936941e-73
9.574400000000000000e+04 2.860956678680259360e-73
9.600000000000000000e+04 2.860956678680259360e-73
9.625600000000000000e+04 4.552845881717814688e-74
9.651200000000000000e+04 4.552845881717814688e-74
9.676800000000000000e+04 4.552845881717814688e-74
9.702400000000000000e+04 4.552845881717814688e-74
9.728000000000000000e+04 4.552845881717814688e-74
9.753600000000000000e+04 4.552845881717814688e-74
9.779200000000000000e+04 1.083940697404624001e-74
9.804800000000000000e+04 1.083940697404624001e-74
9.830400000000000000e+04 1.083940697404624001e-74
9.856000000000000000e+04 1.083940697404624001e-74
9.881600000000000000e+04 7.379490679849873719e-75
9.907200000000000000e+04 7.913476827692061393e-76
9.932800000000000000e+04 7.913476827692061393e-76
9.958400000000000000e+04 7.913476827692061393e-76
9.984000000000000000e+04 7.913476827692061393e-76
1.000960000000000000e+05 7.913476827692061393e-76
