2.560000000000000000e+02 2.497426048612650176e-02
5.120000000000000000e+02 2.497426048612650176e-02
7.680000000000000000e+02 2.497426048612650176e-02
1.024000000000000000e+03 2.497426048612650176e-02
1.280000000000000000e+03 2.497426048612650176e-02
1.536000000000000000e+03 2.935989255346759755e-03
1.792000000000000000e+03 2.935989255346759755e-03
2.048000000000000000e+03 2.935989255346759755e-03
2.304000000000000000e+03 2.935989255346759755e-03
2.560000000000000000e+03 2.935989255346759755e-03
2.816000000000000000e+03 2.935989255346759755e-03
3.072000000000000000e+03 1.149386301120545101e-04
3.328000000000000000e+03 1.149386301120545101e-04
3.584000000000000000e+03 1.149386301120545101e-04
3.840000000000000000e+03 1.149386301120545101e-04
4.096000000000000000e+03 1.149386301120545101e-04
4.352000000000000000e+03 1.149386301120545101e-04
4.608000000000000000e+03 1.149386301120545101e-04
4.864000000000000000e+03 9.376751246841891582e-06
5.120000000000000000e+03 9.376751246841891582e-06
5.376000000000000000e+03 9.376751246841891582e-06
5.632000000000000000e+03 9.376751246841891582e-06
5.888000000000000000e+03 9.376751246841891582e-06
6.144000000000000000e+03 9.376751246841891582e-06
6.400000000000000000e+03 9.376751246841891582e-06
6.656000000000000000e+03 3.832454294138781850e-06
6.912000000000000000e+03 3.832454294138781850e-06
7.168000000000000000e+03 8.288398751800220552e-07
7.424000000000000000e+03 4.059512869509450551e-07
7.680000000000000000e+03 1.527947405111206668e-07
7.936000000000000000e+03 1.527947405111206668e-07
8.192000000000000000e+03 1.527947405111206668e-07
8.448000000000000000e+03 1.527947405111206668e-07
8.704000000000000000e+03 1.527947405111206668e-07
8.960000000000000000e+03 1.117025486046861067e-07
9.216000000000000000e+03 9.240057439948375130e-08
9.472000000000000000e+03 2.578323873249086200e-08
9.728000000000000000e+03 2.578323873249086200e-08
9.984000000000000000e+03 2.392187577917276017e-09
1.024000000000000000e+04 2.392187577917276017e-09
1.049600000000000000e+04 2.392187577917276017e-09
1.075200000000000000e+04 1.308405905641637478e-09
1.100800000000000000e+04 1.308405905641637478e-09
1.126400000000000000e+04 1.308405905641637478e-09
1.152000000000000000e+04 1.308405905641637478e-09
1.177600000000000000e+04 1.308405905641637478e-09
1.203200000000000000e+04 4.994459530845819719e-12
1.228800000000000000e+04 4.994459530845819719e-12
1.254400000000000000e+04 4.994459530845819719e-12
1.280000000000000000e+04 4.994459530845819719e-12
1.305600000000000000e+04 4.994459530845819719e-12
1.331200000000000000e+04 4.994459530845819719e-12
1.356800000000000000e+04 4.994459530845819719e-12
1.382400000000000000e+04 4.994459530845819719e-12
1.408000000000000000e+04 4.994459530845819719e-12
1.433600000000000000e+04 4.994459530845819719e-12
1.459200000000000000e+04 4.994459530845819719e-12
1.484800000000000000e+04 3.687600144177471068e-13
1.510400000000000000e+04 3.687600144177471068e-13
1.536000000000000000e+04 3.687600144177471068e-13
1.561600000000000000e+04 3.687600144177471068e-13
1.587200000000000000e+04 1.963850737219433937e-13
1.612800000000000000e+04 1.963850737219433937e-13
1.638400000000000000e+04 1.963850737219433937e-13
1.664000000000000000e+04 1.963850737219433937e-13
1.689600000000000000e+04 1.963850737219433937e-13
1.715200000000000000e+04 1.963850737219433937e-13
1.740800000000000000e+04 1.958269128501652907e-14
1.766400000000000000e+04 1.958269128501652907e-14
1.792000000000000000e+04 1.958269128501652907e-14
1.817600000000000000e+04 1.958269128501652907e-14
1.843200000000000000e+04 3.044298417581368316e-15
1.868800000000000000e+04 3.044298417581368316e-15
1.894400000000000000e+04 3.044298417581368316e-15
1.920000000000000000e+04 3.044298417581368316e-15
1.945600000000000000e+04 2.410073163643423862e-15
1.971200000000000000e+04 9.511450243237980879e-16
1.996800000000000000e+04 6.520327625737634864e-16
2.022400000000000000e+04 6.087834379241915874e-16
2.048000000000000000e+04 1.752402784228799057e-16
2.073600000000000000e+04 1.594558642879484958e-16
2.099200000000000000e+04 7.133913957376406716e-17
2.124800000000000000e+04 7.133913957376406716e-17
2.150400000000000000e+04 1.227316500042806379e-17
2.176000000000000000e+04 8.467347750583447955e-18
2.201600000000000000e+04 8.467347750583447955e-18
2.227200000000000000e+04 8.467347750583447955e-18
2.252800000000000000e+04 8.467347750583447955e-18
2.278400000000000000e+04 8.467347750583447955e-18
2.304000000000000000e+04 8.467347750583447955e-18
2.329600000000000000e+04 2.391537020126776412e-18
2.355200000000000000e+04 2.391537020126776412e-18
2.380800000000000000e+04 1.235171557497884711e-18
2.406400000000000000e+04 9.860278474506751834e-19
2.432000000000000000e+04 9.860278474506751834e-19
2.457600000000000000e+04 9.860278474506751834e-19
2.483200000000000000e+04 9.860278474506751834e-19
2.508800000000000000e+04 1.065604824328654573e-19
2.534400000000000000e+04 1.065604824328654573e-19
2.560000000000000000e+04 1.065604824328654573e-19
2.585600000000000000e+04 1.065604824328654573e-19
2.611200000000000000e+04 7.136384449717776648e-20
2.636800000000000000e+04 7.136384449717776648e-20
2.662400000000000000e+04 1.477318092334341168e-20
2.688000000000000000e+04 1.477318092334341168e-20
2.713600000000000000e+04 1.141781399832091300e-20
2.739200000000000000e+04 1.772025603205982339e-21
2.764800000000000000e+04 1.772025603205982339e-21
2.790400000000000000e+04 1.772025603205982339e-21
2.816000000000000000e+04 4.920432169561923753e-22
2.841600000000000000e+04 7.817777355112139237e-23
2.867200000000000000e+04 7.817777355112139237e-23
2.892800000000000000e+04 7.817777355112139237e-23
2.918400000000000000e+04 7.817777355112139237e-23
2.944000000000000000e+04 7.817777355112139237e-23
2.969600000000000000e+04 7.817777355112139237e-23
2.995200000000000000e+04 7.817777355112139237e-23
3.020800000000000000e+04 7.817777355112139237e-23
3.046400000000000000e+04 4.623152923403504401e-23
3.072000000000000000e+04 4.623152923403504401e-23
3.097600000000000000e+04 4.623152923403504401e-23
3.123200000000000000e+04 2.902300830582804672e-23
3.148800000000000000e+04 2.709308087263740911e-24
3.174400000000000000e+04 1.859511960950192279e-24
3.200000000000000000e+04 1.859511960950192279e-24
3.225600000000000000e+04 1.859511960950192279e-24
3.251200000000000000e+04 1.859511960950192279e-24
3.276800000000000000e+04 5.240671371617620525e-25
3.302400000000000000e+04 1.296658135266110125e-25
3.328000000000000000e+04 1.296658135266110125e-25
3.353600000000000000e+04 1.296658135266110125e-25
3.379200000000000000e+04 1.296658135266110125e-25
3.404800000000000000e+04 1.296658135266110125e-25
3.430400000000000000e+04 1.296658135266110125e-25
3.456000000000000000e+04 1.296658135266110125e-25
3.481600000000000000e+04 6.866047540998538263e-26
3.507200000000000000e+04 3.048423154468614728e-27
3.532800000000000000e+04 3.048423154468614728e-27
3.558400000000000000e+04 1.440132976653815589e-27
3.584000000000000000e+04 1.440132976653815589e-27
3.609600000000000000e+04 1.440132976653815589e-27
3.635200000000000000e+04 1.440132976653815589e-27
3.660800000000000000e+04 1.440132976653815589e-27
3.686400000000000000e+04 1.440132976653815589e-27
3.712000000000000000e+04 9.557681542766710598e-28
3.737600000000000000e+04 9.557681542766710598e-28
3.763200000000000000e+04 3.589924999112719795e-29
3.788800000000000000e+04 3.589924999112719795e-29
3.814400000000000000e+04 3.589924999112719795e-29
3.840000000000000000e+04 3.589924999112719795e-29
3.865600000000000000e+04 5.441610837047506020e-30
3.891200000000000000e+04 5.441610837047506020e-30
3.916800000000000000e+04 5.441610837047506020e-30
3.942400000000000000e+04 5.441610837047506020e-30
3.968000000000000000e+04 5.441610837047506020e-30
3.993600000000000000e+04 5.441610837047506020e-30
4.019200000000000000e+04 3.489937957582571319e-30
4.044800000000000000e+04 5.028593835376149268e-31
4.070400000000000000e+04 5.028593835376149268e-31
4.096000000000000000e+04 5.028593835376149268e-31
4.121600000000000000e+04 5.028593835376149268e-31
4.147200000000000000e+04 1.435105211056416037e-31
4.172800000000000000e+04 1.435105211056416037e-31
4.198400000000000000e+04 1.435105211056416037e-31
4.224000000000000000e+04 1.435105211056416037e-31
4.249600000000000000e+04 3.783202592978406785e-33
4.275200000000000000e+04 3.783202592978406785e-33
4.300800000000000000e+04 3.783202592978406785e-33
4.326400000000000000e+04 3.783202592978406785e-33
4.352000000000000000e+04 3.783202592978406785e-33
4.377600000000000000e+04 3.783202592978406785e-33
4.403200000000000000e+04 3.783202592978406785e-33
4.428800000000000000e+04 3.783202592978406785e-33
4.454400000000000000e+04 3.783202592978406785e-33
4.480000000000000000e+04 7.976013913764178507e-34
4.505600000000000000e+04 5.950927538934884177e-35
4.531200000000000000e+04 5.950927538934884177e-35
4.556800000000000000e+04 5.950927538934884177e-35
4.582400000000000000e+04 5.950927538934884177e-35
4.608000000000000000e+04 5.767890650153753704e-35
4.633600000000000000e+04 5.767890650153753704e-35
4.659200000000000000e+04 5.767890650153753704e-35
4.684800000000000000e+04 1.932933497779347002e-35
4.710400000000000000e+04 1.255594264852793334e-35
4.736000000000000000e+04 1.016340520256421789e-35
4.761600000000000000e+04 1.016340520256421789e-35
4.787200000000000000e+04 1.016340520256421789e-35
4.812800000000000000e+04 1.016340520256421789e-35
4.838400000000000000e+04 4.281608539686444486e-36
4.864000000000000000e+04 4.281608539686444486e-36
4.889600000000000000e+04 4.368720930259841005e-37
4.915200000000000000e+04 8.574081386770535630e-38
4.940800000000000000e+04 8.574081386770535630e-38
4.966400000000000000e+04 8.574081386770535630e-38
4.992000000000000000e+04 8.574081386770535630e-38
5.017600000000000000e+04 8.574081386770535630e-38
5.043200000000000000e+04 8.125084524725135733e-38
5.068800000000000000e+04 8.125084524725135733e-38
5.094400000000000000e+04 8.125084524725135733e-38
5.120000000000000000e+04 3.535901043880710988e-38
5.145600000000000000e+04 3.415624315217583577e-38
5.171200000000000000e+04 5.068765129437750108e-39
5.196800000000000000e+04 3.016711958119435523e-39
5.222400000000000000e+04 3.016711958119435523e-39
5.248000000000000000e+04 1.028537179500892620e-39
5.273600000000000000e+04 1.028537179500892620e-39
5.299200000000000000e+04 9.842341289855472491e-40
5.324800000000000000e+04 6.327246172784754424e-40
5.350400000000000000e+04 6.327246172784754424e-40
5.376000000000000000e+04 6.327246172784754424e-40
5.401600000000000000e+04 1.725664770251886534e-40
5.427200000000000000e+04 1.658713229790269860e-40
5.452800000000000000e+04 1.658713229790269860e-40
5.478400000000000000e+04 4.793238549343421348e-41
5.504000000000000000e+04 2.837578066539543945e-41
5.529600000000000000e+04 6.170115543933082838e-42
5.555200000000000000e+04 5.361263391333843751e-42
5.580800000000000000e+04 4.434998598151318214e-42
5.606400000000000000e+04 4.434998598151318214e-42
5.632000000000000000e+04 3.171794760048132943e-42
5.657600000000000000e+04 3.171794760048132943e-42
5.683200000000000000e+04 3.171794760048132943e-42
5.708800000000000000e+04 3.171794760048132943e-42
5.734400000000000000e+04 3.392812956559736560e-43
5.760000000000000000e+04 3.368621136094773125e-43
5.785600000000000000e+04 3.247632766165064056e-43
5.811200000000000000e+04 3.247632766165064056e-43
5.836800000000000000e+04 1.263531013041504713e-43
5.862400000000000000e+04 4.548461231462497363e-44
5.888000000000000000e+04 4.498258272046990538e-44
5.913600000000000000e+04 3.440935104821740389e-44
5.939200000000000000e+04 1.945204095208440193e-44
5.964800000000000000e+04 1.010654898647900460e-44
5.990400000000000000e+04 4.791619036090478088e-45
6.016000000000000000e+04 4.791619036090478088e-45
6.041600000000000000e+04 4.254863059819838078e-46
6.067200000000000000e+04 4.254863059819838078e-46
6.092800000000000000e+04 4.254863059819838078e-46
6.118400000000000000e+04 4.254863059819838078e-46
6.144000000000000000e+04 4.254863059819838078e-46
6.169600000000000000e+04 4.254863059819838078e-46
6.195200000000000000e+04 4.254863059819838078e-46
6.220800000000000000e+04 5.182870589196693334e-47
6.246400000000000000e+04 5.182870589196693334e-47
6.272000000000000000e+04 5.182870589196693334e-47
6.297600000000000000e+04 5.182870589196693334e-47
6.323200000000000000e+04 2.571431074987219985e-47
6.348800000000000000e+04 2.571431074987219985e-47
6.374400000000000000e+04 1.352520237291258457e-47
6.400000000000000000e+04 8.203854364968399421e-48
6.425600000000000000e+04 8.203854364968399421e-48
6.451200000000000000e+04 1.680286447704228936e-49
6.476800000000000000e+04 1.680286447704228936e-49
6.502400000000000000e+04 1.680286447704228936e-49
6.528000000000000000e+04 1.680286447704228936e-49
6.553600000000000000e+04 8.719335405900101928e-50
6.579200000000000000e+04 8.719335405900101928e-50
6.604800000000000000e+04 6.486145638501319085e-51
6.630400000000000000e+04 6.486145638501319085e-51
6.656000000000000000e+04 6.486145638501319085e-51
6.681600000000000000e+04 6.486145638501319085e-51
6.707200000000000000e+04 2.569666782264966931e-51
6.732800000000000000e+04 2.569666782264966931e-51
6.758400000000000000e+04 1.116228820167646347e-51
6.784000000000000000e+04 1.116228820167646347e-51
6.809600000000000000e+04 1.116228820167646347e-51
6.835200000000000000e+04 1.116228820167646347e-51
6.860800000000000000e+04 9.235495884537233562e-52
6.886400000000000000e+04 9.235495884537233562e-52
6.912000000000000000e+04 9.235495884537233562e-52
6.937600000000000000e+04 4.103054588602195498e-53
6.963200000000000000e+04 4.103054588602195498e-53
6.988800000000000000e+04 4.103054588602195498e-53
7.014400000000000000e+04 4.103054588602195498e-53
7.040000000000000000e+04 4.103054588602195498e-53
7.065600000000000000e+04 2.949701286324728715e-53
7.091200000000000000e+04 1.647354508714235204e-53
7.116800000000000000e+04 1.647354508714235204e-53
7.142400000000000000e+04 3.924379446793620503e-54
7.168000000000000000e+04 3.924379446793620503e-54
7.193600000000000000e+04 3.924379446793620503e-54
7.219200000000000000e+04 3.924379446793620503e-54
7.244800000000000000e+04 3.924379446793620503e-54
7.270400000000000000e+04 7.422914250679318257e-55
7.296000000000000000e+04 7.422914250679318257e-55
7.321600000000000000e+04 1.784931274808937751e-55
7.347200000000000000e+04 1.784931274808937751e-55
7.372800000000000000e+04 1.784931274808937751e-55
7.398400000000000000e+04 1.784931274808937751e-55
7.424000000000000000e+04 3.655173362268273794e-56
7.449600000000000000e+04 3.655173362268273794e-56
7.475200000000000000e+04 2.061551572736340784e-56
7.500800000000000000e+04 2.061551572736340784e-56
7.526400000000000000e+04 2.061551572736340784e-56
7.552000000000000000e+04 1.394124257292744792e-56
7.577600000000000000e+04 9.011205124380060175e-58
7.603200000000000000e+04 9.011205124380060175e-58
7.628800000000000000e+04 6.209166092661090623e-58
7.654400000000000000e+04 6.209166092661090623e-58
7.680000000000000000e+04 6.209166092661090623e-58
7.705600000000000000e+04 6.209166092661090623e-58
7.731200000000000000e+04 6.209166092661090623e-58
7.756800000000000000e+04 1.857170686016055952e-58
7.782400000000000000e+04 9.476018188496138175e-59
7.808000000000000000e+04 9.476018188496138175e-59
7.833600000000000000e+04 9.476018188496138175e-59
7.859200000000000000e+04 5.134443487352100798e-60
7.884800000000000000e+04 5.134443487352100798e-60
7.910400000000000000e+04 3.676567034342928446e-60
7.936000000000000000e+04 3.676567034342928446e-60
7.961600000000000000e+04 3.676567034342928446e-60
7.987200000000000000e+04 3.676567034342928446e-60
8.012800000000000000e+04 3.676567034342928446e-60
8.038400000000000000e+04 3.676567034342928446e-60
8.064000000000000000e+04 1.474127102943124796e-60
8.089600000000000000e+04 1.474127102943124796e-60
8.115200000000000000e+04 1.474127102943124796e-60
8.140800000000000000e+04 6.306126528925315824e-61
8.166400000000000000e+04 4.375380221521292118e-61
8.192000000000000000e+04 4.375380221521292118e-61
8.217600000000000000e+04 4.316223019703231491e-61
8.243200000000000000e+04 1.859928924172593725e-61
8.268800000000000000e+04 7.575356896339679323e-62
8.294400000000000000e+04 2.020178496748245686e-62
8.320000000000000000e+04 2.020178496748245686e-62
8.345600000000000000e+04 2.020178496748245686e-62
8.371200000000000000e+04 2.020178496748245686e-62
8.396800000000000000e+04 2.020178496748245686e-62
8.422400000000000000e+04 8.289315002018973646e-63
8.448000000000000000e+04 2.756204380545197615e-64
8.473600000000000000e+04 2.756204380545197615e-64
8.499200000000000000e+04 2.756204380545197615e-64
8.524800000000000000e+04 2.756204380545197615e-64
8.550400000000000000e+04 2.756204380545197615e-64
8.576000000000000000e+04 1.244026439540195201e-64
8.601600000000000000e+04 6.208791200318913043e-65
8.627200000000000000e+04 6.208791200318913043e-65
8.652800000000000000e+04 3.596646337280181192e-65
8.678400000000000000e+04 9.001225658750681027e-67
8.704000000000000000e+04 9.001225658750681027e-67
8.729600000000000000e+04 9.001225658750681027e-67
8.755200000000000000e+04 9.001225658750681027e-67
8.780800000000000000e+04 9.001225658750681027e-67
8.806400000000000000e+04 9.001225658750681027e-67
8.832000000000000000e+04 9.001225658750681027e-67
8.857600000000000000e+04 9.001225658750681027e-67
8.883200000000000000e+04 9.001225658750681027e-67
8.908800000000000000e+04 9.001225658750681027e-67
8.934400000000000000e+04 9.001225658750681027e-67
8.960000000000000000e+04 9.001225658750681027e-67
8.985600000000000000e+04 3.014235039413516199e-67
9.011200000000000000e+04 3.014235039413516199e-67
9.036800000000000000e+04 3.014235039413516199e-67
9.062400000000000000e+04 3.014235039413516199e-67
9.088000000000000000e+04 2.390810759631319009e-67
9.113600000000000000e+04 1.443538649261412481e-67
9.139200000000000000e+04 4.321458514519024678e-68
9.164800000000000000e+04 1.417074457412803983e-68
9.190400000000000000e+04 1.062342338781809737e-69
9.216000000000000000e+04 1.062342338781809737e-69
9.241600000000000000e+04 1.062342338781809737e-69
9.267200000000000000e+04 1.062342338781809737e-69
9.292800000000000000e+04 1.062342338781809737e-69
9.318400000000000000e+04 1.062342338781809737e-69
9.344000000000000000e+04 1.062342338781809737e-69
9.369600000000000000e+04 1.062342338781809737e-69
9.395200000000000000e+04 1.062342338781809737e-69
9.420800000000000000e+04 3.789513388440063060e-70
9.446400000000000000e+04 3.789513388440063060e-70
9.472000000000000000e+04 3.789513388440063060e-70
9.497600000000000000e+04 3.789513388440063060e-70
9.523200000000000000e+04 6.985713883564140093e-71
9.548800000000000000e+04 4.334603969622282427e-71
9.574400000000000000e+04 1.324446199777076451e-72
9.600000000000000000e+04 1.324446199777076451e-72
9.625600000000000000e+04 1.324446199777076451e-72
9.651200000000000000e+04 1.324446199777076451e-72
9.676800000000000000e+04 1.324446199777076451e-72
9.702400000000000000e+04 1.324446199777076451e-72
9.728000000000000000e+04 1.324446199777076451e-72
9.753600000000000000e+04 1.324446199777076451e-72
9.779200000000000000e+04 2.433662993398773979e-73
9.804800000000000000e+04 2.433662993398773979e-73
9.830400000000000000e+04 2.433662993398773979e-73
9.856000000000000000e+04 2.433662993398773979e-73
9.881600000000000000e+04 5.281745645315737306e-74
9.907200000000000000e+04 5.281745645315737306e-74
9.932800000000000000e+04 5.281745645315737306e-74
9.958400000000000000e+04 5.281745645315737306e-74
9.984000000000000000e+04 5.281745645315737306e-74
1.000960000000000000e+05 5.281745645315737306e-74
