5.120000000000000000e+02 3.571470348656087299e+04
1.024000000000000000e+03 3.571470348656087299e+04
1.536000000000000000e+03 3.571470348656087299e+04
2.048000000000000000e+03 3.571470348656087299e+04
2.560000000000000000e+03 3.571470348656087299e+04
3.072000000000000000e+03 3.571470348656087299e+04
3.584000000000000000e+03 3.571470348656087299e+04
4.096000000000000000e+03 2.975891019402364327e+04
4.608000000000000000e+03 2.975891019402364327e+04
5.120000000000000000e+03 2.975891019402364327e+04
5.632000000000000000e+03 2.975891019402364327e+04
6.144000000000000000e+03 1.446781820903075823e+04
6.656000000000000000e+03 1.446781820903075823e+04
7.168000000000000000e+03 1.446781820903075823e+04
7.680000000000000000e+03 1.446781820903075823e+04
8.192000000000000000e+03 1.446781820903075823e+04
8.704000000000000000e+03 1.446781820903075823e+04
9.216000000000000000e+03 1.446781820903075823e+04
9.728000000000000000e+03 1.446781820903075823e+04
1.024000000000000000e+04 1.441218247129856354e+04
1.075200000000000000e+04 1.441218247129856354e+04
1.126400000000000000e+04 3.777997669682171818e+03
1.177600000000000000e+04 1.509906786191317906e+03
1.228800000000000000e+04 1.509906786191317906e+03
1.280000000000000000e+04 1.509906786191317906e+03
1.331200000000000000e+04 1.509906786191317906e+03
1.382400000000000000e+04 1.509906786191317906e+03
1.433600000000000000e+04 1.509906786191317906e+03
1.484800000000000000e+04 1.509906786191317906e+03
1.536000000000000000e+04 1.509906786191317906e+03
1.587200000000000000e+04 1.509906786191317906e+03
1.638400000000000000e+04 1.509906786191317906e+03
1.689600000000000000e+04 1.509906786191317906e+03
1.740800000000000000e+04 1.509906786191317906e+03
1.792000000000000000e+04 1.509906786191317906e+03
1.843200000000000000e+04 1.509906786191317906e+03
1.894400000000000000e+04 1.509906786191317906e+03
1.945600000000000000e+04 1.509906786191317906e+03
1.996800000000000000e+04 1.509906786191317906e+03
2.048000000000000000e+04 1.509906786191317906e+03
2.099200000000000000e+04 1.509906786191317906e+03
2.150400000000000000e+04 1.509906786191317906e+03
2.201600000000000000e+04 1.509906786191317906e+03
2.252800000000000000e+04 1.458171772957856092e+03
2.304000000000000000e+04 1.458171772957856092e+03
2.355200000000000000e+04 1.458171772957856092e+03
2.406400000000000000e+04 1.458171772957856092e+03
2.457600000000000000e+04 1.307490149188177156e+03
2.508800000000000000e+04 1.307490149188177156e+03
2.560000000000000000e+04 1.238976114859825657e+03
2.611200000000000000e+04 1.238976114859825657e+03
2.662400000000000000e+04 1.238976114859825657e+03
2.713600000000000000e+04 1.238976114859825657e+03
2.764800000000000000e+04 1.187865281652153499e+03
2.816000000000000000e+04 1.187865281652153499e+03
2.867200000000000000e+04 1.138904951089342603e+03
2.918400000000000000e+04 1.138904951089342603e+03
2.969600000000000000e+04 1.138904951089342603e+03
3.020800000000000000e+04 1.138904951089342603e+03
3.072000000000000000e+04 1.138904951089342603e+03
3.123200000000000000e+04 1.138904951089342603e+03
3.174400000000000000e+04 1.138904951089342603e+03
3.225600000000000000e+04 1.138904951089342603e+03
3.276800000000000000e+04 8.772152252879699290e+02
3.328000000000000000e+04 8.772152252879699290e+02
3.379200000000000000e+04 8.772152252879699290e+02
3.430400000000000000e+04 8.772152252879699290e+02
3.481600000000000000e+04 8.772152252879699290e+02
3.532800000000000000e+04 8.622628800535675282e+02
3.584000000000000000e+04 8.622628800535675282e+02
3.635200000000000000e+04 7.558652454450457299e+02
3.686400000000000000e+04 5.927223211235206008e+02
3.737600000000000000e+04 5.927223211235206008e+02
3.788800000000000000e+04 5.927223211235206008e+02
3.840000000000000000e+04 5.927223211235206008e+02
3.891200000000000000e+04 5.927223211235206008e+02
3.942400000000000000e+04 5.927223211235206008e+02
3.993600000000000000e+04 5.927223211235206008e+02
4.044800000000000000e+04 4.313519871870622069e+02
4.096000000000000000e+04 4.313519871870622069e+02
4.147200000000000000e+04 4.313519871870622069e+02
4.198400000000000000e+04 4.313519871870622069e+02
4.249600000000000000e+04 4.313519871870622069e+02
4.300800000000000000e+04 4.313519871870622069e+02
4.352000000000000000e+04 4.313519871870622069e+02
4.403200000000000000e+04 4.313519871870622069e+02
4.454400000000000000e+04 4.313519871870622069e+02
4.505600000000000000e+04 4.313519871870622069e+02
4.556800000000000000e+04 4.313519871870622069e+02
4.608000000000000000e+04 4.313519871870622069e+02
4.659200000000000000e+04 4.313519871870622069e+02
4.710400000000000000e+04 4.313519871870622069e+02
4.761600000000000000e+04 4.313519871870622069e+02
4.812800000000000000e+04 4.313519871870622069e+02
4.864000000000000000e+04 3.224946148867828128e+02
4.915200000000000000e+04 3.224946148867828128e+02
4.966400000000000000e+04 3.224946148867828128e+02
5.017600000000000000e+04 3.224946148867828128e+02
5.068800000000000000e+04 3.224946148867828128e+02
5.120000000000000000e+04 3.224946148867828128e+02
5.171200000000000000e+04 3.224946148867828128e+02
5.222400000000000000e+04 3.224946148867828128e+02
5.273600000000000000e+04 3.224946148867828128e+02
5.324800000000000000e+04 3.224946148867828128e+02
5.376000000000000000e+04 3.224946148867828128e+02
5.427200000000000000e+04 3.224946148867828128e+02
5.478400000000000000e+04 3.224946148867828128e+02
5.529600000000000000e+04 3.224946148867828128e+02
5.580800000000000000e+04 3.224946148867828128e+02
5.632000000000000000e+04 3.224946148867828128e+02
5.683200000000000000e+04 3.224946148867828128e+02
5.734400000000000000e+04 3.224946148867828128e+02
5.785600000000000000e+04 2.870711268465546482e+02
5.836800000000000000e+04 2.870711268465546482e+02
5.888000000000000000e+04 2.870711268465546482e+02
5.939200000000000000e+04 2.870711268465546482e+02
5.990400000000000000e+04 1.684231289669025387e+02
6.041600000000000000e+04 1.684231289669025387e+02
6.092800000000000000e+04 1.684231289669025387e+02
6.144000000000000000e+04 1.684231289669025387e+02
6.195200000000000000e+04 1.684231289669025387e+02
6.246400000000000000e+04 1.684231289669025387e+02
6.297600000000000000e+04 1.684231289669025387e+02
6.348800000000000000e+04 1.684231289669025387e+02
6.400000000000000000e+04 1.684231289669025387e+02
6.451200000000000000e+04 1.684231289669025387e+02
6.502400000000000000e+04 1.191215641836354848e+02
6.553600000000000000e+04 1.191215641836354848e+02
6.604800000000000000e+04 1.191215641836354848e+02
6.656000000000000000e+04 1.191215641836354848e+02
6.707200000000000000e+04 1.191215641836354848e+02
6.758400000000000000e+04 1.191215641836354848e+02
6.809600000000000000e+04 1.191215641836354848e+02
6.860800000000000000e+04 1.191215641836354848e+02
6.912000000000000000e+04 1.191215641836354848e+02
6.963200000000000000e+04 1.164157029276115054e+02
7.014400000000000000e+04 1.164157029276115054e+02
7.065600000000000000e+04 1.164157029276115054e+02
7.116800000000000000e+04 7.557471916496226072e+01
7.168000000000000000e+04 7.557471916496226072e+01
7.219200000000000000e+04 7.557471916496226072e+01
7.270400000000000000e+04 7.557471916496226072e+01
7.321600000000000000e+04 7.557471916496226072e+01
7.372800000000000000e+04 7.557471916496226072e+01
7.424000000000000000e+04 7.557471916496226072e+01
7.475200000000000000e+04 7.557471916496226072e+01
7.526400000000000000e+04 7.557471916496226072e+01
7.577600000000000000e+04 7.557471916496226072e+01
7.628800000000000000e+04 7.557471916496226072e+01
7.680000000000000000e+04 7.557471916496226072e+01
7.731200000000000000e+04 7.557471916496226072e+01
7.782400000000000000e+04 7.557471916496226072e+01
7.833600000000000000e+04 7.557471916496226072e+01
7.884800000000000000e+04 7.557471916496226072e+01
7.936000000000000000e+04 7.557471916496226072e+01
7.987200000000000000e+04 7.557471916496226072e+01
8.038400000000000000e+04 7.557471916496226072e+01
8.089600000000000000e+04 7.557471916496226072e+01
8.140800000000000000e+04 7.557471916496226072e+01
8.192000000000000000e+04 7.557471916496226072e+01
8.243200000000000000e+04 7.557471916496226072e+01
8.294400000000000000e+04 7.557471916496226072e+01
8.345600000000000000e+04 7.557471916496226072e+01
8.396800000000000000e+04 4.715177699283683665e+01
8.448000000000000000e+04 4.715177699283683665e+01
8.499200000000000000e+04 4.715177699283683665e+01
8.550400000000000000e+04 4.715177699283683665e+01
8.601600000000000000e+04 4.715177699283683665e+01
8.652800000000000000e+04 4.715177699283683665e+01
8.704000000000000000e+04 4.715177699283683665e+01
8.755200000000000000e+04 4.715177699283683665e+01
8.806400000000000000e+04 4.715177699283683665e+01
8.857600000000000000e+04 4.715177699283683665e+01
8.908800000000000000e+04 4.715177699283683665e+01
8.960000000000000000e+04 4.715177699283683665e+01
9.011200000000000000e+04 4.715177699283683665e+01
9.062400000000000000e+04 4.715177699283683665e+01
9.113600000000000000e+04 4.715177699283683665e+01
9.164800000000000000e+04 4.715177699283683665e+01
9.216000000000000000e+04 4.715177699283683665e+01
9.267200000000000000e+04 4.358411696255319612e+01
9.318400000000000000e+04 4.358411696255319612e+01
9.369600000000000000e+04 4.358411696255319612e+01
9.420800000000000000e+04 3.228017572734285778e+01
9.472000000000000000e+04 3.228017572734285778e+01
9.523200000000000000e+04 3.228017572734285778e+01
9.574400000000000000e+04 3.228017572734285778e+01
9.625600000000000000e+04 3.228017572734285778e+01
9.676800000000000000e+04 3.228017572734285778e+01
9.728000000000000000e+04 3.228017572734285778e+01
9.779200000000000000e+04 3.228017572734285778e+01
9.830400000000000000e+04 2.994227230150082875e+01
9.881600000000000000e+04 2.994227230150082875e+01
9.932800000000000000e+04 2.994227230150082875e+01
9.984000000000000000e+04 2.994227230150082875e+01
1.003520000000000000e+05 2.994227230150082875e+01
1.008640000000000000e+05 2.994227230150082875e+01
1.013760000000000000e+05 2.994227230150082875e+01
1.018880000000000000e+05 2.994227230150082875e+01
1.024000000000000000e+05 2.994227230150082875e+01
1.029120000000000000e+05 2.994227230150082875e+01
1.034240000000000000e+05 2.994227230150082875e+01
1.039360000000000000e+05 2.994227230150082875e+01
1.044480000000000000e+05 2.994227230150082875e+01
1.049600000000000000e+05 2.994227230150082875e+01
1.054720000000000000e+05 2.994227230150082875e+01
1.059840000000000000e+05 2.994227230150082875e+01
1.064960000000000000e+05 2.994227230150082875e+01
1.070080000000000000e+05 2.994227230150082875e+01
1.075200000000000000e+05 2.994227230150082875e+01
1.080320000000000000e+05 2.994227230150082875e+01
1.085440000000000000e+05 2.994227230150082875e+01
1.090560000000000000e+05 2.785801793048040409e+01
1.095680000000000000e+05 2.785801793048040409e+01
1.100800000000000000e+05 2.785801793048040409e+01
1.105920000000000000e+05 2.785801793048040409e+01
1.111040000000000000e+05 2.785801793048040409e+01
1.116160000000000000e+05 2.785801793048040409e+01
1.121280000000000000e+05 2.785801793048040409e+01
1.126400000000000000e+05 2.785801793048040409e+01
1.131520000000000000e+05 2.785801793048040409e+01
1.136640000000000000e+05 2.785801793048040409e+01
1.141760000000000000e+05 2.508706421108141527e+01
1.146880000000000000e+05 2.508706421108141527e+01
1.152000000000000000e+05 2.508706421108141527e+01
1.157120000000000000e+05 2.508706421108141527e+01
1.162240000000000000e+05 2.508706421108141527e+01
1.167360000000000000e+05 2.508706421108141527e+01
1.172480000000000000e+05 2.508706421108141527e+01
1.177600000000000000e+05 2.508706421108141527e+01
1.182720000000000000e+05 2.508706421108141527e+01
1.187840000000000000e+05 2.471214086858346093e+01
1.192960000000000000e+05 2.141798779420625465e+01
1.198080000000000000e+05 2.141798779420625465e+01
1.203200000000000000e+05 2.141798779420625465e+01
1.208320000000000000e+05 2.141798779420625465e+01
1.213440000000000000e+05 2.141798779420625465e+01
1.218560000000000000e+05 2.141798779420625465e+01
1.223680000000000000e+05 2.141798779420625465e+01
1.228800000000000000e+05 2.141798779420625465e+01
1.233920000000000000e+05 2.141798779420625465e+01
1.239040000000000000e+05 2.141798779420625465e+01
1.244160000000000000e+05 2.141798779420625465e+01
1.249280000000000000e+05 2.141798779420625465e+01
1.254400000000000000e+05 1.973493773047027133e+01
1.259520000000000000e+05 1.973493773047027133e+01
1.264640000000000000e+05 1.973493773047027133e+01
1.269760000000000000e+05 1.973493773047027133e+01
1.274880000000000000e+05 1.913875439039785675e+01
1.280000000000000000e+05 1.913875439039785675e+01
1.285120000000000000e+05 1.913875439039785675e+01
1.290240000000000000e+05 1.338427575105671963e+01
1.295360000000000000e+05 1.338427575105671963e+01
1.300480000000000000e+05 1.338427575105671963e+01
1.305600000000000000e+05 1.338427575105671963e+01
1.310720000000000000e+05 1.338427575105671963e+01
1.315840000000000000e+05 1.338427575105671963e+01
1.320960000000000000e+05 1.338427575105671963e+01
1.326080000000000000e+05 1.338427575105671963e+01
1.331200000000000000e+05 1.338427575105671963e+01
1.336320000000000000e+05 1.338427575105671963e+01
1.341440000000000000e+05 1.338427575105671963e+01
1.346560000000000000e+05 1.338427575105671963e+01
1.351680000000000000e+05 1.338427575105671963e+01
1.356800000000000000e+05 1.338427575105671963e+01
1.361920000000000000e+05 1.338427575105671963e+01
1.367040000000000000e+05 1.338427575105671963e+01
1.372160000000000000e+05 1.338427575105671963e+01
1.377280000000000000e+05 1.338427575105671963e+01
1.382400000000000000e+05 1.338427575105671963e+01
1.387520000000000000e+05 1.338427575105671963e+01
1.392640000000000000e+05 1.338427575105671963e+01
1.397760000000000000e+05 1.338427575105671963e+01
1.402880000000000000e+05 1.338427575105671963e+01
1.408000000000000000e+05 1.338427575105671963e+01
1.413120000000000000e+05 1.338427575105671963e+01
1.418240000000000000e+05 1.338427575105671963e+01
1.423360000000000000e+05 1.338427575105671963e+01
1.428480000000000000e+05 1.338427575105671963e+01
1.433600000000000000e+05 1.338427575105671963e+01
1.438720000000000000e+05 1.338427575105671963e+01
1.443840000000000000e+05 1.338427575105671963e+01
1.448960000000000000e+05 1.338427575105671963e+01
1.454080000000000000e+05 1.338427575105671963e+01
1.459200000000000000e+05 1.338427575105671963e+01
1.464320000000000000e+05 1.338427575105671963e+01
1.469440000000000000e+05 1.338427575105671963e+01
1.474560000000000000e+05 1.261777494604901761e+01
1.479680000000000000e+05 1.261777494604901761e+01
1.484800000000000000e+05 1.261777494604901761e+01
1.489920000000000000e+05 1.122747831261494333e+01
1.495040000000000000e+05 1.122747831261494333e+01
1.500160000000000000e+05 1.122747831261494333e+01
1.505280000000000000e+05 1.122747831261494333e+01
1.510400000000000000e+05 1.122747831261494333e+01
1.515520000000000000e+05 1.122747831261494333e+01
1.520640000000000000e+05 1.122747831261494333e+01
1.525760000000000000e+05 1.122747831261494333e+01
1.530880000000000000e+05 1.122747831261494333e+01
1.536000000000000000e+05 1.122747831261494333e+01
1.541120000000000000e+05 1.122747831261494333e+01
1.546240000000000000e+05 1.122747831261494333e+01
1.551360000000000000e+05 1.122747831261494333e+01
1.556480000000000000e+05 1.122747831261494333e+01
1.561600000000000000e+05 1.122747831261494333e+01
1.566720000000000000e+05 1.122747831261494333e+01
1.571840000000000000e+05 1.066967289002760744e+01
1.576960000000000000e+05 1.066967289002760744e+01
1.582080000000000000e+05 1.066967289002760744e+01
1.587200000000000000e+05 1.066967289002760744e+01
1.592320000000000000e+05 1.066967289002760744e+01
1.597440000000000000e+05 1.066967289002760744e+01
1.602560000000000000e+05 1.066967289002760744e+01
1.607680000000000000e+05 1.066967289002760744e+01
1.612800000000000000e+05 1.066967289002760744e+01
1.617920000000000000e+05 1.066967289002760744e+01
1.623040000000000000e+05 1.054104196424146700e+01
1.628160000000000000e+05 1.054104196424146700e+01
1.633280000000000000e+05 1.054104196424146700e+01
1.638400000000000000e+05 1.054104196424146700e+01
1.643520000000000000e+05 1.054104196424146700e+01
1.648640000000000000e+05 1.054104196424146700e+01
1.653760000000000000e+05 1.043048204274522384e+01
1.658880000000000000e+05 1.043048204274522384e+01
1.664000000000000000e+05 9.155866213776214124e+00
1.669120000000000000e+05 9.155866213776214124e+00
1.674240000000000000e+05 9.155866213776214124e+00
1.679360000000000000e+05 9.155866213776214124e+00
1.684480000000000000e+05 9.155866213776214124e+00
1.689600000000000000e+05 9.155866213776214124e+00
1.694720000000000000e+05 9.155866213776214124e+00
1.699840000000000000e+05 9.155866213776214124e+00
1.704960000000000000e+05 9.155866213776214124e+00
1.710080000000000000e+05 9.155866213776214124e+00
1.715200000000000000e+05 9.155866213776214124e+00
1.720320000000000000e+05 9.155866213776214124e+00
1.725440000000000000e+05 9.155866213776214124e+00
1.730560000000000000e+05 9.155866213776214124e+00
1.735680000000000000e+05 9.155866213776214124e+00
1.740800000000000000e+05 8.067171830884197092e+00
1.745920000000000000e+05 8.067171830884197092e+00
1.751040000000000000e+05 8.067171830884197092e+00
1.756160000000000000e+05 8.067171830884197092e+00
1.761280000000000000e+05 6.560700471098811271e+00
1.766400000000000000e+05 6.560700471098811271e+00
1.771520000000000000e+05 6.560700471098811271e+00
1.776640000000000000e+05 6.560700471098811271e+00
1.781760000000000000e+05 6.560700471098811271e+00
1.786880000000000000e+05 6.560700471098811271e+00
1.792000000000000000e+05 6.560700471098811271e+00
1.797120000000000000e+05 6.560700471098811271e+00
1.802240000000000000e+05 6.560700471098811271e+00
1.807360000000000000e+05 6.560700471098811271e+00
1.812480000000000000e+05 6.560700471098811271e+00
1.817600000000000000e+05 6.560700471098811271e+00
1.822720000000000000e+05 6.560700471098811271e+00
1.827840000000000000e+05 6.560700471098811271e+00
1.832960000000000000e+05 6.261883673425691299e+00
1.838080000000000000e+05 6.261883673425691299e+00
1.843200000000000000e+05 6.261883673425691299e+00
1.848320000000000000e+05 6.261883673425691299e+00
1.853440000000000000e+05 6.261883673425691299e+00
1.858560000000000000e+05 6.261883673425691299e+00
1.863680000000000000e+05 6.261883673425691299e+00
1.868800000000000000e+05 6.261883673425691299e+00
1.873920000000000000e+05 6.261883673425691299e+00
1.879040000000000000e+05 6.261883673425691299e+00
1.884160000000000000e+05 6.261883673425691299e+00
1.889280000000000000e+05 6.261883673425691299e+00
1.894400000000000000e+05 6.261883673425691299e+00
1.899520000000000000e+05 6.261883673425691299e+00
1.904640000000000000e+05 6.261883673425691299e+00
1.909760000000000000e+05 6.261883673425691299e+00
1.914880000000000000e+05 6.261883673425691299e+00
1.920000000000000000e+05 6.261883673425691299e+00
1.925120000000000000e+05 6.261883673425691299e+00
1.930240000000000000e+05 6.261883673425691299e+00
1.935360000000000000e+05 6.261883673425691299e+00
1.940480000000000000e+05 6.261883673425691299e+00
1.945600000000000000e+05 6.261883673425691299e+00
1.950720000000000000e+05 6.261883673425691299e+00
1.955840000000000000e+05 6.261883673425691299e+00
1.960960000000000000e+05 6.261883673425691299e+00
1.966080000000000000e+05 6.261883673425691299e+00
1.971200000000000000e+05 6.261883673425691299e+00
1.976320000000000000e+05 6.261883673425691299e+00
1.981440000000000000e+05 6.261883673425691299e+00
1.986560000000000000e+05 6.261883673425691299e+00
1.991680000000000000e+05 6.261883673425691299e+00
1.996800000000000000e+05 6.261883673425691299e+00
2.001920000000000000e+05 6.261883673425691299e+00
2.007040000000000000e+05 6.261883673425691299e+00
2.012160000000000000e+05 6.261883673425691299e+00
2.017280000000000000e+05 6.261883673425691299e+00
2.022400000000000000e+05 6.261883673425691299e+00
2.027520000000000000e+05 6.261883673425691299e+00
2.032640000000000000e+05 6.261883673425691299e+00
2.037760000000000000e+05 6.261883673425691299e+00
2.042880000000000000e+05 6.261883673425691299e+00
2.048000000000000000e+05 6.261883673425691299e+00
2.053120000000000000e+05 6.261883673425691299e+00
2.058240000000000000e+05 6.261883673425691299e+00
2.063360000000000000e+05 6.261883673425691299e+00
2.068480000000000000e+05 6.261883673425691299e+00
2.073600000000000000e+05 6.261883673425691299e+00
2.078720000000000000e+05 6.261883673425691299e+00
2.083840000000000000e+05 6.261883673425691299e+00
2.088960000000000000e+05 6.016288634873371066e+00
2.094080000000000000e+05 6.016288634873371066e+00
2.099200000000000000e+05 6.016288634873371066e+00
2.104320000000000000e+05 6.016288634873371066e+00
2.109440000000000000e+05 6.016288634873371066e+00
2.114560000000000000e+05 6.016288634873371066e+00
2.119680000000000000e+05 6.016288634873371066e+00
2.124800000000000000e+05 6.016288634873371066e+00
2.129920000000000000e+05 6.016288634873371066e+00
2.135040000000000000e+05 6.016288634873371066e+00
2.140160000000000000e+05 6.016288634873371066e+00
2.145280000000000000e+05 5.595189957871252950e+00
2.150400000000000000e+05 5.595189957871252950e+00
2.155520000000000000e+05 5.595189957871252950e+00
2.160640000000000000e+05 5.595189957871252950e+00
2.165760000000000000e+05 4.719548310461973983e+00
2.170880000000000000e+05 4.719548310461973983e+00
2.176000000000000000e+05 4.719548310461973983e+00
2.181120000000000000e+05 4.719548310461973983e+00
2.186240000000000000e+05 4.719548310461973983e+00
2.191360000000000000e+05 4.719548310461973983e+00
2.196480000000000000e+05 4.719548310461973983e+00
2.201600000000000000e+05 4.719548310461973983e+00
2.206720000000000000e+05 4.719548310461973983e+00
2.211840000000000000e+05 4.719548310461973983e+00
2.216960000000000000e+05 4.719548310461973983e+00
2.222080000000000000e+05 4.719548310461973983e+00
2.227200000000000000e+05 4.719548310461973983e+00
2.232320000000000000e+05 4.719548310461973983e+00
2.237440000000000000e+05 4.719548310461973983e+00
2.242560000000000000e+05 4.719548310461973983e+00
2.247680000000000000e+05 4.719548310461973983e+00
2.252800000000000000e+05 4.719548310461973983e+00
2.257920000000000000e+05 4.719548310461973983e+00
2.263040000000000000e+05 4.719548310461973983e+00
2.268160000000000000e+05 4.719548310461973983e+00
2.273280000000000000e+05 4.719548310461973983e+00
2.278400000000000000e+05 4.719548310461973983e+00
2.283520000000000000e+05 4.719548310461973983e+00
2.288640000000000000e+05 4.719548310461973983e+00
2.293760000000000000e+05 4.719548310461973983e+00
2.298880000000000000e+05 4.719548310461973983e+00
2.304000000000000000e+05 4.719548310461973983e+00
2.309120000000000000e+05 4.719548310461973983e+00
2.314240000000000000e+05 4.719548310461973983e+00
2.319360000000000000e+05 4.719548310461973983e+00
2.324480000000000000e+05 4.719548310461973983e+00
2.329600000000000000e+05 4.719548310461973983e+00
2.334720000000000000e+05 4.719548310461973983e+00
2.339840000000000000e+05 4.676609823923483233e+00
2.344960000000000000e+05 4.676609823923483233e+00
2.350080000000000000e+05 4.676609823923483233e+00
2.355200000000000000e+05 4.676609823923483233e+00
2.360320000000000000e+05 4.033369024214383813e+00
2.365440000000000000e+05 4.033369024214383813e+00
2.370560000000000000e+05 4.033369024214383813e+00
2.375680000000000000e+05 4.033369024214383813e+00
2.380800000000000000e+05 4.033369024214383813e+00
2.385920000000000000e+05 4.033369024214383813e+00
2.391040000000000000e+05 4.033369024214383813e+00
2.396160000000000000e+05 4.033369024214383813e+00
2.401280000000000000e+05 4.033369024214383813e+00
2.406400000000000000e+05 4.033369024214383813e+00
2.411520000000000000e+05 4.033369024214383813e+00
2.416640000000000000e+05 4.033369024214383813e+00
2.421760000000000000e+05 4.033369024214383813e+00
2.426880000000000000e+05 4.033369024214383813e+00
2.432000000000000000e+05 4.033369024214383813e+00
2.437120000000000000e+05 4.033369024214383813e+00
2.442240000000000000e+05 4.033369024214383813e+00
2.447360000000000000e+05 4.033369024214383813e+00
2.452480000000000000e+05 3.793911507607167444e+00
2.457600000000000000e+05 3.793911507607167444e+00
2.462720000000000000e+05 3.793911507607167444e+00
2.467840000000000000e+05 3.793911507607167444e+00
2.472960000000000000e+05 3.793911507607167444e+00
2.478080000000000000e+05 3.793911507607167444e+00
2.483200000000000000e+05 3.793911507607167444e+00
2.488320000000000000e+05 3.793911507607167444e+00
2.493440000000000000e+05 3.793911507607167444e+00
2.498560000000000000e+05 3.793911507607167444e+00
2.503680000000000000e+05 3.793911507607167444e+00
2.508800000000000000e+05 3.793911507607167444e+00
2.513920000000000000e+05 3.682745934090073447e+00
2.519040000000000000e+05 3.682745934090073447e+00
2.524160000000000000e+05 3.682745934090073447e+00
2.529280000000000000e+05 3.682745934090073447e+00
2.534400000000000000e+05 3.609738041764018579e+00
2.539520000000000000e+05 3.533381972052959341e+00
2.544640000000000000e+05 3.452443766259658986e+00
2.549760000000000000e+05 3.452443766259658986e+00
2.554880000000000000e+05 3.452443766259658986e+00
2.560000000000000000e+05 3.109775456969370744e+00
2.565120000000000000e+05 3.109775456969370744e+00
2.570240000000000000e+05 3.109775456969370744e+00
2.575360000000000000e+05 3.109775456969370744e+00
2.580480000000000000e+05 3.109775456969370744e+00
2.585600000000000000e+05 3.021702345052456273e+00
2.590720000000000000e+05 3.021702345052456273e+00
2.595840000000000000e+05 3.021702345052456273e+00
2.600960000000000000e+05 3.021702345052456273e+00
2.606080000000000000e+05 3.021702345052456273e+00
2.611200000000000000e+05 2.746463105698598639e+00
2.616320000000000000e+05 2.746463105698598639e+00
2.621440000000000000e+05 2.746463105698598639e+00
2.626560000000000000e+05 2.746463105698598639e+00
2.631680000000000000e+05 2.746463105698598639e+00
2.636800000000000000e+05 2.746463105698598639e+00
2.641920000000000000e+05 2.746463105698598639e+00
2.647040000000000000e+05 2.580971306747987359e+00
2.652160000000000000e+05 2.580971306747987359e+00
2.657280000000000000e+05 2.580971306747987359e+00
2.662400000000000000e+05 2.580971306747987359e+00
2.667520000000000000e+05 2.580971306747987359e+00
2.672640000000000000e+05 2.580971306747987359e+00
2.677760000000000000e+05 2.580971306747987359e+00
2.682880000000000000e+05 2.580971306747987359e+00
2.688000000000000000e+05 2.580971306747987359e+00
2.693120000000000000e+05 2.580971306747987359e+00
2.698240000000000000e+05 2.530856344902092214e+00
2.703360000000000000e+05 2.282356974845859199e+00
2.708480000000000000e+05 2.282356974845859199e+00
2.713600000000000000e+05 2.282356974845859199e+00
2.718720000000000000e+05 2.282356974845859199e+00
2.723840000000000000e+05 2.282356974845859199e+00
2.728960000000000000e+05 2.282356974845859199e+00
2.734080000000000000e+05 2.282356974845859199e+00
2.739200000000000000e+05 2.242796586213626764e+00
2.744320000000000000e+05 2.242796586213626764e+00
2.749440000000000000e+05 2.115781088792855869e+00
2.754560000000000000e+05 2.115781088792855869e+00
2.759680000000000000e+05 2.115781088792855869e+00
2.764800000000000000e+05 2.115781088792855869e+00
2.769920000000000000e+05 1.929857525638945859e+00
2.775040000000000000e+05 1.929857525638945859e+00
2.780160000000000000e+05 1.929857525638945859e+00
2.785280000000000000e+05 1.929857525638945859e+00
2.790400000000000000e+05 1.929857525638945859e+00
2.795520000000000000e+05 1.929857525638945859e+00
2.800640000000000000e+05 1.929857525638945859e+00
2.805760000000000000e+05 1.929857525638945859e+00
2.810880000000000000e+05 1.929857525638945859e+00
2.816000000000000000e+05 1.929857525638945859e+00
2.821120000000000000e+05 1.843864958397239739e+00
2.826240000000000000e+05 1.843864958397239739e+00
2.831360000000000000e+05 1.843864958397239739e+00
2.836480000000000000e+05 1.843864958397239739e+00
2.841600000000000000e+05 1.843864958397239739e+00
2.846720000000000000e+05 1.843864958397239739e+00
2.851840000000000000e+05 1.843864958397239739e+00
2.856960000000000000e+05 1.843864958397239739e+00
2.862080000000000000e+05 1.699771078605828878e+00
2.867200000000000000e+05 1.699771078605828878e+00
2.872320000000000000e+05 1.699771078605828878e+00
2.877440000000000000e+05 1.699771078605828878e+00
2.882560000000000000e+05 1.699771078605828878e+00
2.887680000000000000e+05 1.699771078605828878e+00
2.892800000000000000e+05 1.699771078605828878e+00
2.897920000000000000e+05 1.699771078605828878e+00
2.903040000000000000e+05 1.699771078605828878e+00
2.908160000000000000e+05 1.654285412156939694e+00
2.913280000000000000e+05 1.654285412156939694e+00
2.918400000000000000e+05 1.556644594833573203e+00
2.923520000000000000e+05 1.556644594833573203e+00
2.928640000000000000e+05 1.556644594833573203e+00
2.933760000000000000e+05 1.556644594833573203e+00
2.938880000000000000e+05 1.512829434957065011e+00
2.944000000000000000e+05 1.512829434957065011e+00
2.949120000000000000e+05 1.512829434957065011e+00
2.954240000000000000e+05 1.512829434957065011e+00
2.959360000000000000e+05 1.512829434957065011e+00
2.964480000000000000e+05 1.512829434957065011e+00
2.969600000000000000e+05 1.512829434957065011e+00
2.974720000000000000e+05 1.512829434957065011e+00
2.979840000000000000e+05 1.512829434957065011e+00
2.984960000000000000e+05 1.512829434957065011e+00
2.990080000000000000e+05 1.512829434957065011e+00
2.995200000000000000e+05 1.512427381470926591e+00
3.000320000000000000e+05 1.439207144536870597e+00
3.005440000000000000e+05 1.427837085098568881e+00
3.010560000000000000e+05 1.339797475719682218e+00
3.015680000000000000e+05 1.339797475719682218e+00
3.020800000000000000e+05 1.339797475719682218e+00
3.025920000000000000e+05 1.339797475719682218e+00
3.031040000000000000e+05 1.299398290119023969e+00
3.036160000000000000e+05 1.299398290119023969e+00
3.041280000000000000e+05 1.299398290119023969e+00
3.046400000000000000e+05 1.299398290119023969e+00
3.051520000000000000e+05 1.299398290119023969e+00
3.056640000000000000e+05 1.299398290119023969e+00
3.061760000000000000e+05 1.299398290119023969e+00
3.066880000000000000e+05 1.299398290119023969e+00
3.072000000000000000e+05 1.299398290119023969e+00
3.077120000000000000e+05 1.219191836727219647e+00
3.082240000000000000e+05 1.219191836727219647e+00
3.087360000000000000e+05 1.219191836727219647e+00
3.092480000000000000e+05 1.203631460068899761e+00
3.097600000000000000e+05 1.190842058826927730e+00
3.102720000000000000e+05 1.190842058826927730e+00
3.107840000000000000e+05 1.190842058826927730e+00
3.112960000000000000e+05 1.190842058826927730e+00
3.118080000000000000e+05 9.675582016681417707e-01
3.123200000000000000e+05 9.675582016681417707e-01
3.128320000000000000e+05 8.528975244256769006e-01
3.133440000000000000e+05 8.528975244256769006e-01
3.138560000000000000e+05 8.528975244256769006e-01
3.143680000000000000e+05 8.528975244256769006e-01
3.148800000000000000e+05 8.528975244256769006e-01
3.153920000000000000e+05 8.528975244256769006e-01
3.159040000000000000e+05 8.528975244256769006e-01
3.164160000000000000e+05 8.528975244256769006e-01
3.169280000000000000e+05 8.528975244256769006e-01
3.174400000000000000e+05 8.528975244256769006e-01
3.179520000000000000e+05 8.528975244256769006e-01
3.184640000000000000e+05 8.528975244256769006e-01
3.189760000000000000e+05 6.498992616728009875e-01
3.194880000000000000e+05 6.498992616728009875e-01
3.200000000000000000e+05 6.498992616728009875e-01
3.205120000000000000e+05 6.498992616728009875e-01
3.210240000000000000e+05 6.498992616728009875e-01
3.215360000000000000e+05 6.498992616728009875e-01
3.220480000000000000e+05 6.498992616728009875e-01
3.225600000000000000e+05 6.498992616728009875e-01
3.230720000000000000e+05 6.498992616728009875e-01
3.235840000000000000e+05 6.498992616728009875e-01
3.240960000000000000e+05 6.351258221234559187e-01
3.246080000000000000e+05 6.351258221234559187e-01
3.251200000000000000e+05 5.724060699417493625e-01
3.256320000000000000e+05 5.724060699417493625e-01
3.261440000000000000e+05 5.724060699417493625e-01
3.266560000000000000e+05 5.254387447997262983e-01
3.271680000000000000e+05 5.254387447997262983e-01
3.276800000000000000e+05 5.254387447997262983e-01
3.281920000000000000e+05 5.254387447997262983e-01
3.287040000000000000e+05 5.254387447997262983e-01
3.292160000000000000e+05 5.254387447997262983e-01
3.297280000000000000e+05 5.254387447997262983e-01
3.302400000000000000e+05 5.254387447997262983e-01
3.307520000000000000e+05 5.254387447997262983e-01
3.312640000000000000e+05 5.254387447997262983e-01
3.317760000000000000e+05 5.254387447997262983e-01
3.322880000000000000e+05 5.254387447997262983e-01
3.328000000000000000e+05 5.254387447997262983e-01
3.333120000000000000e+05 5.254387447997262983e-01
3.338240000000000000e+05 4.564747752489077270e-01
3.343360000000000000e+05 4.564747752489077270e-01
3.348480000000000000e+05 4.564747752489077270e-01
3.353600000000000000e+05 3.551217637734186416e-01
3.358720000000000000e+05 3.551217637734186416e-01
3.363840000000000000e+05 3.551217637734186416e-01
3.368960000000000000e+05 3.551217637734186416e-01
3.374080000000000000e+05 3.551217637734186416e-01
3.379200000000000000e+05 2.686129700838950640e-01
3.384320000000000000e+05 2.686129700838950640e-01
3.389440000000000000e+05 2.686129700838950640e-01
3.394560000000000000e+05 2.686129700838950640e-01
3.399680000000000000e+05 2.686129700838950640e-01
3.404800000000000000e+05 2.686129700838950640e-01
3.409920000000000000e+05 2.686129700838950640e-01
3.415040000000000000e+05 2.686129700838950640e-01
3.420160000000000000e+05 2.686129700838950640e-01
3.425280000000000000e+05 2.686129700838950640e-01
3.430400000000000000e+05 2.590657084926637488e-01
3.435520000000000000e+05 2.590657084926637488e-01
3.440640000000000000e+05 2.590657084926637488e-01
3.445760000000000000e+05 2.590657084926637488e-01
3.450880000000000000e+05 2.590657084926637488e-01
3.456000000000000000e+05 2.590657084926637488e-01
3.461120000000000000e+05 2.590657084926637488e-01
3.466240000000000000e+05 2.590657084926637488e-01
3.471360000000000000e+05 2.590657084926637488e-01
3.476480000000000000e+05 2.590657084926637488e-01
3.481600000000000000e+05 2.590657084926637488e-01
3.486720000000000000e+05 2.590657084926637488e-01
3.491840000000000000e+05 2.590657084926637488e-01
3.496960000000000000e+05 2.590657084926637488e-01
3.502080000000000000e+05 2.590657084926637488e-01
3.507200000000000000e+05 2.590657084926637488e-01
3.512320000000000000e+05 2.590657084926637488e-01
3.517440000000000000e+05 2.590657084926637488e-01
3.522560000000000000e+05 2.590657084926637488e-01
3.527680000000000000e+05 2.590657084926637488e-01
3.532800000000000000e+05 2.590657084926637488e-01
3.537920000000000000e+05 2.405719806475683509e-01
3.543040000000000000e+05 2.405719806475683509e-01
3.548160000000000000e+05 2.405719806475683509e-01
3.553280000000000000e+05 2.405719806475683509e-01
3.558400000000000000e+05 1.233786388017393543e-01
3.563520000000000000e+05 1.233786388017393543e-01
3.568640000000000000e+05 1.233786388017393543e-01
3.573760000000000000e+05 1.233786388017393543e-01
3.578880000000000000e+05 1.233786388017393543e-01
3.584000000000000000e+05 1.233786388017393543e-01
3.589120000000000000e+05 1.233786388017393543e-01
3.594240000000000000e+05 1.233786388017393543e-01
3.599360000000000000e+05 1.233786388017393543e-01
3.604480000000000000e+05 1.233786388017393543e-01
3.609600000000000000e+05 1.233786388017393543e-01
3.614720000000000000e+05 1.233786388017393543e-01
3.619840000000000000e+05 1.233786388017393543e-01
3.624960000000000000e+05 1.233786388017393543e-01
3.630080000000000000e+05 1.233786388017393543e-01
3.635200000000000000e+05 1.233786388017393543e-01
3.640320000000000000e+05 1.233786388017393543e-01
3.645440000000000000e+05 1.233786388017393543e-01
3.650560000000000000e+05 1.103438716259007996e-01
3.655680000000000000e+05 1.103438716259007996e-01
3.660800000000000000e+05 1.103438716259007996e-01
3.665920000000000000e+05 1.103438716259007996e-01
3.671040000000000000e+05 1.103438716259007996e-01
3.676160000000000000e+05 1.103438716259007996e-01
3.681280000000000000e+05 1.103438716259007996e-01
3.686400000000000000e+05 1.103438716259007996e-01
3.691520000000000000e+05 1.103438716259007996e-01
3.696640000000000000e+05 1.103438716259007996e-01
3.701760000000000000e+05 1.103438716259007996e-01
3.706880000000000000e+05 1.103438716259007996e-01
3.712000000000000000e+05 1.103438716259007996e-01
3.717120000000000000e+05 1.103438716259007996e-01
3.722240000000000000e+05 1.103438716259007996e-01
3.727360000000000000e+05 1.103438716259007996e-01
3.732480000000000000e+05 1.103438716259007996e-01
3.737600000000000000e+05 1.103438716259007996e-01
3.742720000000000000e+05 1.103438716259007996e-01
3.747840000000000000e+05 1.103438716259007996e-01
3.752960000000000000e+05 1.103438716259007996e-01
3.758080000000000000e+05 1.103438716259007996e-01
3.763200000000000000e+05 1.103438716259007996e-01
3.768320000000000000e+05 1.089928892415513023e-01
3.773440000000000000e+05 1.089928892415513023e-01
3.778560000000000000e+05 1.089928892415513023e-01
3.783680000000000000e+05 8.515635065324619890e-02
3.788800000000000000e+05 8.515635065324619890e-02
3.793920000000000000e+05 8.515635065324619890e-02
3.799040000000000000e+05 8.515635065324619890e-02
3.804160000000000000e+05 8.515635065324619890e-02
3.809280000000000000e+05 8.070582590108263399e-02
3.814400000000000000e+05 8.070582590108263399e-02
3.819520000000000000e+05 8.070582590108263399e-02
3.824640000000000000e+05 8.070582590108263399e-02
3.829760000000000000e+05 8.070582590108263399e-02
3.834880000000000000e+05 8.070582590108263399e-02
3.840000000000000000e+05 8.070582590108263399e-02
3.845120000000000000e+05 8.070582590108263399e-02
3.850240000000000000e+05 8.070582590108263399e-02
3.855360000000000000e+05 8.070582590108263399e-02
3.860480000000000000e+05 8.070582590108263399e-02
3.865600000000000000e+05 8.070582590108263399e-02
3.870720000000000000e+05 7.393159587189301885e-02
3.875840000000000000e+05 7.393159587189301885e-02
3.880960000000000000e+05 7.393159587189301885e-02
3.886080000000000000e+05 7.393159587189301885e-02
3.891200000000000000e+05 7.316823528605682914e-02
3.896320000000000000e+05 4.823179563255051983e-02
3.901440000000000000e+05 4.823179563255051983e-02
3.906560000000000000e+05 4.823179563255051983e-02
3.911680000000000000e+05 4.823179563255051983e-02
3.916800000000000000e+05 4.823179563255051983e-02
3.921920000000000000e+05 4.823179563255051983e-02
3.927040000000000000e+05 4.823179563255051983e-02
3.932160000000000000e+05 4.823179563255051983e-02
3.937280000000000000e+05 4.823179563255051983e-02
3.942400000000000000e+05 4.823179563255051983e-02
3.947520000000000000e+05 4.823179563255051983e-02
3.952640000000000000e+05 4.823179563255051983e-02
3.957760000000000000e+05 4.823179563255051983e-02
3.962880000000000000e+05 4.823179563255051983e-02
3.968000000000000000e+05 4.823179563255051983e-02
3.973120000000000000e+05 4.823179563255051983e-02
3.978240000000000000e+05 4.823179563255051983e-02
3.983360000000000000e+05 4.823179563255051983e-02
3.988480000000000000e+05 4.823179563255051983e-02
3.993600000000000000e+05 3.390971358981004907e-02
3.998720000000000000e+05 3.390971358981004907e-02
4.003840000000000000e+05 3.390971358981004907e-02
4.008960000000000000e+05 3.390971358981004907e-02
4.014080000000000000e+05 3.390971358981004907e-02
4.019200000000000000e+05 3.119274971947369468e-02
4.024320000000000000e+05 3.119274971947369468e-02
4.029440000000000000e+05 3.119274971947369468e-02
4.034560000000000000e+05 3.119274971947369468e-02
4.039680000000000000e+05 3.119274971947369468e-02
4.044800000000000000e+05 3.119274971947369468e-02
4.049920000000000000e+05 3.119274971947369468e-02
4.055040000000000000e+05 3.119274971947369468e-02
4.060160000000000000e+05 3.119274971947369468e-02
4.065280000000000000e+05 3.119274971947369468e-02
4.070400000000000000e+05 3.119274971947369468e-02
4.075520000000000000e+05 2.982126929610001004e-02
4.080640000000000000e+05 2.982126929610001004e-02
4.085760000000000000e+05 2.982126929610001004e-02
4.090880000000000000e+05 2.982126929610001004e-02
4.096000000000000000e+05 2.982126929610001004e-02
4.101120000000000000e+05 2.982126929610001004e-02
4.106240000000000000e+05 2.982126929610001004e-02
4.111360000000000000e+05 2.982126929610001004e-02
4.116480000000000000e+05 2.982126929610001004e-02
4.121600000000000000e+05 2.982126929610001004e-02
4.126720000000000000e+05 2.982126929610001004e-02
4.131840000000000000e+05 2.982126929610001004e-02
4.136960000000000000e+05 2.982126929610001004e-02
4.142080000000000000e+05 2.982126929610001004e-02
4.147200000000000000e+05 2.344417523949289192e-02
4.152320000000000000e+05 2.344417523949289192e-02
4.157440000000000000e+05 2.344417523949289192e-02
4.162560000000000000e+05 2.344417523949289192e-02
4.167680000000000000e+05 2.344417523949289192e-02
4.172800000000000000e+05 2.344417523949289192e-02
4.177920000000000000e+05 2.344417523949289192e-02
4.183040000000000000e+05 1.559344016249747736e-02
4.188160000000000000e+05 1.559344016249747736e-02
4.193280000000000000e+05 1.559344016249747736e-02
4.198400000000000000e+05 1.559344016249747736e-02
4.203520000000000000e+05 1.559344016249747736e-02
4.208640000000000000e+05 1.559344016249747736e-02
4.213760000000000000e+05 1.559344016249747736e-02
4.218880000000000000e+05 1.559344016249747736e-02
4.224000000000000000e+05 1.559344016249747736e-02
4.229120000000000000e+05 1.559344016249747736e-02
4.234240000000000000e+05 1.559344016249747736e-02
4.239360000000000000e+05 1.559344016249747736e-02
4.244480000000000000e+05 1.447981468470047224e-02
4.249600000000000000e+05 1.447981468470047224e-02
4.254720000000000000e+05 1.447981468470047224e-02
4.259840000000000000e+05 1.447981468470047224e-02
4.264960000000000000e+05 1.447981468470047224e-02
4.270080000000000000e+05 1.447981468470047224e-02
4.275200000000000000e+05 1.447981468470047224e-02
4.280320000000000000e+05 1.447981468470047224e-02
4.285440000000000000e+05 1.447981468470047224e-02
4.290560000000000000e+05 1.447981468470047224e-02
4.295680000000000000e+05 1.447981468470047224e-02
4.300800000000000000e+05 1.447981468470047224e-02
4.305920000000000000e+05 1.447981468470047224e-02
4.311040000000000000e+05 8.506483338416935547e-03
4.316160000000000000e+05 8.506483338416935547e-03
4.321280000000000000e+05 8.506483338416935547e-03
4.326400000000000000e+05 8.506483338416935547e-03
4.331520000000000000e+05 8.506483338416935547e-03
4.336640000000000000e+05 8.506483338416935547e-03
4.341760000000000000e+05 8.506483338416935547e-03
4.346880000000000000e+05 8.506483338416935547e-03
4.352000000000000000e+05 8.506483338416935547e-03
4.357120000000000000e+05 8.506483338416935547e-03
4.362240000000000000e+05 8.506483338416935547e-03
4.367360000000000000e+05 8.506483338416935547e-03
4.372480000000000000e+05 8.506483338416935547e-03
4.377600000000000000e+05 8.506483338416935547e-03
4.382720000000000000e+05 8.506483338416935547e-03
4.387840000000000000e+05 8.506483338416935547e-03
4.392960000000000000e+05 8.506483338416935547e-03
4.398080000000000000e+05 8.506483338416935547e-03
4.403200000000000000e+05 8.506483338416935547e-03
4.408320000000000000e+05 8.506483338416935547e-03
4.413440000000000000e+05 8.506483338416935547e-03
4.418560000000000000e+05 8.506483338416935547e-03
4.423680000000000000e+05 8.506483338416935547e-03
4.428800000000000000e+05 8.506483338416935547e-03
4.433920000000000000e+05 8.506483338416935547e-03
4.439040000000000000e+05 8.506483338416935547e-03
4.444160000000000000e+05 7.324533482365201860e-03
4.449280000000000000e+05 5.546474417928019471e-03
4.454400000000000000e+05 5.546474417928019471e-03
4.459520000000000000e+05 5.546474417928019471e-03
4.464640000000000000e+05 5.546474417928019471e-03
4.469760000000000000e+05 5.546474417928019471e-03
4.474880000000000000e+05 5.546474417928019471e-03
4.480000000000000000e+05 5.546474417928019471e-03
4.485120000000000000e+05 5.546474417928019471e-03
4.490240000000000000e+05 5.546474417928019471e-03
4.495360000000000000e+05 5.546474417928019471e-03
4.500480000000000000e+05 5.546474417928019471e-03
4.505600000000000000e+05 5.546474417928019471e-03
4.510720000000000000e+05 5.546474417928019471e-03
4.515840000000000000e+05 5.546474417928019471e-03
4.520960000000000000e+05 5.546474417928019471e-03
4.526080000000000000e+05 5.546474417928019471e-03
4.531200000000000000e+05 5.546474417928019471e-03
4.536320000000000000e+05 5.546474417928019471e-03
4.541440000000000000e+05 5.546474417928019471e-03
4.546560000000000000e+05 5.546474417928019471e-03
4.551680000000000000e+05 5.546474417928019471e-03
4.556800000000000000e+05 5.546474417928019471e-03
4.561920000000000000e+05 5.546474417928019471e-03
4.567040000000000000e+05 5.546474417928019471e-03
4.572160000000000000e+05 4.895193520581277678e-03
4.577280000000000000e+05 4.895193520581277678e-03
4.582400000000000000e+05 2.380651052612334315e-03
4.587520000000000000e+05 2.380651052612334315e-03
4.592640000000000000e+05 2.380651052612334315e-03
4.597760000000000000e+05 2.380651052612334315e-03
4.602880000000000000e+05 2.380651052612334315e-03
4.608000000000000000e+05 2.380651052612334315e-03
4.613120000000000000e+05 2.380651052612334315e-03
4.618240000000000000e+05 2.380651052612334315e-03
4.623360000000000000e+05 2.380651052612334315e-03
4.628480000000000000e+05 2.380651052612334315e-03
4.633600000000000000e+05 2.380651052612334315e-03
4.638720000000000000e+05 2.380651052612334315e-03
4.643840000000000000e+05 2.380651052612334315e-03
4.648960000000000000e+05 2.380651052612334315e-03
4.654080000000000000e+05 2.380651052612334315e-03
4.659200000000000000e+05 2.380651052612334315e-03
4.664320000000000000e+05 2.380651052612334315e-03
4.669440000000000000e+05 2.380651052612334315e-03
4.674560000000000000e+05 2.380651052612334315e-03
4.679680000000000000e+05 2.380651052612334315e-03
4.684800000000000000e+05 2.380651052612334315e-03
4.689920000000000000e+05 2.380651052612334315e-03
4.695040000000000000e+05 2.380651052612334315e-03
4.700160000000000000e+05 2.380651052612334315e-03
4.705280000000000000e+05 1.653067203328145371e-03
4.710400000000000000e+05 1.653067203328145371e-03
4.715520000000000000e+05 1.653067203328145371e-03
4.720640000000000000e+05 1.653067203328145371e-03
4.725760000000000000e+05 1.653067203328145371e-03
4.730880000000000000e+05 1.653067203328145371e-03
4.736000000000000000e+05 1.653067203328145371e-03
4.741120000000000000e+05 1.653067203328145371e-03
4.746240000000000000e+05 1.653067203328145371e-03
4.751360000000000000e+05 1.653067203328145371e-03
4.756480000000000000e+05 1.653067203328145371e-03
4.761600000000000000e+05 1.653067203328145371e-03
4.766720000000000000e+05 1.653067203328145371e-03
4.771840000000000000e+05 1.653067203328145371e-03
4.776960000000000000e+05 1.653067203328145371e-03
4.782080000000000000e+05 1.614595819412966001e-03
4.787200000000000000e+05 1.614595819412966001e-03
4.792320000000000000e+05 1.614595819412966001e-03
4.797440000000000000e+05 1.614595819412966001e-03
4.802560000000000000e+05 1.614595819412966001e-03
4.807680000000000000e+05 1.614595819412966001e-03
4.812800000000000000e+05 1.614595819412966001e-03
4.817920000000000000e+05 1.614595819412966001e-03
4.823040000000000000e+05 1.614595819412966001e-03
4.828160000000000000e+05 1.614595819412966001e-03
4.833280000000000000e+05 1.614595819412966001e-03
4.838400000000000000e+05 1.614595819412966001e-03
4.843520000000000000e+05 1.614595819412966001e-03
4.848640000000000000e+05 1.614595819412966001e-03
4.853760000000000000e+05 1.614595819412966001e-03
4.858880000000000000e+05 1.614595819412966001e-03
4.864000000000000000e+05 1.614595819412966001e-03
4.869120000000000000e+05 1.614595819412966001e-03
4.874240000000000000e+05 1.614595819412966001e-03
4.879360000000000000e+05 1.614595819412966001e-03
4.884480000000000000e+05 1.614595819412966001e-03
4.889600000000000000e+05 1.614595819412966001e-03
4.894720000000000000e+05 1.425660943289068635e-03
4.899840000000000000e+05 1.425660943289068635e-03
4.904960000000000000e+05 1.425660943289068635e-03
4.910080000000000000e+05 1.425660943289068635e-03
4.915200000000000000e+05 1.425660943289068635e-03
4.920320000000000000e+05 1.425660943289068635e-03
4.925440000000000000e+05 1.425660943289068635e-03
4.930560000000000000e+05 1.425660943289068635e-03
4.935680000000000000e+05 1.425660943289068635e-03
4.940800000000000000e+05 1.425660943289068635e-03
4.945920000000000000e+05 1.425660943289068635e-03
4.951040000000000000e+05 1.396111197464609561e-03
4.956160000000000000e+05 1.396111197464609561e-03
4.961280000000000000e+05 1.396111197464609561e-03
4.966400000000000000e+05 1.396111197464609561e-03
4.971520000000000000e+05 1.396111197464609561e-03
4.976640000000000000e+05 1.396111197464609561e-03
4.981760000000000000e+05 1.396111197464609561e-03
4.986880000000000000e+05 1.396111197464609561e-03
4.992000000000000000e+05 1.396111197464609561e-03
4.997120000000000000e+05 1.396111197464609561e-03
5.002240000000000000e+05 1.084618990337507397e-03
5.007360000000000000e+05 1.084618990337507397e-03
5.012480000000000000e+05 1.084618990337507397e-03
5.017600000000000000e+05 1.084618990337507397e-03
5.022720000000000000e+05 1.084618990337507397e-03
5.027840000000000000e+05 1.084618990337507397e-03
5.032960000000000000e+05 1.084618990337507397e-03
5.038080000000000000e+05 1.084618990337507397e-03
5.043200000000000000e+05 1.084618990337507397e-03
5.048320000000000000e+05 1.084618990337507397e-03
5.053440000000000000e+05 1.084618990337507397e-03
5.058560000000000000e+05 1.084618990337507397e-03
5.063680000000000000e+05 1.084618990337507397e-03
5.068800000000000000e+05 1.084618990337507397e-03
5.073920000000000000e+05 1.084618990337507397e-03
5.079040000000000000e+05 1.077875086893096942e-03
5.084160000000000000e+05 1.077875086893096942e-03
5.089280000000000000e+05 1.077875086893096942e-03
5.094400000000000000e+05 1.077875086893096942e-03
5.099520000000000000e+05 1.077875086893096942e-03
5.104640000000000000e+05 7.470182397177800322e-04
5.109760000000000000e+05 7.470182397177800322e-04
5.114880000000000000e+05 7.470182397177800322e-04
5.120000000000000000e+05 7.470182397177800322e-04
5.125120000000000000e+05 7.470182397177800322e-04
5.130240000000000000e+05 7.470182397177800322e-04
5.135360000000000000e+05 7.246703957630682173e-04
5.140480000000000000e+05 7.246703957630682173e-04
5.145600000000000000e+05 7.246703957630682173e-04
5.150720000000000000e+05 7.246703957630682173e-04
5.155840000000000000e+05 7.246703957630682173e-04
5.160960000000000000e+05 7.246703957630682173e-04
5.166080000000000000e+05 5.889278395672041099e-04
5.171200000000000000e+05 5.889278395672041099e-04
5.176320000000000000e+05 5.889278395672041099e-04
5.181440000000000000e+05 5.889278395672041099e-04
5.186560000000000000e+05 5.889278395672041099e-04
5.191680000000000000e+05 5.889278395672041099e-04
5.196800000000000000e+05 5.889278395672041099e-04
5.201920000000000000e+05 5.889278395672041099e-04
5.207040000000000000e+05 5.889278395672041099e-04
5.212160000000000000e+05 5.889278395672041099e-04
5.217280000000000000e+05 5.889278395672041099e-04
5.222400000000000000e+05 3.757165793650410826e-04
5.227520000000000000e+05 3.757165793650410826e-04
5.232640000000000000e+05 3.757165793650410826e-04
5.237760000000000000e+05 3.757165793650410826e-04
5.242880000000000000e+05 3.757165793650410826e-04
5.248000000000000000e+05 3.757165793650410826e-04
5.253120000000000000e+05 3.757165793650410826e-04
5.258240000000000000e+05 3.757165793650410826e-04
5.263360000000000000e+05 3.757165793650410826e-04
5.268480000000000000e+05 3.757165793650410826e-04
5.273600000000000000e+05 3.757165793650410826e-04
5.278720000000000000e+05 3.757165793650410826e-04
5.283840000000000000e+05 3.757165793650410826e-04
5.288960000000000000e+05 3.757165793650410826e-04
5.294080000000000000e+05 3.757165793650410826e-04
5.299200000000000000e+05 3.757165793650410826e-04
5.304320000000000000e+05 3.757165793650410826e-04
5.309440000000000000e+05 3.757165793650410826e-04
5.314560000000000000e+05 3.757165793650410826e-04
5.319680000000000000e+05 3.757165793650410826e-04
5.324800000000000000e+05 3.757165793650410826e-04
5.329920000000000000e+05 3.757165793650410826e-04
5.335040000000000000e+05 3.757165793650410826e-04
5.340160000000000000e+05 3.757165793650410826e-04
5.345280000000000000e+05 3.757165793650410826e-04
5.350400000000000000e+05 3.757165793650410826e-04
5.355520000000000000e+05 3.757165793650410826e-04
5.360640000000000000e+05 3.757165793650410826e-04
5.365760000000000000e+05 3.757165793650410826e-04
5.370880000000000000e+05 3.757165793650410826e-04
5.376000000000000000e+05 3.757165793650410826e-04
5.381120000000000000e+05 3.757165793650410826e-04
5.386240000000000000e+05 3.757165793650410826e-04
5.391360000000000000e+05 3.757165793650410826e-04
5.396480000000000000e+05 3.757165793650410826e-04
5.401600000000000000e+05 3.486825661937800725e-04
5.406720000000000000e+05 3.486825661937800725e-04
5.411840000000000000e+05 3.486825661937800725e-04
5.416960000000000000e+05 3.486825661937800725e-04
5.422080000000000000e+05 1.977394399646870767e-04
5.427200000000000000e+05 1.977394399646870767e-04
5.432320000000000000e+05 1.977394399646870767e-04
5.437440000000000000e+05 1.977394399646870767e-04
5.442560000000000000e+05 1.977394399646870767e-04
5.447680000000000000e+05 1.977394399646870767e-04
5.452800000000000000e+05 1.977394399646870767e-04
5.457920000000000000e+05 1.977394399646870767e-04
5.463040000000000000e+05 1.977394399646870767e-04
5.468160000000000000e+05 1.977394399646870767e-04
5.473280000000000000e+05 1.977394399646870767e-04
5.478400000000000000e+05 1.977394399646870767e-04
5.483520000000000000e+05 1.977394399646870767e-04
5.488640000000000000e+05 1.977394399646870767e-04
5.493760000000000000e+05 1.977394399646870767e-04
5.498880000000000000e+05 1.977394399646870767e-04
5.504000000000000000e+05 1.977394399646870767e-04
5.509120000000000000e+05 1.977394399646870767e-04
5.514240000000000000e+05 1.977394399646870767e-04
5.519360000000000000e+05 1.977394399646870767e-04
5.524480000000000000e+05 1.977394399646870767e-04
5.529600000000000000e+05 1.977394399646870767e-04
5.534720000000000000e+05 1.977394399646870767e-04
5.539840000000000000e+05 1.977394399646870767e-04
5.544960000000000000e+05 1.977394399646870767e-04
5.550080000000000000e+05 1.977394399646870767e-04
5.555200000000000000e+05 1.977394399646870767e-04
5.560320000000000000e+05 1.977394399646870767e-04
5.565440000000000000e+05 1.977394399646870767e-04
5.570560000000000000e+05 1.977394399646870767e-04
5.575680000000000000e+05 1.977394399646870767e-04
5.580800000000000000e+05 1.977394399646870767e-04
5.585920000000000000e+05 1.379391967710676288e-04
5.591040000000000000e+05 1.379391967710676288e-04
5.596160000000000000e+05 1.379391967710676288e-04
5.601280000000000000e+05 1.379391967710676288e-04
5.606400000000000000e+05 1.379391967710676288e-04
5.611520000000000000e+05 1.379391967710676288e-04
5.616640000000000000e+05 1.379391967710676288e-04
5.621760000000000000e+05 1.379391967710676288e-04
5.626880000000000000e+05 1.379391967710676288e-04
5.632000000000000000e+05 1.379391967710676288e-04
5.637120000000000000e+05 1.379391967710676288e-04
5.642240000000000000e+05 1.379391967710676288e-04
5.647360000000000000e+05 1.379391967710676288e-04
5.652480000000000000e+05 1.379391967710676288e-04
5.657600000000000000e+05 1.379391967710676288e-04
5.662720000000000000e+05 1.379391967710676288e-04
5.667840000000000000e+05 1.379391967710676288e-04
5.672960000000000000e+05 1.379391967710676288e-04
5.678080000000000000e+05 1.379391967710676288e-04
5.683200000000000000e+05 1.379391967710676288e-04
5.688320000000000000e+05 1.379391967710676288e-04
5.693440000000000000e+05 1.379391967710676288e-04
5.698560000000000000e+05 1.379391967710676288e-04
5.703680000000000000e+05 1.379391967710676288e-04
5.708800000000000000e+05 1.379391967710676288e-04
5.713920000000000000e+05 1.379391967710676288e-04
5.719040000000000000e+05 1.379391967710676288e-04
5.724160000000000000e+05 1.329186304920044884e-04
5.729280000000000000e+05 1.329186304920044884e-04
5.734400000000000000e+05 1.329186304920044884e-04
5.739520000000000000e+05 1.329186304920044884e-04
5.744640000000000000e+05 1.329186304920044884e-04
5.749760000000000000e+05 1.329186304920044884e-04
5.754880000000000000e+05 1.329186304920044884e-04
5.760000000000000000e+05 1.329186304920044884e-04
5.765120000000000000e+05 1.310845315544391983e-04
5.770240000000000000e+05 1.310845315544391983e-04
5.775360000000000000e+05 1.230966001724852796e-04
5.780480000000000000e+05 1.230966001724852796e-04
5.785600000000000000e+05 1.230966001724852796e-04
5.790720000000000000e+05 1.230966001724852796e-04
5.795840000000000000e+05 1.189126252409587276e-04
5.800960000000000000e+05 1.189126252409587276e-04
5.806080000000000000e+05 1.189126252409587276e-04
5.811200000000000000e+05 9.531970719487779917e-05
5.816320000000000000e+05 9.531970719487779917e-05
5.821440000000000000e+05 9.531970719487779917e-05
5.826560000000000000e+05 9.531970719487779917e-05
5.831680000000000000e+05 9.531970719487779917e-05
5.836800000000000000e+05 9.531970719487779917e-05
5.841920000000000000e+05 9.531970719487779917e-05
5.847040000000000000e+05 9.531970719487779917e-05
5.852160000000000000e+05 9.531970719487779917e-05
5.857280000000000000e+05 9.531970719487779917e-05
5.862400000000000000e+05 9.531970719487779917e-05
5.867520000000000000e+05 8.022476778853101869e-05
5.872640000000000000e+05 8.022476778853101869e-05
5.877760000000000000e+05 8.022476778853101869e-05
5.882880000000000000e+05 8.022476778853101869e-05
5.888000000000000000e+05 8.022476778853101869e-05
5.893120000000000000e+05 8.022476778853101869e-05
5.898240000000000000e+05 8.022476778853101869e-05
5.903360000000000000e+05 8.022476778853101869e-05
5.908480000000000000e+05 8.022476778853101869e-05
5.913600000000000000e+05 8.022476778853101869e-05
5.918720000000000000e+05 8.022476778853101869e-05
5.923840000000000000e+05 8.022476778853101869e-05
5.928960000000000000e+05 7.461328222177073216e-05
5.934080000000000000e+05 7.461328222177073216e-05
5.939200000000000000e+05 7.461328222177073216e-05
5.944320000000000000e+05 7.461328222177073216e-05
5.949440000000000000e+05 7.461328222177073216e-05
5.954560000000000000e+05 7.461328222177073216e-05
5.959680000000000000e+05 3.785214832619055261e-05
5.964800000000000000e+05 3.785214832619055261e-05
5.969920000000000000e+05 3.785214832619055261e-05
5.975040000000000000e+05 3.785214832619055261e-05
5.980160000000000000e+05 3.785214832619055261e-05
5.985280000000000000e+05 3.785214832619055261e-05
5.990400000000000000e+05 3.785214832619055261e-05
5.995520000000000000e+05 3.785214832619055261e-05
6.000640000000000000e+05 3.785214832619055261e-05
6.005760000000000000e+05 3.785214832619055261e-05
6.010880000000000000e+05 3.785214832619055261e-05
6.016000000000000000e+05 3.785214832619055261e-05
6.021120000000000000e+05 3.785214832619055261e-05
6.026240000000000000e+05 3.785214832619055261e-05
6.031360000000000000e+05 3.785214832619055261e-05
6.036480000000000000e+05 3.785214832619055261e-05
6.041600000000000000e+05 3.785214832619055261e-05
6.046720000000000000e+05 3.785214832619055261e-05
6.051840000000000000e+05 3.785214832619055261e-05
6.056960000000000000e+05 3.785214832619055261e-05
6.062080000000000000e+05 3.785214832619055261e-05
6.067200000000000000e+05 3.785214832619055261e-05
6.072320000000000000e+05 3.785214832619055261e-05
6.077440000000000000e+05 3.785214832619055261e-05
6.082560000000000000e+05 3.785214832619055261e-05
6.087680000000000000e+05 3.785214832619055261e-05
6.092800000000000000e+05 3.785214832619055261e-05
6.097920000000000000e+05 3.785214832619055261e-05
6.103040000000000000e+05 3.708051794152356366e-05
6.108160000000000000e+05 3.708051794152356366e-05
6.113280000000000000e+05 3.708051794152356366e-05
6.118400000000000000e+05 3.708051794152356366e-05
6.123520000000000000e+05 3.708051794152356366e-05
6.128640000000000000e+05 3.708051794152356366e-05
6.133760000000000000e+05 3.708051794152356366e-05
6.138880000000000000e+05 3.147792879594636634e-05
6.144000000000000000e+05 3.147792879594636634e-05
6.149120000000000000e+05 3.147792879594636634e-05
6.154240000000000000e+05 3.147792879594636634e-05
6.159360000000000000e+05 3.147792879594636634e-05
6.164480000000000000e+05 3.147792879594636634e-05
6.169600000000000000e+05 3.147792879594636634e-05
6.174720000000000000e+05 3.147792879594636634e-05
6.179840000000000000e+05 3.147792879594636634e-05
6.184960000000000000e+05 3.147792879594636634e-05
6.190080000000000000e+05 3.147792879594636634e-05
6.195200000000000000e+05 3.147792879594636634e-05
6.200320000000000000e+05 2.726280172604533808e-05
6.205440000000000000e+05 2.356864507181767360e-05
6.210560000000000000e+05 2.356864507181767360e-05
6.215680000000000000e+05 2.356864507181767360e-05
6.220800000000000000e+05 2.356864507181767360e-05
6.225920000000000000e+05 2.356864507181767360e-05
6.231040000000000000e+05 1.826854902967943854e-05
6.236160000000000000e+05 1.826854902967943854e-05
6.241280000000000000e+05 1.826854902967943854e-05
6.246400000000000000e+05 1.613993411819596757e-05
6.251520000000000000e+05 1.613993411819596757e-05
6.256640000000000000e+05 1.613993411819596757e-05
6.261760000000000000e+05 1.613993411819596757e-05
6.266880000000000000e+05 1.613993411819596757e-05
6.272000000000000000e+05 1.613993411819596757e-05
6.277120000000000000e+05 1.613993411819596757e-05
6.282240000000000000e+05 1.613993411819596757e-05
6.287360000000000000e+05 1.613993411819596757e-05
6.292480000000000000e+05 1.613993411819596757e-05
6.297600000000000000e+05 1.613993411819596757e-05
6.302720000000000000e+05 1.613993411819596757e-05
6.307840000000000000e+05 1.613993411819596757e-05
6.312960000000000000e+05 1.613993411819596757e-05
6.318080000000000000e+05 1.300881781598807474e-05
6.323200000000000000e+05 1.300881781598807474e-05
6.328320000000000000e+05 1.300881781598807474e-05
6.333440000000000000e+05 1.300881781598807474e-05
6.338560000000000000e+05 1.300881781598807474e-05
6.343680000000000000e+05 1.300881781598807474e-05
6.348800000000000000e+05 1.300881781598807474e-05
6.353920000000000000e+05 1.300881781598807474e-05
6.359040000000000000e+05 1.300881781598807474e-05
6.364160000000000000e+05 1.300881781598807474e-05
6.369280000000000000e+05 1.300881781598807474e-05
6.374400000000000000e+05 1.300881781598807474e-05
6.379520000000000000e+05 1.300881781598807474e-05
6.384640000000000000e+05 1.300881781598807474e-05
6.389760000000000000e+05 1.300881781598807474e-05
6.394880000000000000e+05 1.300881781598807474e-05
6.400000000000000000e+05 1.300881781598807474e-05
6.405120000000000000e+05 1.300881781598807474e-05
6.410240000000000000e+05 1.300881781598807474e-05
6.415360000000000000e+05 1.300881781598807474e-05
6.420480000000000000e+05 1.300881781598807474e-05
6.425600000000000000e+05 1.300881781598807474e-05
6.430720000000000000e+05 1.300881781598807474e-05
6.435840000000000000e+05 1.300881781598807474e-05
6.440960000000000000e+05 1.300881781598807474e-05
6.446080000000000000e+05 1.300881781598807474e-05
6.451200000000000000e+05 1.300881781598807474e-05
6.456320000000000000e+05 1.300881781598807474e-05
6.461440000000000000e+05 1.300881781598807474e-05
6.466560000000000000e+05 6.892230786594992710e-06
6.471680000000000000e+05 6.892230786594992710e-06
6.476800000000000000e+05 6.892230786594992710e-06
6.481920000000000000e+05 6.892230786594992710e-06
6.487040000000000000e+05 6.892230786594992710e-06
6.492160000000000000e+05 6.892230786594992710e-06
6.497280000000000000e+05 6.892230786594992710e-06
6.502400000000000000e+05 6.892230786594992710e-06
6.507520000000000000e+05 6.892230786594992710e-06
6.512640000000000000e+05 6.892230786594992710e-06
6.517760000000000000e+05 6.892230786594992710e-06
6.522880000000000000e+05 6.892230786594992710e-06
6.528000000000000000e+05 6.892230786594992710e-06
6.533120000000000000e+05 6.892230786594992710e-06
6.538240000000000000e+05 6.892230786594992710e-06
6.543360000000000000e+05 6.743391525401476843e-06
6.548480000000000000e+05 6.743391525401476843e-06
6.553600000000000000e+05 6.743391525401476843e-06
6.558720000000000000e+05 6.743391525401476843e-06
6.563840000000000000e+05 6.743391525401476843e-06
6.568960000000000000e+05 6.743391525401476843e-06
6.574080000000000000e+05 6.743391525401476843e-06
6.579200000000000000e+05 6.743391525401476843e-06
6.584320000000000000e+05 4.543190550188392618e-06
6.589440000000000000e+05 4.543190550188392618e-06
6.594560000000000000e+05 4.543190550188392618e-06
6.599680000000000000e+05 4.543190550188392618e-06
6.604800000000000000e+05 4.402512095145507690e-06
6.609920000000000000e+05 4.402512095145507690e-06
6.615040000000000000e+05 4.402512095145507690e-06
6.620160000000000000e+05 4.402512095145507690e-06
6.625280000000000000e+05 4.402512095145507690e-06
6.630400000000000000e+05 4.402512095145507690e-06
6.635520000000000000e+05 4.402512095145507690e-06
6.640640000000000000e+05 4.402512095145507690e-06
6.645760000000000000e+05 4.402512095145507690e-06
6.650880000000000000e+05 4.402512095145507690e-06
6.656000000000000000e+05 4.402512095145507690e-06
6.661120000000000000e+05 4.402512095145507690e-06
6.666240000000000000e+05 4.402512095145507690e-06
6.671360000000000000e+05 4.402512095145507690e-06
6.676480000000000000e+05 4.402512095145507690e-06
6.681600000000000000e+05 4.402512095145507690e-06
6.686720000000000000e+05 4.402512095145507690e-06
6.691840000000000000e+05 4.402512095145507690e-06
6.696960000000000000e+05 4.402512095145507690e-06
6.702080000000000000e+05 4.402512095145507690e-06
6.707200000000000000e+05 4.402512095145507690e-06
6.712320000000000000e+05 4.402512095145507690e-06
6.717440000000000000e+05 4.402512095145507690e-06
6.722560000000000000e+05 4.402512095145507690e-06
6.727680000000000000e+05 4.089535933786238204e-06
6.732800000000000000e+05 2.858674797794835599e-06
6.737920000000000000e+05 2.858674797794835599e-06
6.743040000000000000e+05 2.858674797794835599e-06
6.748160000000000000e+05 2.858674797794835599e-06
6.753280000000000000e+05 2.858674797794835599e-06
6.758400000000000000e+05 2.858674797794835599e-06
6.763520000000000000e+05 2.858674797794835599e-06
6.768640000000000000e+05 2.858674797794835599e-06
6.773760000000000000e+05 2.858674797794835599e-06
6.778880000000000000e+05 2.858674797794835599e-06
6.784000000000000000e+05 2.858674797794835599e-06
6.789120000000000000e+05 2.858674797794835599e-06
6.794240000000000000e+05 2.858674797794835599e-06
6.799360000000000000e+05 2.858674797794835599e-06
6.804480000000000000e+05 2.858674797794835599e-06
6.809600000000000000e+05 2.858674797794835599e-06
6.814720000000000000e+05 2.858674797794835599e-06
6.819840000000000000e+05 2.858674797794835599e-06
6.824960000000000000e+05 2.858674797794835599e-06
6.830080000000000000e+05 2.858674797794835599e-06
6.835200000000000000e+05 2.858674797794835599e-06
6.840320000000000000e+05 2.858674797794835599e-06
6.845440000000000000e+05 2.858674797794835599e-06
6.850560000000000000e+05 2.858674797794835599e-06
6.855680000000000000e+05 2.858674797794835599e-06
6.860800000000000000e+05 2.858674797794835599e-06
6.865920000000000000e+05 2.858674797794835599e-06
6.871040000000000000e+05 2.858674797794835599e-06
6.876160000000000000e+05 2.858674797794835599e-06
6.881280000000000000e+05 2.858674797794835599e-06
6.886400000000000000e+05 2.858674797794835599e-06
6.891520000000000000e+05 2.858674797794835599e-06
6.896640000000000000e+05 2.858674797794835599e-06
6.901760000000000000e+05 2.858674797794835599e-06
6.906880000000000000e+05 2.858674797794835599e-06
6.912000000000000000e+05 2.858674797794835599e-06
6.917120000000000000e+05 2.858674797794835599e-06
6.922240000000000000e+05 2.858674797794835599e-06
6.927360000000000000e+05 2.003171296677815458e-06
6.932480000000000000e+05 2.003171296677815458e-06
6.937600000000000000e+05 2.003171296677815458e-06
6.942720000000000000e+05 2.003171296677815458e-06
6.947840000000000000e+05 2.003171296677815458e-06
6.952960000000000000e+05 1.837827048063969912e-06
6.958080000000000000e+05 1.837827048063969912e-06
6.963200000000000000e+05 1.837827048063969912e-06
6.968320000000000000e+05 1.837827048063969912e-06
6.973440000000000000e+05 1.837827048063969912e-06
6.978560000000000000e+05 1.837827048063969912e-06
6.983680000000000000e+05 1.837827048063969912e-06
6.988800000000000000e+05 1.731196339260923204e-06
6.993920000000000000e+05 1.731196339260923204e-06
6.999040000000000000e+05 1.731196339260923204e-06
7.004160000000000000e+05 1.731196339260923204e-06
7.009280000000000000e+05 1.731196339260923204e-06
7.014400000000000000e+05 8.473425131243648445e-07
7.019520000000000000e+05 8.473425131243648445e-07
7.024640000000000000e+05 8.473425131243648445e-07
7.029760000000000000e+05 8.473425131243648445e-07
7.034880000000000000e+05 8.473425131243648445e-07
7.040000000000000000e+05 8.473425131243648445e-07
7.045120000000000000e+05 8.473425131243648445e-07
7.050240000000000000e+05 8.473425131243648445e-07
7.055360000000000000e+05 8.473425131243648445e-07
7.060480000000000000e+05 8.473425131243648445e-07
7.065600000000000000e+05 8.473425131243648445e-07
7.070720000000000000e+05 8.473425131243648445e-07
7.075840000000000000e+05 8.473425131243648445e-07
7.080960000000000000e+05 8.473425131243648445e-07
7.086080000000000000e+05 8.473425131243648445e-07
7.091200000000000000e+05 8.473425131243648445e-07
7.096320000000000000e+05 8.473425131243648445e-07
7.101440000000000000e+05 8.473425131243648445e-07
7.106560000000000000e+05 8.473425131243648445e-07
7.111680000000000000e+05 8.473425131243648445e-07
7.116800000000000000e+05 8.473425131243648445e-07
7.121920000000000000e+05 8.473425131243648445e-07
7.127040000000000000e+05 8.473425131243648445e-07
7.132160000000000000e+05 8.473425131243648445e-07
7.137280000000000000e+05 8.473425131243648445e-07
7.142400000000000000e+05 8.473425131243648445e-07
7.147520000000000000e+05 8.473425131243648445e-07
7.152640000000000000e+05 8.473425131243648445e-07
7.157760000000000000e+05 8.473425131243648445e-07
7.162880000000000000e+05 8.473425131243648445e-07
7.168000000000000000e+05 8.473425131243648445e-07
7.173120000000000000e+05 8.473425131243648445e-07
7.178240000000000000e+05 8.473425131243648445e-07
7.183360000000000000e+05 8.473425131243648445e-07
7.188480000000000000e+05 8.473425131243648445e-07
7.193600000000000000e+05 8.473425131243648445e-07
7.198720000000000000e+05 8.473425131243648445e-07
7.203840000000000000e+05 8.473425131243648445e-07
7.208960000000000000e+05 8.473425131243648445e-07
7.214080000000000000e+05 8.473425131243648445e-07
7.219200000000000000e+05 8.473425131243648445e-07
7.224320000000000000e+05 7.615073884844397903e-07
7.229440000000000000e+05 7.615073884844397903e-07
7.234560000000000000e+05 7.615073884844397903e-07
7.239680000000000000e+05 7.615073884844397903e-07
7.244800000000000000e+05 7.615073884844397903e-07
7.249920000000000000e+05 7.615073884844397903e-07
7.255040000000000000e+05 7.615073884844397903e-07
7.260160000000000000e+05 7.615073884844397903e-07
7.265280000000000000e+05 6.763891429771666373e-07
7.270400000000000000e+05 6.763891429771666373e-07
7.275520000000000000e+05 6.763891429771666373e-07
7.280640000000000000e+05 6.763891429771666373e-07
7.285760000000000000e+05 6.763891429771666373e-07
7.290880000000000000e+05 6.763891429771666373e-07
7.296000000000000000e+05 6.763891429771666373e-07
7.301120000000000000e+05 6.763891429771666373e-07
7.306240000000000000e+05 3.950295882852821776e-07
7.311360000000000000e+05 3.950295882852821776e-07
7.316480000000000000e+05 3.950295882852821776e-07
7.321600000000000000e+05 3.950295882852821776e-07
7.326720000000000000e+05 3.950295882852821776e-07
7.331840000000000000e+05 3.950295882852821776e-07
7.336960000000000000e+05 3.950295882852821776e-07
7.342080000000000000e+05 3.950295882852821776e-07
7.347200000000000000e+05 3.950295882852821776e-07
7.352320000000000000e+05 3.950295882852821776e-07
7.357440000000000000e+05 3.950295882852821776e-07
7.362560000000000000e+05 3.950295882852821776e-07
7.367680000000000000e+05 3.950295882852821776e-07
7.372800000000000000e+05 3.950295882852821776e-07
7.377920000000000000e+05 3.950295882852821776e-07
7.383040000000000000e+05 3.950295882852821776e-07
7.388160000000000000e+05 3.950295882852821776e-07
7.393280000000000000e+05 3.950295882852821776e-07
7.398400000000000000e+05 3.950295882852821776e-07
7.403520000000000000e+05 3.950295882852821776e-07
7.408640000000000000e+05 3.950295882852821776e-07
7.413760000000000000e+05 3.950295882852821776e-07
7.418880000000000000e+05 3.950295882852821776e-07
7.424000000000000000e+05 3.950295882852821776e-07
7.429120000000000000e+05 3.950295882852821776e-07
7.434240000000000000e+05 3.950295882852821776e-07
7.439360000000000000e+05 3.032560924594261066e-07
7.444480000000000000e+05 3.032560924594261066e-07
7.449600000000000000e+05 3.032560924594261066e-07
7.454720000000000000e+05 3.032560924594261066e-07
7.459840000000000000e+05 3.032560924594261066e-07
7.464960000000000000e+05 2.631407873134885434e-07
7.470080000000000000e+05 2.631407873134885434e-07
7.475200000000000000e+05 2.631407873134885434e-07
7.480320000000000000e+05 2.631407873134885434e-07
7.485440000000000000e+05 2.631407873134885434e-07
7.490560000000000000e+05 2.631407873134885434e-07
7.495680000000000000e+05 2.631407873134885434e-07
7.500800000000000000e+05 2.631407873134885434e-07
7.505920000000000000e+05 2.631407873134885434e-07
7.511040000000000000e+05 2.631407873134885434e-07
7.516160000000000000e+05 2.631407873134885434e-07
7.521280000000000000e+05 2.631407873134885434e-07
7.526400000000000000e+05 2.631407873134885434e-07
7.531520000000000000e+05 2.631407873134885434e-07
7.536640000000000000e+05 2.631407873134885434e-07
7.541760000000000000e+05 2.631407873134885434e-07
7.546880000000000000e+05 2.631407873134885434e-07
7.552000000000000000e+05 2.631407873134885434e-07
7.557120000000000000e+05 2.631407873134885434e-07
7.562240000000000000e+05 2.631407873134885434e-07
7.567360000000000000e+05 2.631407873134885434e-07
7.572480000000000000e+05 2.631407873134885434e-07
7.577600000000000000e+05 2.631407873134885434e-07
7.582720000000000000e+05 2.631407873134885434e-07
7.587840000000000000e+05 2.631407873134885434e-07
7.592960000000000000e+05 2.631407873134885434e-07
7.598080000000000000e+05 2.631407873134885434e-07
7.603200000000000000e+05 2.200861109634767948e-07
7.608320000000000000e+05 2.200861109634767948e-07
7.613440000000000000e+05 2.200861109634767948e-07
7.618560000000000000e+05 2.200861109634767948e-07
7.623680000000000000e+05 2.200861109634767948e-07
7.628800000000000000e+05 2.200861109634767948e-07
7.633920000000000000e+05 2.200861109634767948e-07
7.639040000000000000e+05 2.200861109634767948e-07
7.644160000000000000e+05 2.200861109634767948e-07
7.649280000000000000e+05 2.200861109634767948e-07
7.654400000000000000e+05 2.200861109634767948e-07
7.659520000000000000e+05 2.200861109634767948e-07
7.664640000000000000e+05 2.200861109634767948e-07
7.669760000000000000e+05 2.200861109634767948e-07
7.674880000000000000e+05 1.977805404036163758e-07
7.680000000000000000e+05 1.977805404036163758e-07
7.685120000000000000e+05 1.977805404036163758e-07
7.690240000000000000e+05 1.977805404036163758e-07
7.695360000000000000e+05 1.977805404036163758e-07
7.700480000000000000e+05 1.977805404036163758e-07
7.705600000000000000e+05 1.977805404036163758e-07
7.710720000000000000e+05 1.977805404036163758e-07
7.715840000000000000e+05 1.977805404036163758e-07
7.720960000000000000e+05 1.977805404036163758e-07
7.726080000000000000e+05 1.577359370232652292e-07
7.731200000000000000e+05 1.577359370232652292e-07
7.736320000000000000e+05 1.577359370232652292e-07
7.741440000000000000e+05 1.577359370232652292e-07
7.746560000000000000e+05 1.577359370232652292e-07
7.751680000000000000e+05 1.577359370232652292e-07
7.756800000000000000e+05 1.577359370232652292e-07
7.761920000000000000e+05 1.577359370232652292e-07
7.767040000000000000e+05 1.577359370232652292e-07
7.772160000000000000e+05 1.577359370232652292e-07
7.777280000000000000e+05 6.355147291348918296e-08
7.782400000000000000e+05 6.355147291348918296e-08
7.787520000000000000e+05 6.355147291348918296e-08
7.792640000000000000e+05 6.355147291348918296e-08
7.797760000000000000e+05 6.355147291348918296e-08
7.802880000000000000e+05 6.355147291348918296e-08
7.808000000000000000e+05 6.355147291348918296e-08
7.813120000000000000e+05 6.355147291348918296e-08
7.818240000000000000e+05 6.355147291348918296e-08
7.823360000000000000e+05 6.355147291348918296e-08
7.828480000000000000e+05 6.355147291348918296e-08
7.833600000000000000e+05 6.355147291348918296e-08
7.838720000000000000e+05 6.355147291348918296e-08
7.843840000000000000e+05 6.355147291348918296e-08
7.848960000000000000e+05 5.325771510449951811e-08
7.854080000000000000e+05 5.325771510449951811e-08
7.859200000000000000e+05 5.325771510449951811e-08
7.864320000000000000e+05 5.325771510449951811e-08
7.869440000000000000e+05 5.325771510449951811e-08
7.874560000000000000e+05 5.325771510449951811e-08
7.879680000000000000e+05 5.325771510449951811e-08
7.884800000000000000e+05 5.325771510449951811e-08
7.889920000000000000e+05 5.325771510449951811e-08
7.895040000000000000e+05 5.325771510449951811e-08
7.900160000000000000e+05 5.325771510449951811e-08
7.905280000000000000e+05 5.325771510449951811e-08
7.910400000000000000e+05 5.325771510449951811e-08
7.915520000000000000e+05 5.325771510449951811e-08
7.920640000000000000e+05 5.325771510449951811e-08
7.925760000000000000e+05 5.325771510449951811e-08
7.930880000000000000e+05 5.325771510449951811e-08
7.936000000000000000e+05 5.325771510449951811e-08
7.941120000000000000e+05 5.325771510449951811e-08
7.946240000000000000e+05 5.325771510449951811e-08
7.951360000000000000e+05 5.325771510449951811e-08
7.956480000000000000e+05 5.325771510449951811e-08
7.961600000000000000e+05 5.325771510449951811e-08
7.966720000000000000e+05 5.325771510449951811e-08
7.971840000000000000e+05 5.325771510449951811e-08
7.976960000000000000e+05 5.325771510449951811e-08
7.982080000000000000e+05 5.325771510449951811e-08
7.987200000000000000e+05 5.325771510449951811e-08
7.992320000000000000e+05 5.325771510449951811e-08
7.997440000000000000e+05 5.325771510449951811e-08
8.002560000000000000e+05 5.325771510449951811e-08
8.007680000000000000e+05 5.325771510449951811e-08
8.012800000000000000e+05 5.325771510449951811e-08
8.017920000000000000e+05 5.325771510449951811e-08
8.023040000000000000e+05 5.325771510449951811e-08
8.028160000000000000e+05 5.325771510449951811e-08
8.033280000000000000e+05 5.325771510449951811e-08
8.038400000000000000e+05 5.325771510449951811e-08
8.043520000000000000e+05 5.325771510449951811e-08
8.048640000000000000e+05 5.325771510449951811e-08
8.053760000000000000e+05 5.325771510449951811e-08
8.058880000000000000e+05 5.325771510449951811e-08
8.064000000000000000e+05 5.325771510449951811e-08
8.069120000000000000e+05 5.325771510449951811e-08
8.074240000000000000e+05 5.325771510449951811e-08
8.079360000000000000e+05 5.325771510449951811e-08
8.084480000000000000e+05 5.325771510449951811e-08
8.089600000000000000e+05 5.325771510449951811e-08
8.094720000000000000e+05 5.292980455417894413e-08
8.099840000000000000e+05 5.292980455417894413e-08
8.104960000000000000e+05 5.292980455417894413e-08
8.110080000000000000e+05 3.688863752416685805e-08
8.115200000000000000e+05 3.289496832291566830e-08
8.120320000000000000e+05 3.289496832291566830e-08
8.125440000000000000e+05 3.289496832291566830e-08
8.130560000000000000e+05 3.289496832291566830e-08
8.135680000000000000e+05 3.289496832291566830e-08
8.140800000000000000e+05 3.289496832291566830e-08
8.145920000000000000e+05 3.289496832291566830e-08
8.151040000000000000e+05 3.289496832291566830e-08
8.156160000000000000e+05 3.289496832291566830e-08
8.161280000000000000e+05 3.289496832291566830e-08
8.166400000000000000e+05 3.289496832291566830e-08
8.171520000000000000e+05 3.289496832291566830e-08
8.176640000000000000e+05 3.289496832291566830e-08
8.181760000000000000e+05 3.066835309963472246e-08
8.186880000000000000e+05 3.066835309963472246e-08
8.192000000000000000e+05 3.066835309963472246e-08
8.197120000000000000e+05 3.066835309963472246e-08
8.202240000000000000e+05 3.066835309963472246e-08
8.207360000000000000e+05 1.914456984205467518e-08
8.212480000000000000e+05 1.914456984205467518e-08
8.217600000000000000e+05 1.914456984205467518e-08
8.222720000000000000e+05 1.914456984205467518e-08
8.227840000000000000e+05 1.914456984205467518e-08
8.232960000000000000e+05 1.914456984205467518e-08
8.238080000000000000e+05 1.914456984205467518e-08
8.243200000000000000e+05 1.914456984205467518e-08
8.248320000000000000e+05 1.914456984205467518e-08
8.253440000000000000e+05 1.914456984205467518e-08
8.258560000000000000e+05 1.914456984205467518e-08
8.263680000000000000e+05 1.914456984205467518e-08
8.268800000000000000e+05 1.914456984205467518e-08
8.273920000000000000e+05 1.914456984205467518e-08
8.279040000000000000e+05 1.914456984205467518e-08
8.284160000000000000e+05 1.914456984205467518e-08
8.289280000000000000e+05 1.914456984205467518e-08
8.294400000000000000e+05 1.914456984205467518e-08
8.299520000000000000e+05 1.914456984205467518e-08
8.304640000000000000e+05 1.914456984205467518e-08
8.309760000000000000e+05 1.914456984205467518e-08
8.314880000000000000e+05 1.914456984205467518e-08
8.320000000000000000e+05 1.914456984205467518e-08
8.325120000000000000e+05 1.914456984205467518e-08
8.330240000000000000e+05 1.914456984205467518e-08
8.335360000000000000e+05 1.914456984205467518e-08
8.340480000000000000e+05 1.914456984205467518e-08
8.345600000000000000e+05 1.914456984205467518e-08
8.350720000000000000e+05 1.914456984205467518e-08
8.355840000000000000e+05 1.914456984205467518e-08
8.360960000000000000e+05 1.914456984205467518e-08
8.366080000000000000e+05 1.914456984205467518e-08
8.371200000000000000e+05 1.914456984205467518e-08
8.376320000000000000e+05 1.914456984205467518e-08
8.381440000000000000e+05 1.914456984205467518e-08
8.386560000000000000e+05 1.914456984205467518e-08
8.391680000000000000e+05 1.914456984205467518e-08
8.396800000000000000e+05 1.914456984205467518e-08
8.401920000000000000e+05 1.914456984205467518e-08
8.407040000000000000e+05 1.833951520318896829e-08
8.412160000000000000e+05 1.833951520318896829e-08
8.417280000000000000e+05 1.425795082205741315e-08
8.422400000000000000e+05 1.425795082205741315e-08
8.427520000000000000e+05 1.425795082205741315e-08
8.432640000000000000e+05 1.425795082205741315e-08
8.437760000000000000e+05 1.425795082205741315e-08
8.442880000000000000e+05 1.425795082205741315e-08
8.448000000000000000e+05 1.425795082205741315e-08
8.453120000000000000e+05 1.425795082205741315e-08
8.458240000000000000e+05 1.331927147411434941e-08
8.463360000000000000e+05 1.331927147411434941e-08
8.468480000000000000e+05 1.331927147411434941e-08
8.473600000000000000e+05 1.331927147411434941e-08
8.478720000000000000e+05 1.331927147411434941e-08
8.483840000000000000e+05 1.331927147411434941e-08
8.488960000000000000e+05 9.853429609189700573e-09
8.494080000000000000e+05 9.853429609189700573e-09
8.499200000000000000e+05 9.853429609189700573e-09
8.504320000000000000e+05 9.853429609189700573e-09
8.509440000000000000e+05 9.853429609189700573e-09
8.514560000000000000e+05 9.853429609189700573e-09
8.519680000000000000e+05 9.853429609189700573e-09
8.524800000000000000e+05 9.853429609189700573e-09
8.529920000000000000e+05 8.137802885587846750e-09
8.535040000000000000e+05 8.137802885587846750e-09
8.540160000000000000e+05 8.137802885587846750e-09
8.545280000000000000e+05 8.137802885587846750e-09
8.550400000000000000e+05 8.137802885587846750e-09
8.555520000000000000e+05 8.137802885587846750e-09
8.560640000000000000e+05 8.137802885587846750e-09
8.565760000000000000e+05 8.137802885587846750e-09
8.570880000000000000e+05 8.137802885587846750e-09
8.576000000000000000e+05 8.137802885587846750e-09
8.581120000000000000e+05 8.137802885587846750e-09
8.586240000000000000e+05 8.137802885587846750e-09
8.591360000000000000e+05 8.137802885587846750e-09
8.596480000000000000e+05 8.137802885587846750e-09
8.601600000000000000e+05 8.137802885587846750e-09
8.606720000000000000e+05 8.137802885587846750e-09
8.611840000000000000e+05 8.137802885587846750e-09
8.616960000000000000e+05 8.137802885587846750e-09
8.622080000000000000e+05 8.137802885587846750e-09
8.627200000000000000e+05 8.137802885587846750e-09
8.632320000000000000e+05 8.137802885587846750e-09
8.637440000000000000e+05 8.137802885587846750e-09
8.642560000000000000e+05 8.137802885587846750e-09
8.647680000000000000e+05 8.137802885587846750e-09
8.652800000000000000e+05 6.497970977311658740e-09
8.657920000000000000e+05 6.497970977311658740e-09
8.663040000000000000e+05 6.109272167463996473e-09
8.668160000000000000e+05 6.109272167463996473e-09
8.673280000000000000e+05 6.109272167463996473e-09
8.678400000000000000e+05 6.109272167463996473e-09
8.683520000000000000e+05 6.109272167463996473e-09
8.688640000000000000e+05 4.210996658045331729e-09
8.693760000000000000e+05 4.210996658045331729e-09
8.698880000000000000e+05 4.210996658045331729e-09
8.704000000000000000e+05 4.210996658045331729e-09
8.709120000000000000e+05 4.210996658045331729e-09
8.714240000000000000e+05 4.210996658045331729e-09
8.719360000000000000e+05 4.210996658045331729e-09
8.724480000000000000e+05 4.210996658045331729e-09
8.729600000000000000e+05 4.210996658045331729e-09
8.734720000000000000e+05 4.210996658045331729e-09
8.739840000000000000e+05 4.210996658045331729e-09
8.744960000000000000e+05 4.210996658045331729e-09
8.750080000000000000e+05 4.210996658045331729e-09
8.755200000000000000e+05 4.210996658045331729e-09
8.760320000000000000e+05 4.210996658045331729e-09
8.765440000000000000e+05 4.210996658045331729e-09
8.770560000000000000e+05 4.210996658045331729e-09
8.775680000000000000e+05 4.210996658045331729e-09
8.780800000000000000e+05 4.210996658045331729e-09
8.785920000000000000e+05 4.210996658045331729e-09
8.791040000000000000e+05 4.210996658045331729e-09
8.796160000000000000e+05 4.210996658045331729e-09
8.801280000000000000e+05 4.210996658045331729e-09
8.806400000000000000e+05 4.210996658045331729e-09
8.811520000000000000e+05 3.235475639594726678e-09
8.816640000000000000e+05 3.235475639594726678e-09
8.821760000000000000e+05 3.235475639594726678e-09
8.826880000000000000e+05 3.235475639594726678e-09
8.832000000000000000e+05 3.235475639594726678e-09
8.837120000000000000e+05 3.235475639594726678e-09
8.842240000000000000e+05 3.235475639594726678e-09
8.847360000000000000e+05 3.235475639594726678e-09
8.852480000000000000e+05 3.235475639594726678e-09
8.857600000000000000e+05 3.235475639594726678e-09
8.862720000000000000e+05 3.235475639594726678e-09
8.867840000000000000e+05 3.235475639594726678e-09
8.872960000000000000e+05 3.235475639594726678e-09
8.878080000000000000e+05 3.235475639594726678e-09
8.883200000000000000e+05 3.235475639594726678e-09
8.888320000000000000e+05 3.235475639594726678e-09
8.893440000000000000e+05 3.235475639594726678e-09
8.898560000000000000e+05 3.235475639594726678e-09
8.903680000000000000e+05 2.867796192399644906e-09
8.908800000000000000e+05 2.867796192399644906e-09
8.913920000000000000e+05 2.867796192399644906e-09
8.919040000000000000e+05 2.867796192399644906e-09
8.924160000000000000e+05 2.867796192399644906e-09
8.929280000000000000e+05 2.867326833586785009e-09
8.934400000000000000e+05 2.867326833586785009e-09
8.939520000000000000e+05 2.867326833586785009e-09
8.944640000000000000e+05 2.867326833586785009e-09
8.949760000000000000e+05 2.867326833586785009e-09
8.954880000000000000e+05 2.839375583816909471e-09
8.960000000000000000e+05 2.487609896260361764e-09
8.965120000000000000e+05 2.487609896260361764e-09
8.970240000000000000e+05 2.487609896260361764e-09
8.975360000000000000e+05 2.487609896260361764e-09
8.980480000000000000e+05 2.487609896260361764e-09
8.985600000000000000e+05 2.397199008773934997e-09
8.990720000000000000e+05 2.397199008773934997e-09
8.995840000000000000e+05 2.397199008773934997e-09
9.000960000000000000e+05 2.397199008773934997e-09
9.006080000000000000e+05 1.833168141900594256e-09
9.011200000000000000e+05 1.833168141900594256e-09
9.016320000000000000e+05 1.833168141900594256e-09
9.021440000000000000e+05 1.833168141900594256e-09
9.026560000000000000e+05 1.833168141900594256e-09
9.031680000000000000e+05 1.833168141900594256e-09
9.036800000000000000e+05 1.833168141900594256e-09
9.041920000000000000e+05 1.833168141900594256e-09
9.047040000000000000e+05 1.833168141900594256e-09
9.052160000000000000e+05 1.833168141900594256e-09
9.057280000000000000e+05 1.833168141900594256e-09
9.062400000000000000e+05 1.833168141900594256e-09
9.067520000000000000e+05 1.833168141900594256e-09
9.072640000000000000e+05 1.833168141900594256e-09
9.077760000000000000e+05 1.833168141900594256e-09
9.082880000000000000e+05 1.833168141900594256e-09
9.088000000000000000e+05 1.833168141900594256e-09
9.093120000000000000e+05 1.833168141900594256e-09
9.098240000000000000e+05 1.833168141900594256e-09
9.103360000000000000e+05 1.833168141900594256e-09
9.108480000000000000e+05 1.833168141900594256e-09
9.113600000000000000e+05 1.489377697138310118e-09
9.118720000000000000e+05 1.489377697138310118e-09
9.123840000000000000e+05 1.489377697138310118e-09
9.128960000000000000e+05 1.489377697138310118e-09
9.134080000000000000e+05 1.489377697138310118e-09
9.139200000000000000e+05 1.489377697138310118e-09
9.144320000000000000e+05 1.287757860490613733e-09
9.149440000000000000e+05 1.287757860490613733e-09
9.154560000000000000e+05 1.287757860490613733e-09
9.159680000000000000e+05 1.229314688114646700e-09
9.164800000000000000e+05 1.229314688114646700e-09
9.169920000000000000e+05 1.229314688114646700e-09
9.175040000000000000e+05 1.229314688114646700e-09
9.180160000000000000e+05 1.229314688114646700e-09
9.185280000000000000e+05 9.475992438895039918e-10
9.190400000000000000e+05 9.475992438895039918e-10
9.195520000000000000e+05 9.475992438895039918e-10
9.200640000000000000e+05 9.475992438895039918e-10
9.205760000000000000e+05 9.475992438895039918e-10
9.210880000000000000e+05 9.475992438895039918e-10
9.216000000000000000e+05 9.475992438895039918e-10
9.221120000000000000e+05 9.475992438895039918e-10
9.226240000000000000e+05 9.475992438895039918e-10
9.231360000000000000e+05 9.475992438895039918e-10
9.236480000000000000e+05 9.475992438895039918e-10
9.241600000000000000e+05 9.475992438895039918e-10
9.246720000000000000e+05 9.475992438895039918e-10
9.251840000000000000e+05 9.475992438895039918e-10
9.256960000000000000e+05 9.475992438895039918e-10
9.262080000000000000e+05 9.434158856592623346e-10
9.267200000000000000e+05 9.434158856592623346e-10
9.272320000000000000e+05 9.434158856592623346e-10
9.277440000000000000e+05 9.434158856592623346e-10
9.282560000000000000e+05 9.434158856592623346e-10
9.287680000000000000e+05 6.999147306553002296e-10
9.292800000000000000e+05 6.999147306553002296e-10
9.297920000000000000e+05 6.999147306553002296e-10
9.303040000000000000e+05 6.999147306553002296e-10
9.308160000000000000e+05 6.999147306553002296e-10
9.313280000000000000e+05 6.999147306553002296e-10
9.318400000000000000e+05 5.177892944922914193e-10
9.323520000000000000e+05 5.177892944922914193e-10
9.328640000000000000e+05 5.177892944922914193e-10
9.333760000000000000e+05 5.177892944922914193e-10
9.338880000000000000e+05 5.177892944922914193e-10
9.344000000000000000e+05 5.177892944922914193e-10
9.349120000000000000e+05 5.177892944922914193e-10
9.354240000000000000e+05 5.177892944922914193e-10
9.359360000000000000e+05 5.177892944922914193e-10
9.364480000000000000e+05 5.177892944922914193e-10
9.369600000000000000e+05 5.177892944922914193e-10
9.374720000000000000e+05 5.177892944922914193e-10
9.379840000000000000e+05 5.177892944922914193e-10
9.384960000000000000e+05 5.177892944922914193e-10
9.390080000000000000e+05 5.177892944922914193e-10
9.395200000000000000e+05 5.177892944922914193e-10
9.400320000000000000e+05 5.177892944922914193e-10
9.405440000000000000e+05 2.962583059793814482e-10
9.410560000000000000e+05 2.962583059793814482e-10
9.415680000000000000e+05 2.962583059793814482e-10
9.420800000000000000e+05 2.962583059793814482e-10
9.425920000000000000e+05 2.962583059793814482e-10
9.431040000000000000e+05 2.962583059793814482e-10
9.436160000000000000e+05 2.962583059793814482e-10
9.441280000000000000e+05 2.962583059793814482e-10
9.446400000000000000e+05 2.962583059793814482e-10
9.451520000000000000e+05 2.962583059793814482e-10
9.456640000000000000e+05 2.962583059793814482e-10
9.461760000000000000e+05 2.962583059793814482e-10
9.466880000000000000e+05 2.962583059793814482e-10
9.472000000000000000e+05 2.962583059793814482e-10
9.477120000000000000e+05 2.962583059793814482e-10
9.482240000000000000e+05 2.962583059793814482e-10
9.487360000000000000e+05 2.962583059793814482e-10
9.492480000000000000e+05 2.962583059793814482e-10
9.497600000000000000e+05 2.962583059793814482e-10
9.502720000000000000e+05 2.962583059793814482e-10
9.507840000000000000e+05 2.962583059793814482e-10
9.512960000000000000e+05 2.962583059793814482e-10
9.518080000000000000e+05 2.962583059793814482e-10
9.523200000000000000e+05 2.962583059793814482e-10
9.528320000000000000e+05 2.962583059793814482e-10
9.533440000000000000e+05 2.962583059793814482e-10
9.538560000000000000e+05 2.962583059793814482e-10
9.543680000000000000e+05 2.962583059793814482e-10
9.548800000000000000e+05 2.962583059793814482e-10
9.553920000000000000e+05 2.962583059793814482e-10
9.559040000000000000e+05 2.962583059793814482e-10
9.564160000000000000e+05 2.962583059793814482e-10
9.569280000000000000e+05 2.962583059793814482e-10
9.574400000000000000e+05 2.962583059793814482e-10
9.579520000000000000e+05 2.962583059793814482e-10
9.584640000000000000e+05 2.962583059793814482e-10
9.589760000000000000e+05 2.962583059793814482e-10
9.594880000000000000e+05 2.962583059793814482e-10
9.600000000000000000e+05 2.962583059793814482e-10
9.605120000000000000e+05 2.911835233554797512e-10
9.610240000000000000e+05 2.911835233554797512e-10
9.615360000000000000e+05 1.703038698963013238e-10
9.620480000000000000e+05 1.703038698963013238e-10
9.625600000000000000e+05 1.703038698963013238e-10
9.630720000000000000e+05 1.703038698963013238e-10
9.635840000000000000e+05 1.703038698963013238e-10
9.640960000000000000e+05 1.703038698963013238e-10
9.646080000000000000e+05 1.703038698963013238e-10
9.651200000000000000e+05 1.302049124497638115e-10
9.656320000000000000e+05 1.302049124497638115e-10
9.661440000000000000e+05 1.302049124497638115e-10
9.666560000000000000e+05 1.302049124497638115e-10
9.671680000000000000e+05 1.302049124497638115e-10
9.676800000000000000e+05 1.302049124497638115e-10
9.681920000000000000e+05 1.302049124497638115e-10
9.687040000000000000e+05 1.302049124497638115e-10
9.692160000000000000e+05 1.302049124497638115e-10
9.697280000000000000e+05 1.302049124497638115e-10
9.702400000000000000e+05 1.302049124497638115e-10
9.707520000000000000e+05 1.302049124497638115e-10
9.712640000000000000e+05 1.302049124497638115e-10
9.717760000000000000e+05 1.302049124497638115e-10
9.722880000000000000e+05 1.302049124497638115e-10
9.728000000000000000e+05 1.302049124497638115e-10
9.733120000000000000e+05 1.302049124497638115e-10
9.738240000000000000e+05 1.027000736662906892e-10
9.743360000000000000e+05 1.027000736662906892e-10
9.748480000000000000e+05 1.027000736662906892e-10
9.753600000000000000e+05 1.027000736662906892e-10
9.758720000000000000e+05 1.027000736662906892e-10
9.763840000000000000e+05 1.027000736662906892e-10
9.768960000000000000e+05 1.027000736662906892e-10
9.774080000000000000e+05 1.027000736662906892e-10
9.779200000000000000e+05 1.027000736662906892e-10
9.784320000000000000e+05 1.027000736662906892e-10
9.789440000000000000e+05 1.027000736662906892e-10
9.794560000000000000e+05 9.541841214519046937e-11
9.799680000000000000e+05 9.541841214519046937e-11
9.804800000000000000e+05 9.541841214519046937e-11
9.809920000000000000e+05 9.541841214519046937e-11
9.815040000000000000e+05 9.541841214519046937e-11
9.820160000000000000e+05 9.541841214519046937e-11
9.825280000000000000e+05 9.541841214519046937e-11
9.830400000000000000e+05 9.541841214519046937e-11
9.835520000000000000e+05 9.541841214519046937e-11
9.840640000000000000e+05 9.541841214519046937e-11
9.845760000000000000e+05 9.541841214519046937e-11
9.850880000000000000e+05 9.541841214519046937e-11
9.856000000000000000e+05 9.222018617055444147e-11
9.861120000000000000e+05 9.222018617055444147e-11
9.866240000000000000e+05 6.957081212730696281e-11
9.871360000000000000e+05 6.957081212730696281e-11
9.876480000000000000e+05 6.957081212730696281e-11
9.881600000000000000e+05 6.957081212730696281e-11
9.886720000000000000e+05 6.957081212730696281e-11
9.891840000000000000e+05 6.957081212730696281e-11
9.896960000000000000e+05 6.957081212730696281e-11
9.902080000000000000e+05 6.957081212730696281e-11
9.907200000000000000e+05 6.957081212730696281e-11
9.912320000000000000e+05 6.957081212730696281e-11
9.917440000000000000e+05 6.957081212730696281e-11
9.922560000000000000e+05 6.957081212730696281e-11
9.927680000000000000e+05 6.957081212730696281e-11
9.932800000000000000e+05 6.957081212730696281e-11
9.937920000000000000e+05 6.957081212730696281e-11
9.943040000000000000e+05 6.957081212730696281e-11
9.948160000000000000e+05 6.957081212730696281e-11
9.953280000000000000e+05 6.957081212730696281e-11
9.958400000000000000e+05 6.957081212730696281e-11
9.963520000000000000e+05 6.957081212730696281e-11
9.968640000000000000e+05 6.957081212730696281e-11
9.973760000000000000e+05 6.957081212730696281e-11
9.978880000000000000e+05 6.957081212730696281e-11
9.984000000000000000e+05 6.957081212730696281e-11
9.989120000000000000e+05 6.957081212730696281e-11
9.994240000000000000e+05 6.957081212730696281e-11
9.999360000000000000e+05 6.957081212730696281e-11
1.000448000000000000e+06 6.957081212730696281e-11
