1.024000000000000000e+03 2.606484839359529815e+01
2.048000000000000000e+03 2.606484839359529815e+01
3.072000000000000000e+03 2.606484839359529815e+01
4.096000000000000000e+03 1.982355668370549040e+01
5.120000000000000000e+03 1.982355668370549040e+01
6.144000000000000000e+03 1.129829155440376454e+01
7.168000000000000000e+03 1.129829155440376454e+01
8.192000000000000000e+03 1.129829155440376454e+01
9.216000000000000000e+03 1.129829155440376454e+01
1.024000000000000000e+04 1.129829155440376454e+01
1.126400000000000000e+04 1.129829155440376454e+01
1.228800000000000000e+04 1.129829155440376454e+01
1.331200000000000000e+04 1.129829155440376454e+01
1.433600000000000000e+04 1.129829155440376454e+01
1.536000000000000000e+04 1.129829155440376454e+01
1.638400000000000000e+04 1.129829155440376454e+01
1.740800000000000000e+04 1.129829155440376454e+01
1.843200000000000000e+04 1.129829155440376454e+01
1.945600000000000000e+04 1.129829155440376454e+01
2.048000000000000000e+04 1.129829155440376454e+01
2.150400000000000000e+04 1.129829155440376454e+01
2.252800000000000000e+04 1.129829155440376454e+01
2.355200000000000000e+04 1.129829155440376454e+01
2.457600000000000000e+04 1.129829155440376454e+01
2.560000000000000000e+04 1.129829155440376454e+01
2.662400000000000000e+04 1.129829155440376454e+01
2.764800000000000000e+04 1.129829155440376454e+01
2.867200000000000000e+04 1.129829155440376454e+01
2.969600000000000000e+04 1.129829155440376454e+01
3.072000000000000000e+04 1.094660372190638675e+01
3.174400000000000000e+04 8.126200080191413377e+00
3.276800000000000000e+04 8.126200080191413377e+00
3.379200000000000000e+04 8.126200080191413377e+00
3.481600000000000000e+04 8.126200080191413377e+00
3.584000000000000000e+04 8.126200080191413377e+00
3.686400000000000000e+04 8.126200080191413377e+00
3.788800000000000000e+04 7.116296584138055437e+00
3.891200000000000000e+04 7.116296584138055437e+00
3.993600000000000000e+04 7.116296584138055437e+00
4.096000000000000000e+04 5.051739414124316596e+00
4.198400000000000000e+04 5.051739414124316596e+00
4.300800000000000000e+04 5.051739414124316596e+00
4.403200000000000000e+04 5.051739414124316596e+00
4.505600000000000000e+04 4.128782359590473128e+00
4.608000000000000000e+04 4.128782359590473128e+00
4.710400000000000000e+04 4.128782359590473128e+00
4.812800000000000000e+04 4.128782359590473128e+00
4.915200000000000000e+04 4.128782359590473128e+00
5.017600000000000000e+04 4.128782359590473128e+00
5.120000000000000000e+04 4.128782359590473128e+00
5.222400000000000000e+04 4.128782359590473128e+00
5.324800000000000000e+04 4.128782359590473128e+00
5.427200000000000000e+04 4.097342549874080753e+00
5.529600000000000000e+04 3.513120662596470822e+00
5.632000000000000000e+04 3.513120662596470822e+00
5.734400000000000000e+04 3.513120662596470822e+00
5.836800000000000000e+04 3.513120662596470822e+00
5.939200000000000000e+04 3.513120662596470822e+00
6.041600000000000000e+04 3.456518738814174263e+00
6.144000000000000000e+04 3.456518738814174263e+00
6.246400000000000000e+04 3.456518738814174263e+00
6.348800000000000000e+04 3.235435183392269654e+00
6.451200000000000000e+04 3.235435183392269654e+00
6.553600000000000000e+04 3.235435183392269654e+00
6.656000000000000000e+04 3.235435183392269654e+00
6.758400000000000000e+04 2.182778832875711394e+00
6.860800000000000000e+04 2.182778832875711394e+00
6.963200000000000000e+04 2.182778832875711394e+00
7.065600000000000000e+04 2.182778832875711394e+00
7.168000000000000000e+04 2.182778832875711394e+00
7.270400000000000000e+04 2.182778832875711394e+00
7.372800000000000000e+04 2.182778832875711394e+00
7.475200000000000000e+04 2.182778832875711394e+00
7.577600000000000000e+04 2.182778832875711394e+00
7.680000000000000000e+04 2.182778832875711394e+00
7.782400000000000000e+04 1.616105629935739252e+00
7.884800000000000000e+04 1.616105629935739252e+00
7.987200000000000000e+04 1.616105629935739252e+00
8.089600000000000000e+04 1.616105629935739252e+00
8.192000000000000000e+04 1.616105629935739252e+00
8.294400000000000000e+04 1.616105629935739252e+00
8.396800000000000000e+04 1.616105629935739252e+00
8.499200000000000000e+04 1.616105629935739252e+00
8.601600000000000000e+04 1.616105629935739252e+00
8.704000000000000000e+04 1.616105629935739252e+00
8.806400000000000000e+04 1.337501282894939303e+00
8.908800000000000000e+04 1.337501282894939303e+00
9.011200000000000000e+04 1.337501282894939303e+00
9.113600000000000000e+04 8.365835198499094183e-01
9.216000000000000000e+04 8.365835198499094183e-01
9.318400000000000000e+04 8.365835198499094183e-01
9.420800000000000000e+04 8.365835198499094183e-01
9.523200000000000000e+04 8.365835198499094183e-01
9.625600000000000000e+04 8.365835198499094183e-01
9.728000000000000000e+04 8.365835198499094183e-01
9.830400000000000000e+04 8.365835198499094183e-01
9.932800000000000000e+04 8.365835198499094183e-01
1.003520000000000000e+05 8.365835198499094183e-01
1.013760000000000000e+05 8.365835198499094183e-01
1.024000000000000000e+05 8.365835198499094183e-01
1.034240000000000000e+05 8.365835198499094183e-01
1.044480000000000000e+05 8.365835198499094183e-01
1.054720000000000000e+05 8.365835198499094183e-01
1.064960000000000000e+05 8.365835198499094183e-01
1.075200000000000000e+05 8.365835198499094183e-01
1.085440000000000000e+05 8.365835198499094183e-01
1.095680000000000000e+05 8.365835198499094183e-01
1.105920000000000000e+05 2.797634412636184620e-01
1.116160000000000000e+05 2.797634412636184620e-01
1.126400000000000000e+05 2.797634412636184620e-01
1.136640000000000000e+05 2.797634412636184620e-01
1.146880000000000000e+05 2.797634412636184620e-01
1.157120000000000000e+05 2.797634412636184620e-01
1.167360000000000000e+05 2.797634412636184620e-01
1.177600000000000000e+05 2.797634412636184620e-01
1.187840000000000000e+05 2.797634412636184620e-01
1.198080000000000000e+05 2.797634412636184620e-01
1.208320000000000000e+05 2.797634412636184620e-01
1.218560000000000000e+05 2.797634412636184620e-01
1.228800000000000000e+05 2.797634412636184620e-01
1.239040000000000000e+05 2.797634412636184620e-01
1.249280000000000000e+05 2.797634412636184620e-01
1.259520000000000000e+05 2.797634412636184620e-01
1.269760000000000000e+05 2.797634412636184620e-01
1.280000000000000000e+05 2.797634412636184620e-01
1.290240000000000000e+05 2.797634412636184620e-01
1.300480000000000000e+05 2.797634412636184620e-01
1.310720000000000000e+05 2.797634412636184620e-01
1.320960000000000000e+05 2.797634412636184620e-01
1.331200000000000000e+05 2.797634412636184620e-01
1.341440000000000000e+05 2.797634412636184620e-01
1.351680000000000000e+05 2.797634412636184620e-01
1.361920000000000000e+05 2.797634412636184620e-01
1.372160000000000000e+05 2.797634412636184620e-01
1.382400000000000000e+05 2.797634412636184620e-01
1.392640000000000000e+05 2.797634412636184620e-01
1.402880000000000000e+05 2.797634412636184620e-01
1.413120000000000000e+05 2.797634412636184620e-01
1.423360000000000000e+05 2.797634412636184620e-01
1.433600000000000000e+05 2.328126916803307800e-01
1.443840000000000000e+05 2.328126916803307800e-01
1.454080000000000000e+05 2.328126916803307800e-01
1.464320000000000000e+05 2.328126916803307800e-01
1.474560000000000000e+05 2.328126916803307800e-01
1.484800000000000000e+05 2.328126916803307800e-01
1.495040000000000000e+05 2.328126916803307800e-01
1.505280000000000000e+05 2.328126916803307800e-01
1.515520000000000000e+05 2.328126916803307800e-01
1.525760000000000000e+05 2.328126916803307800e-01
1.536000000000000000e+05 2.328126916803307800e-01
1.546240000000000000e+05 2.328126916803307800e-01
1.556480000000000000e+05 2.328126916803307800e-01
1.566720000000000000e+05 2.249696508884394819e-01
1.576960000000000000e+05 1.697178343579391624e-01
1.587200000000000000e+05 1.697178343579391624e-01
1.597440000000000000e+05 1.697178343579391624e-01
1.607680000000000000e+05 1.697178343579391624e-01
1.617920000000000000e+05 1.697178343579391624e-01
1.628160000000000000e+05 1.697178343579391624e-01
1.638400000000000000e+05 1.697178343579391624e-01
1.648640000000000000e+05 1.697178343579391624e-01
1.658880000000000000e+05 1.697178343579391624e-01
1.669120000000000000e+05 1.579131163636261492e-01
1.679360000000000000e+05 1.440746441291809177e-01
1.689600000000000000e+05 1.440746441291809177e-01
1.699840000000000000e+05 1.440746441291809177e-01
1.710080000000000000e+05 1.440746441291809177e-01
1.720320000000000000e+05 1.440746441291809177e-01
1.730560000000000000e+05 1.173378937204108546e-01
1.740800000000000000e+05 1.173378937204108546e-01
1.751040000000000000e+05 1.173378937204108546e-01
1.761280000000000000e+05 1.010937130786644933e-01
1.771520000000000000e+05 1.010937130786644933e-01
1.781760000000000000e+05 1.010937130786644933e-01
1.792000000000000000e+05 1.010937130786644933e-01
1.802240000000000000e+05 1.010937130786644933e-01
1.812480000000000000e+05 1.010937130786644933e-01
1.822720000000000000e+05 1.010937130786644933e-01
1.832960000000000000e+05 6.097293788971548667e-02
1.843200000000000000e+05 6.097293788971548667e-02
1.853440000000000000e+05 6.097293788971548667e-02
1.863680000000000000e+05 6.097293788971548667e-02
1.873920000000000000e+05 6.097293788971548667e-02
1.884160000000000000e+05 6.097293788971548667e-02
1.894400000000000000e+05 6.097293788971548667e-02
1.904640000000000000e+05 6.097293788971548667e-02
1.914880000000000000e+05 6.097293788971548667e-02
1.925120000000000000e+05 6.097293788971548667e-02
1.935360000000000000e+05 6.097293788971548667e-02
1.945600000000000000e+05 6.097293788971548667e-02
1.955840000000000000e+05 6.097293788971548667e-02
1.966080000000000000e+05 6.097293788971548667e-02
1.976320000000000000e+05 6.097293788971548667e-02
1.986560000000000000e+05 4.645481793858453196e-02
1.996800000000000000e+05 4.645481793858453196e-02
2.007040000000000000e+05 4.645481793858453196e-02
2.017280000000000000e+05 4.645481793858453196e-02
2.027520000000000000e+05 4.645481793858453196e-02
2.037760000000000000e+05 4.085720718575162197e-02
2.048000000000000000e+05 3.197450597860957561e-02
2.058240000000000000e+05 3.197450597860957561e-02
2.068480000000000000e+05 3.197450597860957561e-02
2.078720000000000000e+05 3.197450597860957561e-02
2.088960000000000000e+05 3.197450597860957561e-02
2.099200000000000000e+05 3.197450597860957561e-02
2.109440000000000000e+05 3.197450597860957561e-02
2.119680000000000000e+05 3.197450597860957561e-02
2.129920000000000000e+05 3.197450597860957561e-02
2.140160000000000000e+05 3.197450597860957561e-02
2.150400000000000000e+05 3.197450597860957561e-02
2.160640000000000000e+05 3.197450597860957561e-02
2.170880000000000000e+05 3.197450597860957561e-02
2.181120000000000000e+05 3.197450597860957561e-02
2.191360000000000000e+05 3.197450597860957561e-02
2.201600000000000000e+05 3.197450597860957561e-02
2.211840000000000000e+05 3.197450597860957561e-02
2.222080000000000000e+05 3.197450597860957561e-02
2.232320000000000000e+05 3.197450597860957561e-02
2.242560000000000000e+05 3.197450597860957561e-02
2.252800000000000000e+05 3.197450597860957561e-02
2.263040000000000000e+05 3.197450597860957561e-02
2.273280000000000000e+05 3.197450597860957561e-02
2.283520000000000000e+05 1.803946201396059920e-02
2.293760000000000000e+05 1.803946201396059920e-02
2.304000000000000000e+05 1.803946201396059920e-02
2.314240000000000000e+05 1.803946201396059920e-02
2.324480000000000000e+05 1.803946201396059920e-02
2.334720000000000000e+05 1.803946201396059920e-02
2.344960000000000000e+05 1.803946201396059920e-02
2.355200000000000000e+05 1.803946201396059920e-02
2.365440000000000000e+05 1.803946201396059920e-02
2.375680000000000000e+05 1.803946201396059920e-02
2.385920000000000000e+05 1.803946201396059920e-02
2.396160000000000000e+05 1.803946201396059920e-02
2.406400000000000000e+05 1.803946201396059920e-02
2.416640000000000000e+05 1.803946201396059920e-02
2.426880000000000000e+05 1.803946201396059920e-02
2.437120000000000000e+05 1.803946201396059920e-02
2.447360000000000000e+05 1.803946201396059920e-02
2.457600000000000000e+05 1.803946201396059920e-02
2.467840000000000000e+05 1.803946201396059920e-02
2.478080000000000000e+05 1.803946201396059920e-02
2.488320000000000000e+05 1.803946201396059920e-02
2.498560000000000000e+05 1.803946201396059920e-02
2.508800000000000000e+05 1.803946201396059920e-02
2.519040000000000000e+05 1.803946201396059920e-02
2.529280000000000000e+05 1.803946201396059920e-02
2.539520000000000000e+05 1.769217703497853733e-02
2.549760000000000000e+05 1.486775448639576780e-02
2.560000000000000000e+05 1.486775448639576780e-02
2.570240000000000000e+05 1.486775448639576780e-02
2.580480000000000000e+05 1.486775448639576780e-02
2.590720000000000000e+05 1.486775448639576780e-02
2.600960000000000000e+05 1.486775448639576780e-02
2.611200000000000000e+05 1.486775448639576780e-02
2.621440000000000000e+05 1.486775448639576780e-02
2.631680000000000000e+05 1.198959513110494854e-02
2.641920000000000000e+05 1.198959513110494854e-02
2.652160000000000000e+05 1.198959513110494854e-02
2.662400000000000000e+05 1.198959513110494854e-02
2.672640000000000000e+05 1.167710166516165021e-02
2.682880000000000000e+05 1.002748652650507083e-02
2.693120000000000000e+05 1.002748652650507083e-02
2.703360000000000000e+05 1.002748652650507083e-02
2.713600000000000000e+05 3.805960639367564693e-03
2.723840000000000000e+05 3.805960639367564693e-03
2.734080000000000000e+05 3.805960639367564693e-03
2.744320000000000000e+05 3.805960639367564693e-03
2.754560000000000000e+05 3.805960639367564693e-03
2.764800000000000000e+05 3.805960639367564693e-03
2.775040000000000000e+05 3.805960639367564693e-03
2.785280000000000000e+05 3.805960639367564693e-03
2.795520000000000000e+05 3.805960639367564693e-03
2.805760000000000000e+05 3.805960639367564693e-03
2.816000000000000000e+05 3.805960639367564693e-03
2.826240000000000000e+05 3.805960639367564693e-03
2.836480000000000000e+05 3.805960639367564693e-03
2.846720000000000000e+05 3.805960639367564693e-03
2.856960000000000000e+05 3.805960639367564693e-03
2.867200000000000000e+05 3.805960639367564693e-03
2.877440000000000000e+05 3.805960639367564693e-03
2.887680000000000000e+05 3.805960639367564693e-03
2.897920000000000000e+05 3.805960639367564693e-03
2.908160000000000000e+05 3.805960639367564693e-03
2.918400000000000000e+05 3.805960639367564693e-03
2.928640000000000000e+05 3.805960639367564693e-03
2.938880000000000000e+05 3.805960639367564693e-03
2.949120000000000000e+05 3.805960639367564693e-03
2.959360000000000000e+05 3.805960639367564693e-03
2.969600000000000000e+05 3.805960639367564693e-03
2.979840000000000000e+05 3.805960639367564693e-03
2.990080000000000000e+05 3.805960639367564693e-03
3.000320000000000000e+05 3.805960639367564693e-03
3.010560000000000000e+05 3.725376352928571645e-03
3.020800000000000000e+05 3.725376352928571645e-03
3.031040000000000000e+05 3.725376352928571645e-03
3.041280000000000000e+05 3.115876309948065106e-03
3.051520000000000000e+05 3.115876309948065106e-03
3.061760000000000000e+05 3.115876309948065106e-03
3.072000000000000000e+05 3.115876309948065106e-03
3.082240000000000000e+05 3.115876309948065106e-03
3.092480000000000000e+05 2.596592464852960809e-03
3.102720000000000000e+05 2.596592464852960809e-03
3.112960000000000000e+05 2.596592464852960809e-03
3.123200000000000000e+05 2.596592464852960809e-03
3.133440000000000000e+05 1.930578856499059462e-03
3.143680000000000000e+05 1.930578856499059462e-03
3.153920000000000000e+05 1.930578856499059462e-03
3.164160000000000000e+05 1.930578856499059462e-03
3.174400000000000000e+05 1.930578856499059462e-03
3.184640000000000000e+05 1.930578856499059462e-03
3.194880000000000000e+05 1.767880073161031372e-03
3.205120000000000000e+05 1.767880073161031372e-03
3.215360000000000000e+05 1.767880073161031372e-03
3.225600000000000000e+05 1.767880073161031372e-03
3.235840000000000000e+05 1.767880073161031372e-03
3.246080000000000000e+05 1.571094991402830583e-03
3.256320000000000000e+05 1.571094991402830583e-03
3.266560000000000000e+05 1.571094991402830583e-03
3.276800000000000000e+05 1.571094991402830583e-03
3.287040000000000000e+05 1.571094991402830583e-03
3.297280000000000000e+05 1.571094991402830583e-03
3.307520000000000000e+05 1.571094991402830583e-03
3.317760000000000000e+05 1.571094991402830583e-03
3.328000000000000000e+05 1.571094991402830583e-03
3.338240000000000000e+05 1.571094991402830583e-03
3.348480000000000000e+05 1.571094991402830583e-03
3.358720000000000000e+05 1.168374578875394903e-03
3.368960000000000000e+05 1.168374578875394903e-03
3.379200000000000000e+05 1.168374578875394903e-03
3.389440000000000000e+05 1.168374578875394903e-03
3.399680000000000000e+05 1.168374578875394903e-03
3.409920000000000000e+05 1.168374578875394903e-03
3.420160000000000000e+05 1.071958664318336477e-03
3.430400000000000000e+05 1.071958664318336477e-03
3.440640000000000000e+05 1.071958664318336477e-03
3.450880000000000000e+05 8.068604325750020328e-04
3.461120000000000000e+05 8.068604325750020328e-04
3.471360000000000000e+05 8.068604325750020328e-04
3.481600000000000000e+05 8.068604325750020328e-04
3.491840000000000000e+05 8.068604325750020328e-04
3.502080000000000000e+05 8.068604325750020328e-04
3.512320000000000000e+05 6.408368468542054554e-04
3.522560000000000000e+05 6.408368468542054554e-04
3.532800000000000000e+05 6.408368468542054554e-04
3.543040000000000000e+05 6.408368468542054554e-04
3.553280000000000000e+05 6.408368468542054554e-04
3.563520000000000000e+05 6.408368468542054554e-04
3.573760000000000000e+05 6.408368468542054554e-04
3.584000000000000000e+05 6.408368468542054554e-04
3.594240000000000000e+05 6.408368468542054554e-04
3.604480000000000000e+05 6.408368468542054554e-04
3.614720000000000000e+05 6.408368468542054554e-04
3.624960000000000000e+05 6.408368468542054554e-04
3.635200000000000000e+05 6.408368468542054554e-04
3.645440000000000000e+05 5.125843475640369691e-04
3.655680000000000000e+05 5.125843475640369691e-04
3.665920000000000000e+05 5.125843475640369691e-04
3.676160000000000000e+05 5.125843475640369691e-04
3.686400000000000000e+05 4.542335336427735923e-04
3.696640000000000000e+05 4.542335336427735923e-04
3.706880000000000000e+05 4.542335336427735923e-04
3.717120000000000000e+05 4.542335336427735923e-04
3.727360000000000000e+05 4.542335336427735923e-04
3.737600000000000000e+05 4.542335336427735923e-04
3.747840000000000000e+05 4.542335336427735923e-04
3.758080000000000000e+05 4.542335336427735923e-04
3.768320000000000000e+05 4.542335336427735923e-04
3.778560000000000000e+05 4.542335336427735923e-04
3.788800000000000000e+05 4.542335336427735923e-04
3.799040000000000000e+05 4.532172788751112169e-04
3.809280000000000000e+05 4.532172788751112169e-04
3.819520000000000000e+05 4.532172788751112169e-04
3.829760000000000000e+05 4.532172788751112169e-04
3.840000000000000000e+05 4.532172788751112169e-04
3.850240000000000000e+05 4.532172788751112169e-04
3.860480000000000000e+05 4.532172788751112169e-04
3.870720000000000000e+05 3.161782017201460334e-04
3.880960000000000000e+05 3.161782017201460334e-04
3.891200000000000000e+05 2.891989637354226337e-04
3.901440000000000000e+05 1.737809901762067135e-04
3.911680000000000000e+05 1.737809901762067135e-04
3.921920000000000000e+05 1.737809901762067135e-04
3.932160000000000000e+05 1.737809901762067135e-04
3.942400000000000000e+05 1.737809901762067135e-04
3.952640000000000000e+05 1.737809901762067135e-04
3.962880000000000000e+05 1.737809901762067135e-04
3.973120000000000000e+05 1.737809901762067135e-04
3.983360000000000000e+05 1.737809901762067135e-04
3.993600000000000000e+05 1.737809901762067135e-04
4.003840000000000000e+05 1.737809901762067135e-04
4.014080000000000000e+05 1.737809901762067135e-04
4.024320000000000000e+05 1.737809901762067135e-04
4.034560000000000000e+05 1.737809901762067135e-04
4.044800000000000000e+05 1.737809901762067135e-04
4.055040000000000000e+05 1.737809901762067135e-04
4.065280000000000000e+05 1.737809901762067135e-04
4.075520000000000000e+05 1.737809901762067135e-04
4.085760000000000000e+05 1.737809901762067135e-04
4.096000000000000000e+05 1.737809901762067135e-04
4.106240000000000000e+05 1.737809901762067135e-04
4.116480000000000000e+05 1.737809901762067135e-04
4.126720000000000000e+05 1.737809901762067135e-04
4.136960000000000000e+05 1.737809901762067135e-04
4.147200000000000000e+05 1.737809901762067135e-04
4.157440000000000000e+05 1.737809901762067135e-04
4.167680000000000000e+05 1.737809901762067135e-04
4.177920000000000000e+05 1.737809901762067135e-04
4.188160000000000000e+05 1.041452135106537912e-04
4.198400000000000000e+05 1.041452135106537912e-04
4.208640000000000000e+05 1.041452135106537912e-04
4.218880000000000000e+05 1.041452135106537912e-04
4.229120000000000000e+05 1.041452135106537912e-04
4.239360000000000000e+05 1.041452135106537912e-04
4.249600000000000000e+05 8.327758280033991159e-05
4.259840000000000000e+05 8.327758280033991159e-05
4.270080000000000000e+05 8.327758280033991159e-05
4.280320000000000000e+05 8.327758280033991159e-05
4.290560000000000000e+05 8.327758280033991159e-05
4.300800000000000000e+05 8.327758280033991159e-05
4.311040000000000000e+05 8.327758280033991159e-05
4.321280000000000000e+05 8.197903459590016905e-05
4.331520000000000000e+05 8.197903459590016905e-05
4.341760000000000000e+05 8.197903459590016905e-05
4.352000000000000000e+05 8.197903459590016905e-05
4.362240000000000000e+05 8.147580055457808834e-05
4.372480000000000000e+05 8.147580055457808834e-05
4.382720000000000000e+05 8.147580055457808834e-05
4.392960000000000000e+05 8.147580055457808834e-05
4.403200000000000000e+05 7.120928388886424150e-05
4.413440000000000000e+05 7.076315647168665460e-05
4.423680000000000000e+05 7.076315647168665460e-05
4.433920000000000000e+05 7.076315647168665460e-05
4.444160000000000000e+05 7.076315647168665460e-05
4.454400000000000000e+05 7.039128226711720217e-05
4.464640000000000000e+05 7.039128226711720217e-05
4.474880000000000000e+05 5.732632106336815205e-05
4.485120000000000000e+05 5.732632106336815205e-05
4.495360000000000000e+05 5.732632106336815205e-05
4.505600000000000000e+05 5.732632106336815205e-05
4.515840000000000000e+05 5.732632106336815205e-05
4.526080000000000000e+05 5.732632106336815205e-05
4.536320000000000000e+05 5.732632106336815205e-05
4.546560000000000000e+05 5.732632106336815205e-05
4.556800000000000000e+05 5.732632106336815205e-05
4.567040000000000000e+05 3.420006746714152437e-05
4.577280000000000000e+05 3.420006746714152437e-05
4.587520000000000000e+05 3.420006746714152437e-05
4.597760000000000000e+05 3.420006746714152437e-05
4.608000000000000000e+05 2.399096389710933855e-05
4.618240000000000000e+05 2.399096389710933855e-05
4.628480000000000000e+05 2.399096389710933855e-05
4.638720000000000000e+05 2.399096389710933855e-05
4.648960000000000000e+05 2.399096389710933855e-05
4.659200000000000000e+05 2.399096389710933855e-05
4.669440000000000000e+05 2.399096389710933855e-05
4.679680000000000000e+05 2.399096389710933855e-05
4.689920000000000000e+05 2.093774560724355864e-05
4.700160000000000000e+05 2.093774560724355864e-05
4.710400000000000000e+05 2.093774560724355864e-05
4.720640000000000000e+05 2.093774560724355864e-05
4.730880000000000000e+05 2.093774560724355864e-05
4.741120000000000000e+05 2.093774560724355864e-05
4.751360000000000000e+05 2.093774560724355864e-05
4.761600000000000000e+05 2.093774560724355864e-05
4.771840000000000000e+05 2.093774560724355864e-05
4.782080000000000000e+05 2.093774560724355864e-05
4.792320000000000000e+05 2.093774560724355864e-05
4.802560000000000000e+05 2.093774560724355864e-05
4.812800000000000000e+05 2.093774560724355864e-05
4.823040000000000000e+05 2.093774560724355864e-05
4.833280000000000000e+05 2.093774560724355864e-05
4.843520000000000000e+05 2.093774560724355864e-05
4.853760000000000000e+05 2.093774560724355864e-05
4.864000000000000000e+05 1.935798478969951599e-05
4.874240000000000000e+05 1.808214094633097234e-05
4.884480000000000000e+05 1.808214094633097234e-05
4.894720000000000000e+05 1.808214094633097234e-05
4.904960000000000000e+05 1.808214094633097234e-05
4.915200000000000000e+05 1.808214094633097234e-05
4.925440000000000000e+05 1.512098195136221163e-05
4.935680000000000000e+05 1.512098195136221163e-05
4.945920000000000000e+05 1.512098195136221163e-05
4.956160000000000000e+05 1.512098195136221163e-05
4.966400000000000000e+05 1.512098195136221163e-05
4.976640000000000000e+05 1.512098195136221163e-05
4.986880000000000000e+05 1.512098195136221163e-05
4.997120000000000000e+05 1.456201919357170842e-05
5.007360000000000000e+05 2.920191304036979146e-06
5.017600000000000000e+05 2.920191304036979146e-06
5.027840000000000000e+05 2.920191304036979146e-06
5.038080000000000000e+05 2.920191304036979146e-06
5.048320000000000000e+05 2.920191304036979146e-06
5.058560000000000000e+05 2.920191304036979146e-06
5.068800000000000000e+05 2.920191304036979146e-06
5.079040000000000000e+05 2.920191304036979146e-06
5.089280000000000000e+05 2.920191304036979146e-06
5.099520000000000000e+05 2.920191304036979146e-06
5.109760000000000000e+05 2.920191304036979146e-06
5.120000000000000000e+05 2.920191304036979146e-06
5.130240000000000000e+05 2.920191304036979146e-06
5.140480000000000000e+05 2.920191304036979146e-06
5.150720000000000000e+05 2.920191304036979146e-06
5.160960000000000000e+05 2.920191304036979146e-06
5.171200000000000000e+05 2.920191304036979146e-06
5.181440000000000000e+05 2.920191304036979146e-06
5.191680000000000000e+05 2.920191304036979146e-06
5.201920000000000000e+05 2.920191304036979146e-06
5.212160000000000000e+05 2.920191304036979146e-06
5.222400000000000000e+05 2.920191304036979146e-06
5.232640000000000000e+05 2.920191304036979146e-06
5.242880000000000000e+05 2.920191304036979146e-06
5.253120000000000000e+05 2.920191304036979146e-06
5.263360000000000000e+05 2.920191304036979146e-06
5.273600000000000000e+05 2.920191304036979146e-06
5.283840000000000000e+05 2.920191304036979146e-06
5.294080000000000000e+05 2.920191304036979146e-06
5.304320000000000000e+05 2.920191304036979146e-06
5.314560000000000000e+05 2.920191304036979146e-06
5.324800000000000000e+05 2.920191304036979146e-06
5.335040000000000000e+05 2.920191304036979146e-06
5.345280000000000000e+05 2.920191304036979146e-06
5.355520000000000000e+05 2.920191304036979146e-06
5.365760000000000000e+05 2.920191304036979146e-06
5.376000000000000000e+05 2.920191304036979146e-06
5.386240000000000000e+05 2.920191304036979146e-06
5.396480000000000000e+05 2.920191304036979146e-06
5.406720000000000000e+05 2.920191304036979146e-06
5.416960000000000000e+05 2.920191304036979146e-06
5.427200000000000000e+05 2.746789433350424944e-06
5.437440000000000000e+05 2.746789433350424944e-06
5.447680000000000000e+05 2.746789433350424944e-06
5.457920000000000000e+05 2.746789433350424944e-06
5.468160000000000000e+05 2.655195403661499227e-06
5.478400000000000000e+05 2.655195403661499227e-06
5.488640000000000000e+05 2.655195403661499227e-06
5.498880000000000000e+05 2.655195403661499227e-06
5.509120000000000000e+05 2.655195403661499227e-06
5.519360000000000000e+05 2.442770400588224066e-06
5.529600000000000000e+05 2.442770400588224066e-06
5.539840000000000000e+05 2.442770400588224066e-06
5.550080000000000000e+05 2.442770400588224066e-06
5.560320000000000000e+05 2.442770400588224066e-06
5.570560000000000000e+05 2.442770400588224066e-06
5.580800000000000000e+05 2.442770400588224066e-06
5.591040000000000000e+05 2.442770400588224066e-06
5.601280000000000000e+05 2.442770400588224066e-06
5.611520000000000000e+05 2.442770400588224066e-06
5.621760000000000000e+05 1.980697047816245341e-06
5.632000000000000000e+05 1.980697047816245341e-06
5.642240000000000000e+05 1.980697047816245341e-06
5.652480000000000000e+05 1.980697047816245341e-06
5.662720000000000000e+05 1.980697047816245341e-06
5.672960000000000000e+05 1.980697047816245341e-06
5.683200000000000000e+05 1.980697047816245341e-06
5.693440000000000000e+05 1.562146915943750638e-06
5.703680000000000000e+05 1.562146915943750638e-06
5.713920000000000000e+05 1.562146915943750638e-06
5.724160000000000000e+05 1.562146915943750638e-06
5.734400000000000000e+05 1.562146915943750638e-06
5.744640000000000000e+05 1.461526415760491277e-06
5.754880000000000000e+05 1.461526415760491277e-06
5.765120000000000000e+05 1.427907243499702889e-06
5.775360000000000000e+05 1.427907243499702889e-06
5.785600000000000000e+05 9.027420880396353711e-07
5.795840000000000000e+05 8.521358162813916199e-07
5.806080000000000000e+05 8.521358162813916199e-07
5.816320000000000000e+05 4.666255157781752301e-07
5.826560000000000000e+05 4.666255157781752301e-07
5.836800000000000000e+05 4.666255157781752301e-07
5.847040000000000000e+05 4.666255157781752301e-07
5.857280000000000000e+05 4.666255157781752301e-07
5.867520000000000000e+05 4.666255157781752301e-07
5.877760000000000000e+05 4.666255157781752301e-07
5.888000000000000000e+05 4.666255157781752301e-07
5.898240000000000000e+05 4.666255157781752301e-07
5.908480000000000000e+05 4.666255157781752301e-07
5.918720000000000000e+05 4.666255157781752301e-07
5.928960000000000000e+05 4.666255157781752301e-07
5.939200000000000000e+05 4.666255157781752301e-07
5.949440000000000000e+05 4.666255157781752301e-07
5.959680000000000000e+05 4.666255157781752301e-07
5.969920000000000000e+05 4.666255157781752301e-07
5.980160000000000000e+05 4.666255157781752301e-07
5.990400000000000000e+05 4.666255157781752301e-07
6.000640000000000000e+05 4.666255157781752301e-07
6.010880000000000000e+05 3.777836261736346700e-07
6.021120000000000000e+05 3.777836261736346700e-07
6.031360000000000000e+05 3.777836261736346700e-07
6.041600000000000000e+05 3.777836261736346700e-07
6.051840000000000000e+05 3.777836261736346700e-07
6.062080000000000000e+05 3.777836261736346700e-07
6.072320000000000000e+05 3.777836261736346700e-07
6.082560000000000000e+05 3.777836261736346700e-07
6.092800000000000000e+05 3.777836261736346700e-07
6.103040000000000000e+05 3.777836261736346700e-07
6.113280000000000000e+05 3.777836261736346700e-07
6.123520000000000000e+05 3.777836261736346700e-07
6.133760000000000000e+05 3.777836261736346700e-07
6.144000000000000000e+05 3.777836261736346700e-07
6.154240000000000000e+05 3.777836261736346700e-07
6.164480000000000000e+05 3.777836261736346700e-07
6.174720000000000000e+05 3.777836261736346700e-07
6.184960000000000000e+05 3.777836261736346700e-07
6.195200000000000000e+05 3.777836261736346700e-07
6.205440000000000000e+05 3.777836261736346700e-07
6.215680000000000000e+05 3.777836261736346700e-07
6.225920000000000000e+05 3.777836261736346700e-07
6.236160000000000000e+05 3.777836261736346700e-07
6.246400000000000000e+05 2.709330188228881083e-07
6.256640000000000000e+05 2.709330188228881083e-07
6.266880000000000000e+05 2.709330188228881083e-07
6.277120000000000000e+05 2.709330188228881083e-07
6.287360000000000000e+05 2.709330188228881083e-07
6.297600000000000000e+05 2.709330188228881083e-07
6.307840000000000000e+05 2.709330188228881083e-07
6.318080000000000000e+05 2.709330188228881083e-07
6.328320000000000000e+05 2.709330188228881083e-07
6.338560000000000000e+05 2.709330188228881083e-07
6.348800000000000000e+05 1.577225452641763474e-07
6.359040000000000000e+05 1.577225452641763474e-07
6.369280000000000000e+05 1.577225452641763474e-07
6.379520000000000000e+05 1.577225452641763474e-07
6.389760000000000000e+05 1.577225452641763474e-07
6.400000000000000000e+05 1.577225452641763474e-07
6.410240000000000000e+05 1.577225452641763474e-07
6.420480000000000000e+05 1.577225452641763474e-07
6.430720000000000000e+05 1.577225452641763474e-07
6.440960000000000000e+05 1.577225452641763474e-07
6.451200000000000000e+05 1.577225452641763474e-07
6.461440000000000000e+05 1.577225452641763474e-07
6.471680000000000000e+05 1.577225452641763474e-07
6.481920000000000000e+05 1.577225452641763474e-07
6.492160000000000000e+05 1.577225452641763474e-07
6.502400000000000000e+05 1.577225452641763474e-07
6.512640000000000000e+05 1.101948026630825753e-07
6.522880000000000000e+05 1.101948026630825753e-07
6.533120000000000000e+05 1.101948026630825753e-07
6.543360000000000000e+05 1.101948026630825753e-07
6.553600000000000000e+05 1.101948026630825753e-07
6.563840000000000000e+05 1.101948026630825753e-07
6.574080000000000000e+05 1.101948026630825753e-07
6.584320000000000000e+05 1.101948026630825753e-07
6.594560000000000000e+05 1.101948026630825753e-07
6.604800000000000000e+05 5.633324349811138994e-08
6.615040000000000000e+05 5.633324349811138994e-08
6.625280000000000000e+05 5.633324349811138994e-08
6.635520000000000000e+05 5.633324349811138994e-08
6.645760000000000000e+05 5.633324349811138994e-08
6.656000000000000000e+05 5.633324349811138994e-08
6.666240000000000000e+05 5.633324349811138994e-08
6.676480000000000000e+05 5.633324349811138994e-08
6.686720000000000000e+05 5.633324349811138994e-08
6.696960000000000000e+05 5.633324349811138994e-08
6.707200000000000000e+05 5.633324349811138994e-08
6.717440000000000000e+05 5.435275904176614543e-08
6.727680000000000000e+05 5.435275904176614543e-08
6.737920000000000000e+05 5.435275904176614543e-08
6.748160000000000000e+05 5.435275904176614543e-08
6.758400000000000000e+05 5.435275904176614543e-08
6.768640000000000000e+05 5.435275904176614543e-08
6.778880000000000000e+05 5.435275904176614543e-08
6.789120000000000000e+05 5.435275904176614543e-08
6.799360000000000000e+05 5.435275904176614543e-08
6.809600000000000000e+05 5.435275904176614543e-08
6.819840000000000000e+05 5.435275904176614543e-08
6.830080000000000000e+05 5.435275904176614543e-08
6.840320000000000000e+05 5.435275904176614543e-08
6.850560000000000000e+05 5.435275904176614543e-08
6.860800000000000000e+05 2.189532873351557410e-08
6.871040000000000000e+05 2.189532873351557410e-08
6.881280000000000000e+05 2.189532873351557410e-08
6.891520000000000000e+05 2.189532873351557410e-08
6.901760000000000000e+05 2.189532873351557410e-08
6.912000000000000000e+05 2.189532873351557410e-08
6.922240000000000000e+05 2.189532873351557410e-08
6.932480000000000000e+05 2.189532873351557410e-08
6.942720000000000000e+05 2.189532873351557410e-08
6.952960000000000000e+05 2.189532873351557410e-08
6.963200000000000000e+05 2.189532873351557410e-08
6.973440000000000000e+05 2.189532873351557410e-08
6.983680000000000000e+05 2.189532873351557410e-08
6.993920000000000000e+05 2.189532873351557410e-08
7.004160000000000000e+05 2.189532873351557410e-08
7.014400000000000000e+05 2.189532873351557410e-08
7.024640000000000000e+05 2.138073839720290927e-08
7.034880000000000000e+05 2.138073839720290927e-08
7.045120000000000000e+05 2.138073839720290927e-08
7.055360000000000000e+05 2.138073839720290927e-08
7.065600000000000000e+05 2.138073839720290927e-08
7.075840000000000000e+05 2.138073839720290927e-08
7.086080000000000000e+05 2.138073839720290927e-08
7.096320000000000000e+05 2.138073839720290927e-08
7.106560000000000000e+05 2.138073839720290927e-08
7.116800000000000000e+05 2.138073839720290927e-08
7.127040000000000000e+05 2.138073839720290927e-08
7.137280000000000000e+05 2.138073839720290927e-08
7.147520000000000000e+05 2.138073839720290927e-08
7.157760000000000000e+05 2.138073839720290927e-08
7.168000000000000000e+05 2.138073839720290927e-08
7.178240000000000000e+05 2.138073839720290927e-08
7.188480000000000000e+05 2.138073839720290927e-08
7.198720000000000000e+05 1.771343418945153207e-08
7.208960000000000000e+05 1.771343418945153207e-08
7.219200000000000000e+05 1.771343418945153207e-08
7.229440000000000000e+05 1.771343418945153207e-08
7.239680000000000000e+05 1.771343418945153207e-08
7.249920000000000000e+05 1.771343418945153207e-08
7.260160000000000000e+05 1.771343418945153207e-08
7.270400000000000000e+05 1.771343418945153207e-08
7.280640000000000000e+05 1.606568964689332889e-08
7.290880000000000000e+05 1.606568964689332889e-08
7.301120000000000000e+05 1.606568964689332889e-08
7.311360000000000000e+05 1.606568964689332889e-08
7.321600000000000000e+05 1.606568964689332889e-08
7.331840000000000000e+05 1.606568964689332889e-08
7.342080000000000000e+05 1.606568964689332889e-08
7.352320000000000000e+05 1.606568964689332889e-08
7.362560000000000000e+05 1.606568964689332889e-08
7.372800000000000000e+05 1.606568964689332889e-08
7.383040000000000000e+05 1.606568964689332889e-08
7.393280000000000000e+05 1.606568964689332889e-08
7.403520000000000000e+05 1.606568964689332889e-08
7.413760000000000000e+05 1.589090739314439996e-08
7.424000000000000000e+05 1.589090739314439996e-08
7.434240000000000000e+05 1.589090739314439996e-08
7.444480000000000000e+05 1.589090739314439996e-08
7.454720000000000000e+05 1.589090739314439996e-08
7.464960000000000000e+05 1.589090739314439996e-08
7.475200000000000000e+05 1.030314492011518081e-08
7.485440000000000000e+05 1.030314492011518081e-08
7.495680000000000000e+05 1.030314492011518081e-08
7.505920000000000000e+05 9.016345395822265146e-09
7.516160000000000000e+05 9.016345395822265146e-09
7.526400000000000000e+05 7.820255922175501619e-09
7.536640000000000000e+05 7.820255922175501619e-09
7.546880000000000000e+05 7.820255922175501619e-09
7.557120000000000000e+05 7.820255922175501619e-09
7.567360000000000000e+05 7.820255922175501619e-09
7.577600000000000000e+05 7.820255922175501619e-09
7.587840000000000000e+05 7.820255922175501619e-09
7.598080000000000000e+05 7.820255922175501619e-09
7.608320000000000000e+05 7.369854934912653349e-09
7.618560000000000000e+05 7.369854934912653349e-09
7.628800000000000000e+05 7.369854934912653349e-09
7.639040000000000000e+05 7.369854934912653349e-09
7.649280000000000000e+05 7.053170505815303158e-09
7.659520000000000000e+05 6.160608370946433862e-09
7.669760000000000000e+05 6.160608370946433862e-09
7.680000000000000000e+05 6.160608370946433862e-09
7.690240000000000000e+05 5.725228665087859647e-09
7.700480000000000000e+05 5.725228665087859647e-09
7.710720000000000000e+05 5.418451821179467612e-09
7.720960000000000000e+05 5.418451821179467612e-09
7.731200000000000000e+05 5.418451821179467612e-09
7.741440000000000000e+05 5.418451821179467612e-09
7.751680000000000000e+05 5.418451821179467612e-09
7.761920000000000000e+05 5.418451821179467612e-09
7.772160000000000000e+05 4.472261443189289384e-09
7.782400000000000000e+05 4.472261443189289384e-09
7.792640000000000000e+05 4.472261443189289384e-09
7.802880000000000000e+05 3.933950492583671303e-09
7.813120000000000000e+05 3.933950492583671303e-09
7.823360000000000000e+05 3.933950492583671303e-09
7.833600000000000000e+05 3.933950492583671303e-09
7.843840000000000000e+05 3.933950492583671303e-09
7.854080000000000000e+05 3.933950492583671303e-09
7.864320000000000000e+05 3.933950492583671303e-09
7.874560000000000000e+05 3.933950492583671303e-09
7.884800000000000000e+05 3.933950492583671303e-09
7.895040000000000000e+05 3.933950492583671303e-09
7.905280000000000000e+05 3.591324323967941324e-09
7.915520000000000000e+05 3.591324323967941324e-09
7.925760000000000000e+05 3.591324323967941324e-09
7.936000000000000000e+05 3.591324323967941324e-09
7.946240000000000000e+05 3.591324323967941324e-09
7.956480000000000000e+05 2.754676625519874333e-09
7.966720000000000000e+05 2.754676625519874333e-09
7.976960000000000000e+05 2.754676625519874333e-09
7.987200000000000000e+05 2.754676625519874333e-09
7.997440000000000000e+05 2.754676625519874333e-09
8.007680000000000000e+05 2.754676625519874333e-09
8.017920000000000000e+05 2.754676625519874333e-09
8.028160000000000000e+05 2.754676625519874333e-09
8.038400000000000000e+05 2.754676625519874333e-09
8.048640000000000000e+05 2.663892850318221002e-09
8.058880000000000000e+05 2.663892850318221002e-09
8.069120000000000000e+05 2.378626635828732494e-09
8.079360000000000000e+05 2.378626635828732494e-09
8.089600000000000000e+05 2.378626635828732494e-09
8.099840000000000000e+05 2.378626635828732494e-09
8.110080000000000000e+05 2.289989053510723240e-09
8.120320000000000000e+05 2.289989053510723240e-09
8.130560000000000000e+05 2.289989053510723240e-09
8.140800000000000000e+05 2.289989053510723240e-09
8.151040000000000000e+05 2.289989053510723240e-09
8.161280000000000000e+05 1.806377228584504741e-09
8.171520000000000000e+05 1.758608498366318215e-09
8.181760000000000000e+05 1.758608498366318215e-09
8.192000000000000000e+05 1.758608498366318215e-09
8.202240000000000000e+05 1.758608498366318215e-09
8.212480000000000000e+05 1.668328709323541424e-09
8.222720000000000000e+05 1.183294850465803239e-09
8.232960000000000000e+05 1.183294850465803239e-09
8.243200000000000000e+05 1.026009628498771271e-09
8.253440000000000000e+05 1.026009628498771271e-09
8.263680000000000000e+05 1.026009628498771271e-09
8.273920000000000000e+05 1.026009628498771271e-09
8.284160000000000000e+05 1.026009628498771271e-09
8.294400000000000000e+05 1.026009628498771271e-09
8.304640000000000000e+05 1.026009628498771271e-09
8.314880000000000000e+05 1.026009628498771271e-09
8.325120000000000000e+05 1.026009628498771271e-09
8.335360000000000000e+05 1.026009628498771271e-09
8.345600000000000000e+05 1.026009628498771271e-09
8.355840000000000000e+05 1.026009628498771271e-09
8.366080000000000000e+05 1.026009628498771271e-09
8.376320000000000000e+05 1.026009628498771271e-09
8.386560000000000000e+05 1.026009628498771271e-09
8.396800000000000000e+05 1.026009628498771271e-09
8.407040000000000000e+05 1.026009628498771271e-09
8.417280000000000000e+05 8.505024647507917084e-10
8.427520000000000000e+05 8.505024647507917084e-10
8.437760000000000000e+05 7.165951269558134307e-10
8.448000000000000000e+05 7.165951269558134307e-10
8.458240000000000000e+05 7.165951269558134307e-10
8.468480000000000000e+05 7.165951269558134307e-10
8.478720000000000000e+05 7.165951269558134307e-10
8.488960000000000000e+05 7.165951269558134307e-10
8.499200000000000000e+05 7.165951269558134307e-10
8.509440000000000000e+05 7.165951269558134307e-10
8.519680000000000000e+05 7.165951269558134307e-10
8.529920000000000000e+05 7.165951269558134307e-10
8.540160000000000000e+05 7.165951269558134307e-10
8.550400000000000000e+05 7.165951269558134307e-10
8.560640000000000000e+05 7.165951269558134307e-10
8.570880000000000000e+05 7.165951269558134307e-10
8.581120000000000000e+05 7.165951269558134307e-10
8.591360000000000000e+05 7.042801798368937841e-10
8.601600000000000000e+05 4.335019538744386159e-10
8.611840000000000000e+05 4.335019538744386159e-10
8.622080000000000000e+05 3.105480065383621028e-10
8.632320000000000000e+05 3.105480065383621028e-10
8.642560000000000000e+05 3.105480065383621028e-10
8.652800000000000000e+05 3.105480065383621028e-10
8.663040000000000000e+05 3.105480065383621028e-10
8.673280000000000000e+05 3.105480065383621028e-10
8.683520000000000000e+05 3.105480065383621028e-10
8.693760000000000000e+05 3.105480065383621028e-10
8.704000000000000000e+05 3.105480065383621028e-10
8.714240000000000000e+05 3.105480065383621028e-10
8.724480000000000000e+05 3.105480065383621028e-10
8.734720000000000000e+05 3.105480065383621028e-10
8.744960000000000000e+05 3.105480065383621028e-10
8.755200000000000000e+05 3.105480065383621028e-10
8.765440000000000000e+05 3.105480065383621028e-10
8.775680000000000000e+05 3.105480065383621028e-10
8.785920000000000000e+05 3.105480065383621028e-10
8.796160000000000000e+05 3.105480065383621028e-10
8.806400000000000000e+05 3.105480065383621028e-10
8.816640000000000000e+05 1.394816822723605074e-10
8.826880000000000000e+05 1.394816822723605074e-10
8.837120000000000000e+05 1.394816822723605074e-10
8.847360000000000000e+05 1.394816822723605074e-10
8.857600000000000000e+05 1.394816822723605074e-10
8.867840000000000000e+05 1.394816822723605074e-10
8.878080000000000000e+05 1.394816822723605074e-10
8.888320000000000000e+05 1.394816822723605074e-10
8.898560000000000000e+05 1.394816822723605074e-10
8.908800000000000000e+05 1.394816822723605074e-10
8.919040000000000000e+05 1.144297827947674913e-10
8.929280000000000000e+05 1.144297827947674913e-10
8.939520000000000000e+05 1.144297827947674913e-10
8.949760000000000000e+05 1.144297827947674913e-10
8.960000000000000000e+05 1.144297827947674913e-10
8.970240000000000000e+05 1.144297827947674913e-10
8.980480000000000000e+05 1.144297827947674913e-10
8.990720000000000000e+05 1.144297827947674913e-10
9.000960000000000000e+05 1.144297827947674913e-10
9.011200000000000000e+05 1.144297827947674913e-10
9.021440000000000000e+05 1.144297827947674913e-10
9.031680000000000000e+05 1.144297827947674913e-10
9.041920000000000000e+05 1.144297827947674913e-10
9.052160000000000000e+05 1.144297827947674913e-10
9.062400000000000000e+05 1.144297827947674913e-10
9.072640000000000000e+05 1.144297827947674913e-10
9.082880000000000000e+05 1.144297827947674913e-10
9.093120000000000000e+05 1.144297827947674913e-10
9.103360000000000000e+05 1.144297827947674913e-10
9.113600000000000000e+05 1.144297827947674913e-10
9.123840000000000000e+05 1.144297827947674913e-10
9.134080000000000000e+05 1.144297827947674913e-10
9.144320000000000000e+05 1.115922001609146913e-10
9.154560000000000000e+05 9.015658023520639544e-11
9.164800000000000000e+05 9.015658023520639544e-11
9.175040000000000000e+05 9.015658023520639544e-11
9.185280000000000000e+05 9.015658023520639544e-11
9.195520000000000000e+05 9.015658023520639544e-11
9.205760000000000000e+05 8.102482005872385115e-11
9.216000000000000000e+05 8.102482005872385115e-11
9.226240000000000000e+05 8.102482005872385115e-11
9.236480000000000000e+05 8.102482005872385115e-11
9.246720000000000000e+05 7.702944164399679843e-11
9.256960000000000000e+05 7.702944164399679843e-11
9.267200000000000000e+05 5.215455267121794372e-11
9.277440000000000000e+05 5.215455267121794372e-11
9.287680000000000000e+05 5.215455267121794372e-11
9.297920000000000000e+05 4.658496934725667165e-11
9.308160000000000000e+05 4.658496934725667165e-11
9.318400000000000000e+05 4.658496934725667165e-11
9.328640000000000000e+05 4.658496934725667165e-11
9.338880000000000000e+05 4.076286753687274643e-11
9.349120000000000000e+05 4.076286753687274643e-11
9.359360000000000000e+05 4.076286753687274643e-11
9.369600000000000000e+05 4.076286753687274643e-11
9.379840000000000000e+05 4.076286753687274643e-11
9.390080000000000000e+05 4.076286753687274643e-11
9.400320000000000000e+05 4.076286753687274643e-11
9.410560000000000000e+05 4.076286753687274643e-11
9.420800000000000000e+05 4.076286753687274643e-11
9.431040000000000000e+05 4.076286753687274643e-11
9.441280000000000000e+05 3.220002481868905774e-11
9.451520000000000000e+05 3.220002481868905774e-11
9.461760000000000000e+05 3.220002481868905774e-11
9.472000000000000000e+05 3.220002481868905774e-11
9.482240000000000000e+05 3.220002481868905774e-11
9.492480000000000000e+05 2.529607218378688208e-11
9.502720000000000000e+05 2.529607218378688208e-11
9.512960000000000000e+05 2.529607218378688208e-11
9.523200000000000000e+05 2.187788188383770989e-11
9.533440000000000000e+05 2.187788188383770989e-11
9.543680000000000000e+05 2.187788188383770989e-11
9.553920000000000000e+05 2.187788188383770989e-11
9.564160000000000000e+05 2.187788188383770989e-11
9.574400000000000000e+05 2.187788188383770989e-11
9.584640000000000000e+05 2.187788188383770989e-11
9.594880000000000000e+05 2.187788188383770989e-11
9.605120000000000000e+05 2.167948213684072903e-11
9.615360000000000000e+05 2.167948213684072903e-11
9.625600000000000000e+05 2.167948213684072903e-11
9.635840000000000000e+05 2.167948213684072903e-11
9.646080000000000000e+05 2.167948213684072903e-11
9.656320000000000000e+05 2.167948213684072903e-11
9.666560000000000000e+05 2.167948213684072903e-11
9.676800000000000000e+05 2.167948213684072903e-11
9.687040000000000000e+05 1.327810623384236657e-11
9.697280000000000000e+05 1.327810623384236657e-11
9.707520000000000000e+05 1.327810623384236657e-11
9.717760000000000000e+05 1.131238777050028807e-11
9.728000000000000000e+05 1.131238777050028807e-11
9.738240000000000000e+05 1.131238777050028807e-11
9.748480000000000000e+05 1.131238777050028807e-11
9.758720000000000000e+05 1.131238777050028807e-11
9.768960000000000000e+05 1.131238777050028807e-11
9.779200000000000000e+05 1.131238777050028807e-11
9.789440000000000000e+05 1.131238777050028807e-11
9.799680000000000000e+05 1.131238777050028807e-11
9.809920000000000000e+05 1.045005787965207870e-11
9.820160000000000000e+05 1.045005787965207870e-11
9.830400000000000000e+05 1.045005787965207870e-11
9.840640000000000000e+05 1.045005787965207870e-11
9.850880000000000000e+05 1.045005787965207870e-11
9.861120000000000000e+05 1.045005787965207870e-11
9.871360000000000000e+05 1.045005787965207870e-11
9.881600000000000000e+05 1.045005787965207870e-11
9.891840000000000000e+05 1.045005787965207870e-11
9.902080000000000000e+05 1.045005787965207870e-11
9.912320000000000000e+05 1.045005787965207870e-11
9.922560000000000000e+05 1.045005787965207870e-11
9.932800000000000000e+05 1.045005787965207870e-11
9.943040000000000000e+05 9.941833253591896217e-12
9.953280000000000000e+05 9.941833253591896217e-12
9.963520000000000000e+05 4.933893596748747771e-12
9.973760000000000000e+05 4.933893596748747771e-12
9.984000000000000000e+05 4.933893596748747771e-12
9.994240000000000000e+05 4.933893596748747771e-12
1.000448000000000000e+06 4.933893596748747771e-12
