1.024000000000000000e+03 1.379238466193173362e-01
2.048000000000000000e+03 1.379238466193173362e-01
3.072000000000000000e+03 1.379238466193173362e-01
4.096000000000000000e+03 1.379238466193173362e-01
5.120000000000000000e+03 6.128739987536471756e-02
6.144000000000000000e+03 5.497365862583289409e-02
7.168000000000000000e+03 3.048024598563557619e-02
8.192000000000000000e+03 3.048024598563557619e-02
9.216000000000000000e+03 3.048024598563557619e-02
1.024000000000000000e+04 3.048024598563557619e-02
1.126400000000000000e+04 3.048024598563557619e-02
1.228800000000000000e+04 3.048024598563557619e-02
1.331200000000000000e+04 3.048024598563557619e-02
1.433600000000000000e+04 3.048024598563557619e-02
1.536000000000000000e+04 3.048024598563557619e-02
1.638400000000000000e+04 3.048024598563557619e-02
1.740800000000000000e+04 3.048024598563557619e-02
1.843200000000000000e+04 6.524651379466751659e-03
1.945600000000000000e+04 6.524651379466751659e-03
2.048000000000000000e+04 6.524651379466751659e-03
2.150400000000000000e+04 6.524651379466751659e-03
2.252800000000000000e+04 6.524651379466751659e-03
2.355200000000000000e+04 1.665457092254103190e-03
2.457600000000000000e+04 1.665457092254103190e-03
2.560000000000000000e+04 1.665457092254103190e-03
2.662400000000000000e+04 1.665457092254103190e-03
2.764800000000000000e+04 1.665457092254103190e-03
2.867200000000000000e+04 1.665457092254103190e-03
2.969600000000000000e+04 1.665457092254103190e-03
3.072000000000000000e+04 1.665457092254103190e-03
3.174400000000000000e+04 1.665457092254103190e-03
3.276800000000000000e+04 1.665457092254103190e-03
3.379200000000000000e+04 7.471460019498846628e-05
3.481600000000000000e+04 7.471460019498846628e-05
3.584000000000000000e+04 7.471460019498846628e-05
3.686400000000000000e+04 7.471460019498846628e-05
3.788800000000000000e+04 7.471460019498846628e-05
3.891200000000000000e+04 7.471460019498846628e-05
3.993600000000000000e+04 7.471460019498846628e-05
4.096000000000000000e+04 7.471460019498846628e-05
4.198400000000000000e+04 7.471460019498846628e-05
4.300800000000000000e+04 7.471460019498846628e-05
4.403200000000000000e+04 4.089351041306519641e-05
4.505600000000000000e+04 4.089351041306519641e-05
4.608000000000000000e+04 4.089351041306519641e-05
4.710400000000000000e+04 4.089351041306519641e-05
4.812800000000000000e+04 4.089351041306519641e-05
4.915200000000000000e+04 4.089351041306519641e-05
5.017600000000000000e+04 4.089351041306519641e-05
5.120000000000000000e+04 4.089351041306519641e-05
5.222400000000000000e+04 1.236640848825618021e-05
5.324800000000000000e+04 1.236640848825618021e-05
5.427200000000000000e+04 1.236640848825618021e-05
5.529600000000000000e+04 1.236640848825618021e-05
5.632000000000000000e+04 1.236640848825618021e-05
5.734400000000000000e+04 1.236640848825618021e-05
5.836800000000000000e+04 1.462797293670954938e-06
5.939200000000000000e+04 1.462797293670954938e-06
6.041600000000000000e+04 1.462797293670954938e-06
6.144000000000000000e+04 3.044353948537658128e-07
6.246400000000000000e+04 3.044353948537658128e-07
6.348800000000000000e+04 3.044353948537658128e-07
6.451200000000000000e+04 3.044353948537658128e-07
6.553600000000000000e+04 1.401863502024166623e-07
6.656000000000000000e+04 1.401863502024166623e-07
6.758400000000000000e+04 3.632922524508025109e-08
6.860800000000000000e+04 3.632922524508025109e-08
6.963200000000000000e+04 3.632922524508025109e-08
7.065600000000000000e+04 3.632922524508025109e-08
7.168000000000000000e+04 8.626238038429598991e-09
7.270400000000000000e+04 8.626238038429598991e-09
7.372800000000000000e+04 8.626238038429598991e-09
7.475200000000000000e+04 8.626238038429598991e-09
7.577600000000000000e+04 7.321516808217272566e-10
7.680000000000000000e+04 7.321516808217272566e-10
7.782400000000000000e+04 6.863260571445803549e-10
7.884800000000000000e+04 6.863260571445803549e-10
7.987200000000000000e+04 3.787030358097694129e-10
8.089600000000000000e+04 3.787030358097694129e-10
8.192000000000000000e+04 3.787030358097694129e-10
8.294400000000000000e+04 3.787030358097694129e-10
8.396800000000000000e+04 5.612234168517585099e-11
8.499200000000000000e+04 5.612234168517585099e-11
8.601600000000000000e+04 1.661931523939106331e-11
8.704000000000000000e+04 9.047526334524055508e-14
8.806400000000000000e+04 9.047526334524055508e-14
8.908800000000000000e+04 9.047526334524055508e-14
9.011200000000000000e+04 9.047526334524055508e-14
9.113600000000000000e+04 9.047526334524055508e-14
9.216000000000000000e+04 9.047526334524055508e-14
9.318400000000000000e+04 9.047526334524055508e-14
9.420800000000000000e+04 9.047526334524055508e-14
9.523200000000000000e+04 9.047526334524055508e-14
9.625600000000000000e+04 9.047526334524055508e-14
9.728000000000000000e+04 9.047526334524055508e-14
9.830400000000000000e+04 9.047526334524055508e-14
9.932800000000000000e+04 9.047526334524055508e-14
1.003520000000000000e+05 9.047526334524055508e-14
