1.024000000000000000e+03 1.363717367625169263e+00
2.048000000000000000e+03 1.363717367625169263e+00
3.072000000000000000e+03 7.524838782053336894e-01
4.096000000000000000e+03 7.524838782053336894e-01
5.120000000000000000e+03 1.468044756370318893e-01
6.144000000000000000e+03 1.266841950316559273e-01
7.168000000000000000e+03 1.266841950316559273e-01
8.192000000000000000e+03 6.103297947174761429e-02
9.216000000000000000e+03 6.103297947174761429e-02
1.024000000000000000e+04 6.103297947174761429e-02
1.126400000000000000e+04 6.103297947174761429e-02
1.228800000000000000e+04 6.103297947174761429e-02
1.331200000000000000e+04 6.103297947174761429e-02
1.433600000000000000e+04 5.288519310619731531e-03
1.536000000000000000e+04 5.288519310619731531e-03
1.638400000000000000e+04 5.288519310619731531e-03
1.740800000000000000e+04 5.288519310619731531e-03
1.843200000000000000e+04 5.288519310619731531e-03
1.945600000000000000e+04 5.288519310619731531e-03
2.048000000000000000e+04 5.288519310619731531e-03
2.150400000000000000e+04 5.288519310619731531e-03
2.252800000000000000e+04 5.288519310619731531e-03
2.355200000000000000e+04 5.288519310619731531e-03
2.457600000000000000e+04 5.288519310619731531e-03
2.560000000000000000e+04 5.288519310619731531e-03
2.662400000000000000e+04 5.288519310619731531e-03
2.764800000000000000e+04 5.288519310619731531e-03
2.867200000000000000e+04 5.288519310619731531e-03
2.969600000000000000e+04 5.288519310619731531e-03
3.072000000000000000e+04 5.195889718558490029e-03
3.174400000000000000e+04 5.195889718558490029e-03
3.276800000000000000e+04 5.001474985821817085e-03
3.379200000000000000e+04 3.285142246413769174e-03
3.481600000000000000e+04 3.285142246413769174e-03
3.584000000000000000e+04 3.285142246413769174e-03
3.686400000000000000e+04 7.907102615112495281e-04
3.788800000000000000e+04 6.575781070320090135e-05
3.891200000000000000e+04 6.575781070320090135e-05
3.993600000000000000e+04 6.575781070320090135e-05
4.096000000000000000e+04 6.575781070320090135e-05
4.198400000000000000e+04 6.575781070320090135e-05
4.300800000000000000e+04 6.575781070320090135e-05
4.403200000000000000e+04 6.575781070320090135e-05
4.505600000000000000e+04 6.575781070320090135e-05
4.608000000000000000e+04 6.575781070320090135e-05
4.710400000000000000e+04 6.575781070320090135e-05
4.812800000000000000e+04 7.150825387137350711e-06
4.915200000000000000e+04 7.150825387137350711e-06
5.017600000000000000e+04 7.150825387137350711e-06
5.120000000000000000e+04 6.033852576056012458e-06
5.222400000000000000e+04 6.033852576056012458e-06
5.324800000000000000e+04 6.033852576056012458e-06
5.427200000000000000e+04 1.256670799794483476e-06
5.529600000000000000e+04 1.256670799794483476e-06
5.632000000000000000e+04 1.256670799794483476e-06
5.734400000000000000e+04 5.384324390519788562e-07
5.836800000000000000e+04 5.384324390519788562e-07
5.939200000000000000e+04 4.262028827896246179e-07
6.041600000000000000e+04 4.262028827896246179e-07
6.144000000000000000e+04 4.262028827896246179e-07
6.246400000000000000e+04 4.297267727067370280e-08
6.348800000000000000e+04 4.297267727067370280e-08
6.451200000000000000e+04 4.297267727067370280e-08
6.553600000000000000e+04 4.297267727067370280e-08
6.656000000000000000e+04 4.297267727067370280e-08
6.758400000000000000e+04 4.297267727067370280e-08
6.860800000000000000e+04 3.853472587351408303e-09
6.963200000000000000e+04 3.853472587351408303e-09
7.065600000000000000e+04 3.853472587351408303e-09
7.168000000000000000e+04 3.853472587351408303e-09
7.270400000000000000e+04 3.853472587351408303e-09
7.372800000000000000e+04 3.853472587351408303e-09
7.475200000000000000e+04 2.899274872662632394e-09
7.577600000000000000e+04 2.899274872662632394e-09
7.680000000000000000e+04 2.899274872662632394e-09
7.782400000000000000e+04 1.920588683045384742e-09
7.884800000000000000e+04 2.937170407055841242e-10
7.987200000000000000e+04 2.937170407055841242e-10
8.089600000000000000e+04 2.937170407055841242e-10
8.192000000000000000e+04 1.086669064109036450e-11
8.294400000000000000e+04 1.086669064109036450e-11
8.396800000000000000e+04 1.086669064109036450e-11
8.499200000000000000e+04 1.086669064109036450e-11
8.601600000000000000e+04 1.086669064109036450e-11
8.704000000000000000e+04 8.233054408966914971e-12
8.806400000000000000e+04 5.492732025762762024e-13
8.908800000000000000e+04 5.492732025762762024e-13
9.011200000000000000e+04 5.492732025762762024e-13
9.113600000000000000e+04 6.856272007808331052e-14
9.216000000000000000e+04 6.856272007808331052e-14
9.318400000000000000e+04 6.856272007808331052e-14
9.420800000000000000e+04 6.856272007808331052e-14
9.523200000000000000e+04 6.856272007808331052e-14
9.625600000000000000e+04 6.856272007808331052e-14
9.728000000000000000e+04 6.856272007808331052e-14
9.830400000000000000e+04 6.856272007808331052e-14
9.932800000000000000e+04 6.856272007808331052e-14
1.003520000000000000e+05 1.640554351402972445e-14
