1.024000000000000000e+03 3.730838945445391630e-01
2.048000000000000000e+03 2.032281159411318538e-01
3.072000000000000000e+03 2.032281159411318538e-01
4.096000000000000000e+03 1.119080708898060467e-01
5.120000000000000000e+03 1.119080708898060467e-01
6.144000000000000000e+03 3.517528685713855463e-02
7.168000000000000000e+03 3.517528685713855463e-02
8.192000000000000000e+03 3.517528685713855463e-02
9.216000000000000000e+03 3.517528685713855463e-02
1.024000000000000000e+04 3.517528685713855463e-02
1.126400000000000000e+04 3.517528685713855463e-02
1.228800000000000000e+04 3.517528685713855463e-02
1.331200000000000000e+04 3.517528685713855463e-02
1.433600000000000000e+04 3.708038455263933195e-03
1.536000000000000000e+04 3.708038455263933195e-03
1.638400000000000000e+04 3.708038455263933195e-03
1.740800000000000000e+04 3.708038455263933195e-03
1.843200000000000000e+04 3.708038455263933195e-03
1.945600000000000000e+04 3.708038455263933195e-03
2.048000000000000000e+04 3.708038455263933195e-03
2.150400000000000000e+04 3.708038455263933195e-03
2.252800000000000000e+04 3.708038455263933195e-03
2.355200000000000000e+04 3.708038455263933195e-03
2.457600000000000000e+04 3.708038455263933195e-03
2.560000000000000000e+04 3.708038455263933195e-03
2.662400000000000000e+04 1.979880127586895310e-03
2.764800000000000000e+04 1.327166947800103225e-03
2.867200000000000000e+04 1.327166947800103225e-03
2.969600000000000000e+04 1.327166947800103225e-03
3.072000000000000000e+04 1.327166947800103225e-03
3.174400000000000000e+04 1.327166947800103225e-03
3.276800000000000000e+04 1.327166947800103225e-03
3.379200000000000000e+04 1.327166947800103225e-03
3.481600000000000000e+04 1.327166947800103225e-03
3.584000000000000000e+04 1.327166947800103225e-03
3.686400000000000000e+04 1.327166947800103225e-03
3.788800000000000000e+04 1.178712602819015354e-03
3.891200000000000000e+04 1.178712602819015354e-03
3.993600000000000000e+04 3.200433887971382003e-04
4.096000000000000000e+04 3.200433887971382003e-04
4.198400000000000000e+04 3.200433887971382003e-04
4.300800000000000000e+04 3.200433887971382003e-04
4.403200000000000000e+04 3.200433887971382003e-04
4.505600000000000000e+04 3.200433887971382003e-04
4.608000000000000000e+04 2.450481938480561397e-04
4.710400000000000000e+04 8.089728348990716232e-05
4.812800000000000000e+04 7.083351514976163864e-05
4.915200000000000000e+04 7.083351514976163864e-05
5.017600000000000000e+04 7.083351514976163864e-05
5.120000000000000000e+04 7.083351514976163864e-05
5.222400000000000000e+04 7.083351514976163864e-05
5.324800000000000000e+04 3.224455059280574169e-05
5.427200000000000000e+04 2.692532503365783629e-05
5.529600000000000000e+04 2.692532503365783629e-05
5.632000000000000000e+04 1.205715684060147691e-05
5.734400000000000000e+04 2.000466990708073439e-06
5.836800000000000000e+04 2.000466990708073439e-06
5.939200000000000000e+04 2.000466990708073439e-06
6.041600000000000000e+04 2.000466990708073439e-06
6.144000000000000000e+04 1.704094039728373579e-06
6.246400000000000000e+04 1.704094039728373579e-06
6.348800000000000000e+04 7.794427605356531569e-07
6.451200000000000000e+04 7.258435074408724528e-07
6.553600000000000000e+04 7.258435074408724528e-07
6.656000000000000000e+04 4.949757462692433948e-09
6.758400000000000000e+04 4.949757462692433948e-09
6.860800000000000000e+04 4.949757462692433948e-09
6.963200000000000000e+04 4.949757462692433948e-09
7.065600000000000000e+04 4.949757462692433948e-09
7.168000000000000000e+04 4.949757462692433948e-09
7.270400000000000000e+04 4.949757462692433948e-09
7.372800000000000000e+04 4.949757462692433948e-09
7.475200000000000000e+04 2.213174978993111065e-09
7.577600000000000000e+04 2.213174978993111065e-09
7.680000000000000000e+04 1.175086045671504170e-09
7.782400000000000000e+04 1.175086045671504170e-09
7.884800000000000000e+04 5.400133503219548371e-10
7.987200000000000000e+04 5.400133503219548371e-10
8.089600000000000000e+04 5.400133503219548371e-10
8.192000000000000000e+04 5.400133503219548371e-10
8.294400000000000000e+04 8.926805747119753126e-11
8.396800000000000000e+04 8.926805747119753126e-11
8.499200000000000000e+04 8.926805747119753126e-11
8.601600000000000000e+04 8.926805747119753126e-11
8.704000000000000000e+04 8.926805747119753126e-11
8.806400000000000000e+04 8.926805747119753126e-11
8.908800000000000000e+04 8.926805747119753126e-11
9.011200000000000000e+04 8.926805747119753126e-11
9.113600000000000000e+04 2.214838600119363254e-11
9.216000000000000000e+04 2.214838600119363254e-11
9.318400000000000000e+04 8.884467410900696296e-13
9.420800000000000000e+04 8.884467410900696296e-13
9.523200000000000000e+04 8.884467410900696296e-13
9.625600000000000000e+04 8.738681840488258353e-13
9.728000000000000000e+04 8.738681840488258353e-13
9.830400000000000000e+04 8.738681840488258353e-13
9.932800000000000000e+04 4.719222846360906731e-13
1.003520000000000000e+05 2.884761437261265134e-13
