1.024000000000000000e+03 1.144586139068443364e-01
2.048000000000000000e+03 1.144586139068443364e-01
3.072000000000000000e+03 1.144586139068443364e-01
4.096000000000000000e+03 1.144586139068443364e-01
5.120000000000000000e+03 1.144586139068443364e-01
6.144000000000000000e+03 9.413885004208322194e-02
7.168000000000000000e+03 3.804838047365742548e-02
8.192000000000000000e+03 3.804838047365742548e-02
9.216000000000000000e+03 3.804838047365742548e-02
1.024000000000000000e+04 3.804838047365742548e-02
1.126400000000000000e+04 3.804838047365742548e-02
1.228800000000000000e+04 3.804838047365742548e-02
1.331200000000000000e+04 3.804838047365742548e-02
1.433600000000000000e+04 2.180654720367000178e-03
1.536000000000000000e+04 2.180654720367000178e-03
1.638400000000000000e+04 2.180654720367000178e-03
1.740800000000000000e+04 2.180654720367000178e-03
1.843200000000000000e+04 2.180654720367000178e-03
1.945600000000000000e+04 2.180654720367000178e-03
2.048000000000000000e+04 2.180654720367000178e-03
2.150400000000000000e+04 2.180654720367000178e-03
2.252800000000000000e+04 2.180654720367000178e-03
2.355200000000000000e+04 2.180654720367000178e-03
2.457600000000000000e+04 2.180654720367000178e-03
2.560000000000000000e+04 2.180654720367000178e-03
2.662400000000000000e+04 2.180654720367000178e-03
2.764800000000000000e+04 2.180654720367000178e-03
2.867200000000000000e+04 2.180654720367000178e-03
2.969600000000000000e+04 2.180654720367000178e-03
3.072000000000000000e+04 2.180654720367000178e-03
3.174400000000000000e+04 2.180654720367000178e-03
3.276800000000000000e+04 2.180654720367000178e-03
3.379200000000000000e+04 2.180654720367000178e-03
3.481600000000000000e+04 2.180654720367000178e-03
3.584000000000000000e+04 2.180654720367000178e-03
3.686400000000000000e+04 2.180654720367000178e-03
3.788800000000000000e+04 2.180654720367000178e-03
3.891200000000000000e+04 2.180654720367000178e-03
3.993600000000000000e+04 3.357166662782588113e-04
4.096000000000000000e+04 3.357166662782588113e-04
4.198400000000000000e+04 3.357166662782588113e-04
4.300800000000000000e+04 3.357166662782588113e-04
4.403200000000000000e+04 3.357166662782588113e-04
4.505600000000000000e+04 3.357166662782588113e-04
4.608000000000000000e+04 1.068398067332867660e-04
4.710400000000000000e+04 1.068398067332867660e-04
4.812800000000000000e+04 1.068398067332867660e-04
4.915200000000000000e+04 1.068398067332867660e-04
5.017600000000000000e+04 1.801571877099518266e-05
5.120000000000000000e+04 1.801571877099518266e-05
5.222400000000000000e+04 1.801571877099518266e-05
5.324800000000000000e+04 1.801571877099518266e-05
5.427200000000000000e+04 1.801571877099518266e-05
5.529600000000000000e+04 4.141715278472004268e-06
5.632000000000000000e+04 4.141715278472004268e-06
5.734400000000000000e+04 4.141715278472004268e-06
5.836800000000000000e+04 4.141715278472004268e-06
5.939200000000000000e+04 4.141715278472004268e-06
6.041600000000000000e+04 2.153685035970463700e-06
6.144000000000000000e+04 4.257141311227843294e-07
6.246400000000000000e+04 4.257141311227843294e-07
6.348800000000000000e+04 4.257141311227843294e-07
6.451200000000000000e+04 4.257141311227843294e-07
6.553600000000000000e+04 5.816127964526973238e-08
6.656000000000000000e+04 5.816127964526973238e-08
6.758400000000000000e+04 5.039856045277082661e-08
6.860800000000000000e+04 5.039856045277082661e-08
6.963200000000000000e+04 5.039856045277082661e-08
7.065600000000000000e+04 9.655598029681882203e-09
7.168000000000000000e+04 7.439807832660243277e-10
7.270400000000000000e+04 7.439807832660243277e-10
7.372800000000000000e+04 7.439807832660243277e-10
7.475200000000000000e+04 7.439807832660243277e-10
7.577600000000000000e+04 7.439807832660243277e-10
7.680000000000000000e+04 7.439807832660243277e-10
7.782400000000000000e+04 7.439807832660243277e-10
7.884800000000000000e+04 7.439807832660243277e-10
7.987200000000000000e+04 7.439807832660243277e-10
8.089600000000000000e+04 7.439807832660243277e-10
8.192000000000000000e+04 7.439807832660243277e-10
8.294400000000000000e+04 4.593408128769915330e-10
8.396800000000000000e+04 5.319303658266274769e-11
8.499200000000000000e+04 5.319303658266274769e-11
8.601600000000000000e+04 5.319303658266274769e-11
8.704000000000000000e+04 5.319303658266274769e-11
8.806400000000000000e+04 5.319303658266274769e-11
8.908800000000000000e+04 1.093700455252780352e-11
9.011200000000000000e+04 1.093700455252780352e-11
9.113600000000000000e+04 1.093700455252780352e-11
9.216000000000000000e+04 6.996018448260052062e-12
9.318400000000000000e+04 6.996018448260052062e-12
9.420800000000000000e+04 4.339602046621789713e-12
9.523200000000000000e+04 1.534618469511903120e-12
9.625600000000000000e+04 8.667542061851245053e-13
9.728000000000000000e+04 2.831503459666741593e-13
9.830400000000000000e+04 2.831503459666741593e-13
9.932800000000000000e+04 2.831503459666741593e-13
1.003520000000000000e+05 2.831503459666741593e-13
