6.400000000000000000e+01 3.703409086744289258e-01
1.280000000000000000e+02 1.219686796629251557e-01
1.920000000000000000e+02 1.133951964447451888e-01
2.560000000000000000e+02 9.986473329799419596e-02
3.200000000000000000e+02 3.546252734575025545e-02
3.840000000000000000e+02 3.546252734575025545e-02
4.480000000000000000e+02 3.546252734575025545e-02
5.120000000000000000e+02 2.056164689255626787e-02
5.760000000000000000e+02 1.176780696990080075e-02
6.400000000000000000e+02 1.176780696990080075e-02
7.040000000000000000e+02 1.176780696990080075e-02
7.680000000000000000e+02 1.176780696990080075e-02
8.320000000000000000e+02 2.098494403476402689e-03
8.960000000000000000e+02 2.098494403476402689e-03
9.600000000000000000e+02 2.098494403476402689e-03
1.024000000000000000e+03 3.538654813470761039e-04
1.088000000000000000e+03 1.033137150812749874e-04
1.152000000000000000e+03 1.033137150812749874e-04
1.216000000000000000e+03 1.033137150812749874e-04
1.280000000000000000e+03 6.407156313498314716e-05
1.344000000000000000e+03 2.522544149180632261e-05
1.408000000000000000e+03 2.522544149180632261e-05
1.472000000000000000e+03 1.987088279818057668e-05
1.536000000000000000e+03 1.871037023165264963e-05
1.600000000000000000e+03 2.046184381676795822e-06
1.664000000000000000e+03 2.046184381676795822e-06
1.728000000000000000e+03 3.165888574464186969e-08
1.792000000000000000e+03 3.165888574464186969e-08
1.856000000000000000e+03 3.165888574464186969e-08
1.920000000000000000e+03 3.165888574464186969e-08
1.984000000000000000e+03 3.165888574464186969e-08
2.048000000000000000e+03 3.165888574464186969e-08
2.112000000000000000e+03 3.165888574464186969e-08
2.176000000000000000e+03 3.165888574464186969e-08
2.240000000000000000e+03 1.468892570124029233e-08
2.304000000000000000e+03 1.468892570124029233e-08
2.368000000000000000e+03 1.468892570124029233e-08
2.432000000000000000e+03 1.468892570124029233e-08
2.496000000000000000e+03 1.468892570124029233e-08
2.560000000000000000e+03 1.704535603209610737e-09
2.624000000000000000e+03 1.039188948174185826e-09
2.688000000000000000e+03 1.039188948174185826e-09
2.752000000000000000e+03 1.039188948174185826e-09
2.816000000000000000e+03 1.039188948174185826e-09
2.880000000000000000e+03 1.934070014685629348e-11
2.944000000000000000e+03 1.934070014685629348e-11
3.008000000000000000e+03 1.934070014685629348e-11
3.072000000000000000e+03 1.934070014685629348e-11
3.136000000000000000e+03 1.934070014685629348e-11
3.200000000000000000e+03 1.934070014685629348e-11
3.264000000000000000e+03 1.721627723617535087e-11
3.328000000000000000e+03 1.714728459745363580e-12
3.392000000000000000e+03 1.714728459745363580e-12
3.456000000000000000e+03 1.714728459745363580e-12
3.520000000000000000e+03 1.714728459745363580e-12
3.584000000000000000e+03 1.714728459745363580e-12
3.648000000000000000e+03 1.473308141922525633e-12
3.712000000000000000e+03 1.473308141922525633e-12
3.776000000000000000e+03 3.743109836902738943e-13
3.840000000000000000e+03 2.567029327505359563e-13
3.904000000000000000e+03 2.567029327505359563e-13
3.968000000000000000e+03 2.643433948465796058e-14
4.032000000000000000e+03 2.643433948465796058e-14
4.096000000000000000e+03 2.643433948465796058e-14
4.160000000000000000e+03 2.643433948465796058e-14
4.224000000000000000e+03 1.923987254605498345e-14
4.288000000000000000e+03 1.923987254605498345e-14
4.352000000000000000e+03 3.701425830914962035e-16
4.416000000000000000e+03 3.701425830914962035e-16
4.480000000000000000e+03 3.701425830914962035e-16
4.544000000000000000e+03 3.701425830914962035e-16
4.608000000000000000e+03 3.701425830914962035e-16
4.672000000000000000e+03 3.701425830914962035e-16
4.736000000000000000e+03 3.701425830914962035e-16
4.800000000000000000e+03 2.749641836507853792e-16
4.864000000000000000e+03 6.646357202356656577e-17
4.928000000000000000e+03 6.646357202356656577e-17
4.992000000000000000e+03 5.857623997367231588e-17
5.056000000000000000e+03 5.857623997367231588e-17
5.120000000000000000e+03 2.158054420795622713e-17
5.184000000000000000e+03 2.158054420795622713e-17
5.248000000000000000e+03 2.158054420795622713e-17
5.312000000000000000e+03 2.158054420795622713e-17
5.376000000000000000e+03 9.862601070311155245e-18
5.440000000000000000e+03 7.858170211047718463e-18
5.504000000000000000e+03 5.072679922978953571e-18
5.568000000000000000e+03 4.601683955331763561e-18
5.632000000000000000e+03 3.650159247551540125e-18
5.696000000000000000e+03 2.859360781040024437e-18
5.760000000000000000e+03 6.682518848947230068e-19
5.824000000000000000e+03 6.682518848947230068e-19
5.888000000000000000e+03 4.695230271378376403e-19
5.952000000000000000e+03 4.695230271378376403e-19
6.016000000000000000e+03 2.073578879522177491e-19
6.080000000000000000e+03 9.975893734388358757e-21
6.144000000000000000e+03 9.975893734388358757e-21
6.208000000000000000e+03 9.975893734388358757e-21
6.272000000000000000e+03 3.516813993809067251e-21
6.336000000000000000e+03 3.516813993809067251e-21
6.400000000000000000e+03 2.476295903380088710e-21
6.464000000000000000e+03 2.476295903380088710e-21
6.528000000000000000e+03 6.021496609624867615e-22
6.592000000000000000e+03 6.021496609624867615e-22
6.656000000000000000e+03 1.079581555392543236e-23
6.720000000000000000e+03 9.542219073916956743e-24
6.784000000000000000e+03 9.542219073916956743e-24
6.848000000000000000e+03 3.856121483769573019e-24
6.912000000000000000e+03 3.856121483769573019e-24
6.976000000000000000e+03 3.856121483769573019e-24
7.040000000000000000e+03 3.856121483769573019e-24
7.104000000000000000e+03 1.927224179448637299e-24
7.168000000000000000e+03 1.927224179448637299e-24
7.232000000000000000e+03 1.054119144257351143e-24
7.296000000000000000e+03 7.767571437852993998e-25
7.360000000000000000e+03 5.941524061378291192e-25
7.424000000000000000e+03 5.941524061378291192e-25
7.488000000000000000e+03 2.654219422821758561e-25
7.552000000000000000e+03 6.083415892802314935e-26
7.616000000000000000e+03 6.083415892802314935e-26
7.680000000000000000e+03 6.083415892802314935e-26
7.744000000000000000e+03 1.872579899790518246e-26
7.808000000000000000e+03 3.031390924449171128e-27
7.872000000000000000e+03 1.697548381621204762e-27
7.936000000000000000e+03 1.697548381621204762e-27
8.000000000000000000e+03 1.160628579590869267e-28
8.064000000000000000e+03 1.160628579590869267e-28
8.128000000000000000e+03 1.160628579590869267e-28
8.192000000000000000e+03 1.160628579590869267e-28
8.256000000000000000e+03 1.160628579590869267e-28
8.320000000000000000e+03 1.160628579590869267e-28
8.384000000000000000e+03 1.160628579590869267e-28
8.448000000000000000e+03 1.160628579590869267e-28
8.512000000000000000e+03 1.160628579590869267e-28
8.576000000000000000e+03 1.098431459832294069e-28
8.640000000000000000e+03 1.098431459832294069e-28
8.704000000000000000e+03 5.462674149939497402e-29
8.768000000000000000e+03 5.462674149939497402e-29
8.832000000000000000e+03 4.258639897486370070e-29
8.896000000000000000e+03 3.516486008036163884e-29
8.960000000000000000e+03 2.593268821127859740e-29
9.024000000000000000e+03 4.849439061353356581e-30
9.088000000000000000e+03 3.777202856994201621e-30
9.152000000000000000e+03 1.801696408270718449e-30
9.216000000000000000e+03 3.176063868170158743e-31
9.280000000000000000e+03 3.176063868170158743e-31
9.344000000000000000e+03 3.176063868170158743e-31
9.408000000000000000e+03 3.176063868170158743e-31
9.472000000000000000e+03 5.303843076639396230e-32
9.536000000000000000e+03 5.303843076639396230e-32
9.600000000000000000e+03 2.546963064629291612e-32
9.664000000000000000e+03 2.350626686131387734e-32
9.728000000000000000e+03 2.350626686131387734e-32
9.792000000000000000e+03 2.350626686131387734e-32
9.856000000000000000e+03 1.548509394746470970e-32
9.920000000000000000e+03 1.548509394746470970e-32
9.984000000000000000e+03 8.572753234732148944e-33
1.004800000000000000e+04 4.743629005535302948e-33
1.011200000000000000e+04 2.221776070539308479e-33
1.017600000000000000e+04 2.376713861453441070e-34
1.024000000000000000e+04 2.376713861453441070e-34
1.030400000000000000e+04 2.376713861453441070e-34
1.036800000000000000e+04 2.376713861453441070e-34
1.043200000000000000e+04 2.376713861453441070e-34
1.049600000000000000e+04 1.250736480617269161e-34
1.056000000000000000e+04 6.270465959261603971e-35
1.062400000000000000e+04 6.270465959261603971e-35
1.068800000000000000e+04 6.270465959261603971e-35
1.075200000000000000e+04 6.270465959261603971e-35
1.081600000000000000e+04 6.270465959261603971e-35
1.088000000000000000e+04 3.913476955692222519e-35
1.094400000000000000e+04 6.670010551413436948e-36
1.100800000000000000e+04 6.670010551413436948e-36
1.107200000000000000e+04 2.422772712938565533e-36
1.113600000000000000e+04 2.422772712938565533e-36
1.120000000000000000e+04 2.422772712938565533e-36
1.126400000000000000e+04 1.889332287935293430e-36
1.132800000000000000e+04 3.279344405060856214e-37
1.139200000000000000e+04 3.279344405060856214e-37
1.145600000000000000e+04 3.279344405060856214e-37
1.152000000000000000e+04 3.279344405060856214e-37
1.158400000000000000e+04 2.367056684633629661e-38
1.164800000000000000e+04 2.367056684633629661e-38
1.171200000000000000e+04 2.367056684633629661e-38
1.177600000000000000e+04 2.367056684633629661e-38
1.184000000000000000e+04 2.351615321287728181e-38
1.190400000000000000e+04 2.351615321287728181e-38
1.196800000000000000e+04 2.351615321287728181e-38
1.203200000000000000e+04 1.295400694470885946e-38
1.209600000000000000e+04 1.295400694470885946e-38
1.216000000000000000e+04 1.161484899185016595e-38
1.222400000000000000e+04 8.372719960614989830e-40
1.228800000000000000e+04 8.372719960614989830e-40
1.235200000000000000e+04 8.372719960614989830e-40
1.241600000000000000e+04 1.135894408579682636e-40
1.248000000000000000e+04 1.135894408579682636e-40
1.254400000000000000e+04 1.135894408579682636e-40
1.260800000000000000e+04 1.135894408579682636e-40
1.267200000000000000e+04 7.062127208350437872e-41
1.273600000000000000e+04 4.364332410725750426e-41
1.280000000000000000e+04 4.364332410725750426e-41
1.286400000000000000e+04 4.364332410725750426e-41
1.292800000000000000e+04 1.209870149174743762e-41
1.299200000000000000e+04 1.492184917379999863e-42
1.305600000000000000e+04 1.492184917379999863e-42
1.312000000000000000e+04 1.492184917379999863e-42
1.318400000000000000e+04 1.492184917379999863e-42
1.324800000000000000e+04 1.027499308733646450e-42
1.331200000000000000e+04 1.027499308733646450e-42
1.337600000000000000e+04 6.565266186334890246e-43
1.344000000000000000e+04 5.868853600693489829e-43
1.350400000000000000e+04 5.868853600693489829e-43
1.356800000000000000e+04 3.049565749296055453e-44
1.363200000000000000e+04 3.049565749296055453e-44
1.369600000000000000e+04 3.049565749296055453e-44
1.376000000000000000e+04 3.049565749296055453e-44
1.382400000000000000e+04 3.049565749296055453e-44
1.388800000000000000e+04 3.041799821306463403e-44
1.395200000000000000e+04 4.917681012347794312e-45
1.401600000000000000e+04 3.155579602277753136e-45
1.408000000000000000e+04 3.155579602277753136e-45
1.414400000000000000e+04 3.155579602277753136e-45
1.420800000000000000e+04 4.065389022122951728e-46
1.427200000000000000e+04 2.513426536625566361e-46
1.433600000000000000e+04 5.669650837742179704e-47
1.440000000000000000e+04 5.669650837742179704e-47
1.446400000000000000e+04 5.669650837742179704e-47
1.452800000000000000e+04 5.124232145928136055e-47
1.459200000000000000e+04 5.124232145928136055e-47
1.465600000000000000e+04 4.559668637377386420e-48
1.472000000000000000e+04 4.559668637377386420e-48
1.478400000000000000e+04 4.559668637377386420e-48
1.484800000000000000e+04 4.559668637377386420e-48
1.491200000000000000e+04 2.632395062845519546e-48
1.497600000000000000e+04 2.632395062845519546e-48
1.504000000000000000e+04 1.375895082593166095e-48
1.510400000000000000e+04 1.375895082593166095e-48
1.516800000000000000e+04 1.233291632547130057e-48
1.523200000000000000e+04 1.233291632547130057e-48
1.529600000000000000e+04 3.935255783052981582e-49
1.536000000000000000e+04 3.935255783052981582e-49
1.542400000000000000e+04 3.935255783052981582e-49
1.548800000000000000e+04 2.447758625595991256e-50
1.555200000000000000e+04 2.447758625595991256e-50
1.561600000000000000e+04 2.066915721379682455e-50
1.568000000000000000e+04 2.066915721379682455e-50
1.574400000000000000e+04 2.066915721379682455e-50
1.580800000000000000e+04 2.066915721379682455e-50
1.587200000000000000e+04 1.796144487656978834e-52
1.593600000000000000e+04 1.796144487656978834e-52
1.600000000000000000e+04 1.796144487656978834e-52
1.606400000000000000e+04 1.796144487656978834e-52
1.612800000000000000e+04 1.796144487656978834e-52
1.619200000000000000e+04 1.796144487656978834e-52
1.625600000000000000e+04 1.796144487656978834e-52
1.632000000000000000e+04 1.796144487656978834e-52
1.638400000000000000e+04 1.038794452103538771e-52
1.644800000000000000e+04 4.495788244161863178e-53
1.651200000000000000e+04 1.335327102084828944e-53
1.657600000000000000e+04 1.335327102084828944e-53
1.664000000000000000e+04 1.335327102084828944e-53
1.670400000000000000e+04 1.335327102084828944e-53
1.676800000000000000e+04 1.172144079779877749e-53
1.683200000000000000e+04 1.133715246490095593e-53
1.689600000000000000e+04 4.373432222927409053e-54
1.696000000000000000e+04 4.373432222927409053e-54
1.702400000000000000e+04 1.676240684978723907e-54
1.708800000000000000e+04 1.605431389631333980e-55
1.715200000000000000e+04 1.605431389631333980e-55
1.721600000000000000e+04 1.294132383679527586e-55
1.728000000000000000e+04 1.854383156319439321e-56
1.734400000000000000e+04 1.854383156319439321e-56
1.740800000000000000e+04 1.854383156319439321e-56
1.747200000000000000e+04 1.854383156319439321e-56
1.753600000000000000e+04 1.854383156319439321e-56
1.760000000000000000e+04 1.854383156319439321e-56
1.766400000000000000e+04 1.349155630951061194e-56
1.772800000000000000e+04 1.349155630951061194e-56
1.779200000000000000e+04 1.164873367838808727e-56
1.785600000000000000e+04 3.825528659582427469e-57
1.792000000000000000e+04 3.411056290646494368e-57
1.798400000000000000e+04 3.411056290646494368e-57
1.804800000000000000e+04 3.411056290646494368e-57
1.811200000000000000e+04 6.317372804254077480e-58
1.817600000000000000e+04 4.241949102894987911e-58
1.824000000000000000e+04 4.241949102894987911e-58
1.830400000000000000e+04 4.241949102894987911e-58
1.836800000000000000e+04 2.643256334320169089e-58
1.843200000000000000e+04 1.501970497993054781e-59
1.849600000000000000e+04 1.501970497993054781e-59
1.856000000000000000e+04 1.501970497993054781e-59
1.862400000000000000e+04 1.501970497993054781e-59
1.868800000000000000e+04 1.501970497993054781e-59
1.875200000000000000e+04 4.578349546615603975e-60
1.881600000000000000e+04 4.578349546615603975e-60
1.888000000000000000e+04 9.706425720034511658e-61
1.894400000000000000e+04 9.706425720034511658e-61
1.900800000000000000e+04 9.706425720034511658e-61
1.907200000000000000e+04 3.340341441441572038e-61
1.913600000000000000e+04 3.340341441441572038e-61
1.920000000000000000e+04 2.069305959867062960e-61
1.926400000000000000e+04 2.069305959867062960e-61
1.932800000000000000e+04 2.069305959867062960e-61
1.939200000000000000e+04 2.461898098239784842e-62
1.945600000000000000e+04 2.461898098239784842e-62
1.952000000000000000e+04 2.461898098239784842e-62
1.958400000000000000e+04 2.148366660695275113e-62
1.964800000000000000e+04 2.655230048713740622e-64
1.971200000000000000e+04 2.655230048713740622e-64
1.977600000000000000e+04 2.655230048713740622e-64
1.984000000000000000e+04 2.655230048713740622e-64
1.990400000000000000e+04 2.655230048713740622e-64
1.996800000000000000e+04 2.655230048713740622e-64
2.003200000000000000e+04 2.655230048713740622e-64
2.009600000000000000e+04 2.066813454283044515e-65
2.016000000000000000e+04 2.066813454283044515e-65
2.022400000000000000e+04 2.066813454283044515e-65
2.028800000000000000e+04 2.066813454283044515e-65
2.035200000000000000e+04 2.066813454283044515e-65
2.041600000000000000e+04 2.018108567653293584e-65
2.048000000000000000e+04 1.577358301847586534e-65
2.054400000000000000e+04 9.906651198407022479e-66
2.060800000000000000e+04 9.906651198407022479e-66
2.067200000000000000e+04 9.906651198407022479e-66
2.073600000000000000e+04 6.035600215651201713e-67
2.080000000000000000e+04 6.035600215651201713e-67
2.086400000000000000e+04 6.035600215651201713e-67
2.092800000000000000e+04 1.774321937079745877e-67
2.099200000000000000e+04 1.774321937079745877e-67
2.105600000000000000e+04 8.110611826017763159e-68
2.112000000000000000e+04 8.110611826017763159e-68
2.118400000000000000e+04 8.110611826017763159e-68
2.124800000000000000e+04 8.110611826017763159e-68
2.131200000000000000e+04 9.726820146242880140e-70
2.137600000000000000e+04 9.726820146242880140e-70
2.144000000000000000e+04 9.726820146242880140e-70
2.150400000000000000e+04 9.726820146242880140e-70
2.156800000000000000e+04 9.726820146242880140e-70
2.163200000000000000e+04 3.896538535069222942e-70
2.169600000000000000e+04 3.896538535069222942e-70
2.176000000000000000e+04 6.870237046756310879e-71
2.182400000000000000e+04 6.870237046756310879e-71
2.188800000000000000e+04 6.870237046756310879e-71
2.195200000000000000e+04 6.870237046756310879e-71
2.201600000000000000e+04 6.870237046756310879e-71
2.208000000000000000e+04 6.870237046756310879e-71
2.214400000000000000e+04 6.870237046756310879e-71
2.220800000000000000e+04 6.870237046756310879e-71
2.227200000000000000e+04 6.870237046756310879e-71
2.233600000000000000e+04 6.870237046756310879e-71
2.240000000000000000e+04 6.870237046756310879e-71
2.246400000000000000e+04 6.832129960644051638e-71
2.252800000000000000e+04 6.832129960644051638e-71
2.259200000000000000e+04 9.381026293933613299e-72
2.265600000000000000e+04 5.620751248352297040e-73
2.272000000000000000e+04 5.620751248352297040e-73
2.278400000000000000e+04 5.620751248352297040e-73
2.284800000000000000e+04 5.620751248352297040e-73
2.291200000000000000e+04 5.620751248352297040e-73
2.297600000000000000e+04 5.620751248352297040e-73
2.304000000000000000e+04 5.620751248352297040e-73
2.310400000000000000e+04 3.069000906049077328e-73
2.316800000000000000e+04 3.069000906049077328e-73
2.323200000000000000e+04 1.683391353048154224e-73
2.329600000000000000e+04 1.530217577178949849e-73
2.336000000000000000e+04 1.530217577178949849e-73
2.342400000000000000e+04 1.205811990657913774e-73
2.348800000000000000e+04 1.205811990657913774e-73
2.355200000000000000e+04 8.852978221874535005e-75
2.361600000000000000e+04 7.675620992578050362e-75
2.368000000000000000e+04 7.675620992578050362e-75
2.374400000000000000e+04 7.675620992578050362e-75
2.380800000000000000e+04 7.155544658393306095e-76
2.387200000000000000e+04 7.155544658393306095e-76
2.393600000000000000e+04 7.155544658393306095e-76
2.400000000000000000e+04 7.155544658393306095e-76
2.406400000000000000e+04 4.487336501409309610e-76
2.412800000000000000e+04 4.487336501409309610e-76
2.419200000000000000e+04 3.092768360892956814e-76
2.425600000000000000e+04 2.148339442338494859e-76
2.432000000000000000e+04 1.269305277101867834e-76
2.438400000000000000e+04 8.963521564841438398e-77
2.444800000000000000e+04 3.938746127683567282e-77
2.451200000000000000e+04 3.068439413133541286e-77
2.457600000000000000e+04 3.068439413133541286e-77
2.464000000000000000e+04 1.205795242411717484e-77
2.470400000000000000e+04 1.205795242411717484e-77
2.476800000000000000e+04 2.647842122089513408e-78
2.483200000000000000e+04 1.470905136570465368e-78
2.489600000000000000e+04 1.470905136570465368e-78
2.496000000000000000e+04 2.344618633309463145e-79
2.502400000000000000e+04 2.344618633309463145e-79
2.508800000000000000e+04 2.344618633309463145e-79
2.515200000000000000e+04 4.156100271608187152e-81
2.521600000000000000e+04 4.156100271608187152e-81
2.528000000000000000e+04 4.156100271608187152e-81
2.534400000000000000e+04 4.156100271608187152e-81
2.540800000000000000e+04 3.319838427207043099e-81
2.547200000000000000e+04 3.319838427207043099e-81
2.553600000000000000e+04 1.475588093442042380e-81
2.560000000000000000e+04 1.475588093442042380e-81
2.566400000000000000e+04 1.475588093442042380e-81
2.572800000000000000e+04 1.475588093442042380e-81
2.579200000000000000e+04 1.475588093442042380e-81
2.585600000000000000e+04 1.475588093442042380e-81
2.592000000000000000e+04 8.857595945578405904e-82
2.598400000000000000e+04 8.857595945578405904e-82
2.604800000000000000e+04 5.143994769336492416e-82
2.611200000000000000e+04 4.439574381816948243e-82
2.617600000000000000e+04 4.439574381816948243e-82
2.624000000000000000e+04 2.249175156833515165e-82
2.630400000000000000e+04 1.157475632725552344e-82
2.636800000000000000e+04 2.718269808873009625e-83
2.643200000000000000e+04 2.718269808873009625e-83
2.649600000000000000e+04 2.456319571677240823e-83
2.656000000000000000e+04 9.459128637164883838e-84
2.662400000000000000e+04 3.781432714015628367e-84
2.668800000000000000e+04 8.675709466714235745e-85
2.675200000000000000e+04 5.927784343487974392e-85
2.681600000000000000e+04 5.927784343487974392e-85
2.688000000000000000e+04 5.927784343487974392e-85
2.694400000000000000e+04 2.550251620354109640e-85
2.700800000000000000e+04 2.550251620354109640e-85
2.707200000000000000e+04 1.007164954237264985e-85
2.713600000000000000e+04 5.953533215256583166e-86
2.720000000000000000e+04 5.440850061265513599e-87
2.726400000000000000e+04 5.440850061265513599e-87
2.732800000000000000e+04 5.440850061265513599e-87
2.739200000000000000e+04 5.440850061265513599e-87
2.745600000000000000e+04 5.440850061265513599e-87
2.752000000000000000e+04 5.440850061265513599e-87
2.758400000000000000e+04 9.055644369464389082e-88
2.764800000000000000e+04 9.055644369464389082e-88
2.771200000000000000e+04 1.396968302390758008e-88
2.777600000000000000e+04 1.396968302390758008e-88
2.784000000000000000e+04 1.396968302390758008e-88
2.790400000000000000e+04 1.396968302390758008e-88
2.796800000000000000e+04 1.396968302390758008e-88
2.803200000000000000e+04 1.396968302390758008e-88
2.809600000000000000e+04 1.396968302390758008e-88
2.816000000000000000e+04 1.203532613320309682e-88
2.822400000000000000e+04 1.203532613320309682e-88
2.828800000000000000e+04 5.144064775533438555e-89
2.835200000000000000e+04 5.399125425416438601e-90
2.841600000000000000e+04 5.399125425416438601e-90
2.848000000000000000e+04 5.399125425416438601e-90
2.854400000000000000e+04 5.399125425416438601e-90
2.860800000000000000e+04 2.977780411047699476e-90
2.867200000000000000e+04 2.977780411047699476e-90
2.873600000000000000e+04 1.831952910900433926e-90
2.880000000000000000e+04 6.235702317248808882e-91
2.886400000000000000e+04 6.235702317248808882e-91
2.892800000000000000e+04 6.235702317248808882e-91
2.899200000000000000e+04 2.898520339915010189e-91
2.905600000000000000e+04 2.898520339915010189e-91
2.912000000000000000e+04 4.236556601572584529e-92
2.918400000000000000e+04 4.236556601572584529e-92
2.924800000000000000e+04 1.194926181063700559e-92
2.931200000000000000e+04 1.194926181063700559e-92
2.937600000000000000e+04 1.194926181063700559e-92
2.944000000000000000e+04 1.194926181063700559e-92
2.950400000000000000e+04 4.932213169504112301e-93
2.956800000000000000e+04 4.932213169504112301e-93
2.963200000000000000e+04 4.932213169504112301e-93
2.969600000000000000e+04 3.013270959475251195e-93
2.976000000000000000e+04 8.687811815480091874e-94
2.982400000000000000e+04 8.687811815480091874e-94
2.988800000000000000e+04 1.352337343927644689e-94
2.995200000000000000e+04 1.352337343927644689e-94
3.001600000000000000e+04 3.765492193687197331e-95
3.008000000000000000e+04 3.765492193687197331e-95
3.014400000000000000e+04 3.148298159211109396e-96
3.020800000000000000e+04 3.148298159211109396e-96
3.027200000000000000e+04 3.148298159211109396e-96
3.033600000000000000e+04 3.148298159211109396e-96
3.040000000000000000e+04 3.148298159211109396e-96
3.046400000000000000e+04 3.148298159211109396e-96
3.052800000000000000e+04 3.148298159211109396e-96
3.059200000000000000e+04 2.571908603266228959e-96
3.065600000000000000e+04 2.571908603266228959e-96
3.072000000000000000e+04 9.907789976910035888e-97
3.078400000000000000e+04 9.113815603844594519e-97
3.084800000000000000e+04 9.113815603844594519e-97
3.091200000000000000e+04 7.952072602595764814e-97
3.097600000000000000e+04 4.709282193408656975e-98
3.104000000000000000e+04 4.709282193408656975e-98
3.110400000000000000e+04 2.764616401384218662e-98
3.116800000000000000e+04 2.764616401384218662e-98
3.123200000000000000e+04 8.838596666321750490e-100
3.129600000000000000e+04 8.838596666321750490e-100
3.136000000000000000e+04 8.838596666321750490e-100
3.142400000000000000e+04 8.838596666321750490e-100
3.148800000000000000e+04 8.838596666321750490e-100
3.155200000000000000e+04 8.838596666321750490e-100
3.161600000000000000e+04 8.838596666321750490e-100
3.168000000000000000e+04 3.403900108261719745e-100
3.174400000000000000e+04 3.403900108261719745e-100
3.180800000000000000e+04 9.646307087128745255e-101
3.187200000000000000e+04 9.646307087128745255e-101
3.193600000000000000e+04 9.646307087128745255e-101
3.200000000000000000e+04 3.728245147650942844e-101
3.206400000000000000e+04 2.269920325093672068e-101
3.212800000000000000e+04 2.269920325093672068e-101
3.219200000000000000e+04 2.269920325093672068e-101
3.225600000000000000e+04 1.206587648637693018e-101
3.232000000000000000e+04 1.206587648637693018e-101
3.238400000000000000e+04 1.148742212949744775e-101
3.244800000000000000e+04 1.169897684952457957e-102
3.251200000000000000e+04 1.169897684952457957e-102
3.257600000000000000e+04 6.522086562768556953e-103
3.264000000000000000e+04 6.522086562768556953e-103
3.270400000000000000e+04 2.532677317348504484e-104
3.276800000000000000e+04 2.532677317348504484e-104
3.283200000000000000e+04 2.532677317348504484e-104
3.289600000000000000e+04 2.532677317348504484e-104
3.296000000000000000e+04 2.532677317348504484e-104
3.302400000000000000e+04 2.532677317348504484e-104
3.308800000000000000e+04 2.532677317348504484e-104
3.315200000000000000e+04 2.532677317348504484e-104
3.321600000000000000e+04 2.532677317348504484e-104
3.328000000000000000e+04 1.098981202602928845e-104
3.334400000000000000e+04 1.098981202602928845e-104
3.340800000000000000e+04 4.115511252104819238e-106
3.347200000000000000e+04 4.115511252104819238e-106
3.353600000000000000e+04 4.115511252104819238e-106
3.360000000000000000e+04 4.115511252104819238e-106
3.366400000000000000e+04 4.115511252104819238e-106
3.372800000000000000e+04 3.557311993704708012e-106
3.379200000000000000e+04 1.767146365000806015e-106
3.385600000000000000e+04 5.787048296821837015e-107
3.392000000000000000e+04 5.787048296821837015e-107
3.398400000000000000e+04 5.787048296821837015e-107
3.404800000000000000e+04 5.787048296821837015e-107
3.411200000000000000e+04 1.936117475766112859e-107
3.417600000000000000e+04 5.424594873357692766e-108
3.424000000000000000e+04 5.424594873357692766e-108
3.430400000000000000e+04 5.424594873357692766e-108
3.436800000000000000e+04 5.424594873357692766e-108
3.443200000000000000e+04 4.071790249125967289e-108
3.449600000000000000e+04 7.952357512125772636e-109
3.456000000000000000e+04 7.952357512125772636e-109
3.462400000000000000e+04 7.952357512125772636e-109
3.468800000000000000e+04 2.196997905662765846e-109
3.475200000000000000e+04 1.208928786022906434e-109
3.481600000000000000e+04 5.286614263816502118e-112
3.488000000000000000e+04 5.286614263816502118e-112
3.494400000000000000e+04 5.286614263816502118e-112
3.500800000000000000e+04 5.286614263816502118e-112
3.507200000000000000e+04 5.286614263816502118e-112
3.513600000000000000e+04 5.286614263816502118e-112
3.520000000000000000e+04 5.286614263816502118e-112
3.526400000000000000e+04 5.132730346814722166e-112
3.532800000000000000e+04 5.132730346814722166e-112
3.539200000000000000e+04 5.132730346814722166e-112
3.545600000000000000e+04 1.272593604082102375e-112
3.552000000000000000e+04 1.272593604082102375e-112
3.558400000000000000e+04 1.272593604082102375e-112
3.564800000000000000e+04 1.272593604082102375e-112
3.571200000000000000e+04 1.272593604082102375e-112
3.577600000000000000e+04 1.272593604082102375e-112
3.584000000000000000e+04 6.789291074004213627e-113
3.590400000000000000e+04 6.789291074004213627e-113
3.596800000000000000e+04 2.573188700372068397e-113
3.603200000000000000e+04 2.573188700372068397e-113
3.609600000000000000e+04 9.166908125322984571e-114
3.616000000000000000e+04 3.380422802128463952e-114
3.622400000000000000e+04 3.380422802128463952e-114
3.628800000000000000e+04 4.571379728920761017e-115
3.635200000000000000e+04 4.571379728920761017e-115
3.641600000000000000e+04 4.571379728920761017e-115
3.648000000000000000e+04 4.571379728920761017e-115
3.654400000000000000e+04 4.571379728920761017e-115
3.660800000000000000e+04 4.571379728920761017e-115
3.667200000000000000e+04 3.084296977320141291e-115
3.673600000000000000e+04 3.084296977320141291e-115
3.680000000000000000e+04 3.084296977320141291e-115
3.686400000000000000e+04 3.084296977320141291e-115
3.692800000000000000e+04 2.108499192154640118e-115
3.699200000000000000e+04 4.286237105731103425e-116
3.705600000000000000e+04 4.286237105731103425e-116
3.712000000000000000e+04 1.863730755373569946e-117
3.718400000000000000e+04 1.863730755373569946e-117
3.724800000000000000e+04 1.863730755373569946e-117
3.731200000000000000e+04 1.863730755373569946e-117
3.737600000000000000e+04 1.863730755373569946e-117
3.744000000000000000e+04 1.863730755373569946e-117
3.750400000000000000e+04 1.863730755373569946e-117
3.756800000000000000e+04 9.543866761924011994e-118
3.763200000000000000e+04 1.009787735645225786e-118
3.769600000000000000e+04 1.009787735645225786e-118
3.776000000000000000e+04 1.009787735645225786e-118
3.782400000000000000e+04 1.009787735645225786e-118
3.788800000000000000e+04 1.009787735645225786e-118
3.795200000000000000e+04 1.009787735645225786e-118
3.801600000000000000e+04 7.492053970075148090e-119
3.808000000000000000e+04 6.287347720152479783e-119
3.814400000000000000e+04 4.404484409546202521e-119
3.820800000000000000e+04 4.929713036080128909e-120
3.827200000000000000e+04 3.735934190776419386e-121
3.833600000000000000e+04 3.735934190776419386e-121
3.840000000000000000e+04 3.735934190776419386e-121
3.846400000000000000e+04 3.735934190776419386e-121
3.852800000000000000e+04 3.735934190776419386e-121
3.859200000000000000e+04 3.735934190776419386e-121
3.865600000000000000e+04 3.735934190776419386e-121
3.872000000000000000e+04 3.735934190776419386e-121
3.878400000000000000e+04 2.258751214094705823e-122
3.884800000000000000e+04 1.430239490866113202e-122
3.891200000000000000e+04 1.430239490866113202e-122
3.897600000000000000e+04 1.430239490866113202e-122
3.904000000000000000e+04 4.572721866286268269e-124
3.910400000000000000e+04 4.572721866286268269e-124
3.916800000000000000e+04 4.572721866286268269e-124
3.923200000000000000e+04 4.572721866286268269e-124
3.929600000000000000e+04 4.572721866286268269e-124
3.936000000000000000e+04 4.572721866286268269e-124
3.942400000000000000e+04 4.572721866286268269e-124
3.948800000000000000e+04 2.555437207976394304e-124
3.955200000000000000e+04 2.555437207976394304e-124
3.961600000000000000e+04 2.555437207976394304e-124
3.968000000000000000e+04 2.555437207976394304e-124
3.974400000000000000e+04 5.536449256333035003e-125
3.980800000000000000e+04 5.536449256333035003e-125
3.987200000000000000e+04 5.536449256333035003e-125
3.993600000000000000e+04 2.206515363517091603e-125
4.000000000000000000e+04 1.674923172544233471e-126
4.006400000000000000e+04 1.674923172544233471e-126
4.012800000000000000e+04 1.674923172544233471e-126
4.019200000000000000e+04 1.674923172544233471e-126
4.025600000000000000e+04 9.316347346375259152e-128
4.032000000000000000e+04 9.316347346375259152e-128
4.038400000000000000e+04 9.316347346375259152e-128
4.044800000000000000e+04 9.316347346375259152e-128
4.051200000000000000e+04 9.316347346375259152e-128
4.057600000000000000e+04 2.420558905461175017e-128
4.064000000000000000e+04 2.420558905461175017e-128
4.070400000000000000e+04 2.420558905461175017e-128
4.076800000000000000e+04 2.420558905461175017e-128
4.083200000000000000e+04 2.420558905461175017e-128
4.089600000000000000e+04 2.420558905461175017e-128
4.096000000000000000e+04 2.420558905461175017e-128
4.102400000000000000e+04 1.305189891250722815e-129
4.108800000000000000e+04 1.305189891250722815e-129
4.115200000000000000e+04 1.305189891250722815e-129
4.121600000000000000e+04 1.305189891250722815e-129
4.128000000000000000e+04 1.305189891250722815e-129
4.134400000000000000e+04 1.305189891250722815e-129
4.140800000000000000e+04 4.104254129233586920e-130
4.147200000000000000e+04 3.910964094598231888e-130
4.153600000000000000e+04 1.374500935257253385e-130
4.160000000000000000e+04 1.374500935257253385e-130
4.166400000000000000e+04 1.374500935257253385e-130
4.172800000000000000e+04 5.569323666634404935e-131
4.179200000000000000e+04 5.009293851160807837e-131
4.185600000000000000e+04 5.009293851160807837e-131
4.192000000000000000e+04 5.009293851160807837e-131
4.198400000000000000e+04 1.138378524237971731e-131
4.204800000000000000e+04 1.138378524237971731e-131
4.211200000000000000e+04 1.698447499198377214e-132
4.217600000000000000e+04 1.698447499198377214e-132
4.224000000000000000e+04 5.339862235797617009e-134
4.230400000000000000e+04 5.339862235797617009e-134
4.236800000000000000e+04 5.339862235797617009e-134
4.243200000000000000e+04 5.339862235797617009e-134
4.249600000000000000e+04 5.339862235797617009e-134
4.256000000000000000e+04 5.339862235797617009e-134
4.262400000000000000e+04 5.339862235797617009e-134
4.268800000000000000e+04 5.339862235797617009e-134
4.275200000000000000e+04 5.339862235797617009e-134
4.281600000000000000e+04 2.513920106677498917e-134
4.288000000000000000e+04 2.513920106677498917e-134
4.294400000000000000e+04 2.513920106677498917e-134
4.300800000000000000e+04 2.513920106677498917e-134
4.307200000000000000e+04 2.295633135729573085e-134
4.313600000000000000e+04 2.295633135729573085e-134
4.320000000000000000e+04 1.026334239875447567e-134
4.326400000000000000e+04 8.670132222704671400e-135
4.332800000000000000e+04 8.670132222704671400e-135
4.339200000000000000e+04 8.670132222704671400e-135
4.345600000000000000e+04 1.958513865460891427e-135
4.352000000000000000e+04 2.009110382470252523e-136
4.358400000000000000e+04 2.009110382470252523e-136
4.364800000000000000e+04 2.009110382470252523e-136
4.371200000000000000e+04 2.009110382470252523e-136
4.377600000000000000e+04 2.009110382470252523e-136
4.384000000000000000e+04 6.971464016021348350e-137
4.390400000000000000e+04 4.009311486550894625e-137
4.396800000000000000e+04 4.275832052141715694e-138
4.403200000000000000e+04 4.275832052141715694e-138
4.409600000000000000e+04 4.275832052141715694e-138
4.416000000000000000e+04 2.510324482250154363e-138
4.422400000000000000e+04 2.510324482250154363e-138
4.428800000000000000e+04 2.510324482250154363e-138
4.435200000000000000e+04 2.144287973800371434e-138
4.441600000000000000e+04 2.691289960630979732e-139
4.448000000000000000e+04 2.691289960630979732e-139
4.454400000000000000e+04 1.092703127061014241e-139
4.460800000000000000e+04 1.092703127061014241e-139
4.467200000000000000e+04 2.425382462036757991e-140
4.473600000000000000e+04 2.425382462036757991e-140
4.480000000000000000e+04 2.425382462036757991e-140
4.486400000000000000e+04 2.425382462036757991e-140
4.492800000000000000e+04 1.681691925959375691e-140
4.499200000000000000e+04 1.681691925959375691e-140
4.505600000000000000e+04 3.175817418287090110e-142
4.512000000000000000e+04 3.175817418287090110e-142
4.518400000000000000e+04 3.175817418287090110e-142
4.524800000000000000e+04 3.175817418287090110e-142
4.531200000000000000e+04 3.175817418287090110e-142
4.537600000000000000e+04 3.175817418287090110e-142
4.544000000000000000e+04 3.175817418287090110e-142
4.550400000000000000e+04 3.175817418287090110e-142
4.556800000000000000e+04 1.656700655269819533e-142
4.563200000000000000e+04 2.065865442113096878e-143
4.569600000000000000e+04 2.065865442113096878e-143
4.576000000000000000e+04 2.065865442113096878e-143
4.582400000000000000e+04 2.440462241449416521e-145
4.588800000000000000e+04 2.440462241449416521e-145
4.595200000000000000e+04 2.440462241449416521e-145
4.601600000000000000e+04 2.440462241449416521e-145
4.608000000000000000e+04 2.440462241449416521e-145
4.614400000000000000e+04 2.440462241449416521e-145
4.620800000000000000e+04 2.440462241449416521e-145
4.627200000000000000e+04 1.740288313431161531e-145
4.633600000000000000e+04 1.277253128040134374e-145
4.640000000000000000e+04 3.588049867157231040e-146
4.646400000000000000e+04 3.588049867157231040e-146
4.652800000000000000e+04 3.588049867157231040e-146
4.659200000000000000e+04 3.588049867157231040e-146
4.665600000000000000e+04 3.588049867157231040e-146
4.672000000000000000e+04 2.887001658989617693e-146
4.678400000000000000e+04 2.887001658989617693e-146
4.684800000000000000e+04 3.198154773835900132e-147
4.691200000000000000e+04 3.198154773835900132e-147
4.697600000000000000e+04 3.198154773835900132e-147
4.704000000000000000e+04 3.198154773835900132e-147
4.710400000000000000e+04 1.171088736963615113e-147
4.716800000000000000e+04 1.171088736963615113e-147
4.723200000000000000e+04 1.171088736963615113e-147
4.729600000000000000e+04 1.171088736963615113e-147
4.736000000000000000e+04 1.171088736963615113e-147
4.742400000000000000e+04 8.931147507774003741e-149
4.748800000000000000e+04 2.249892145605883105e-149
4.755200000000000000e+04 2.249892145605883105e-149
4.761600000000000000e+04 2.249892145605883105e-149
4.768000000000000000e+04 2.249892145605883105e-149
4.774400000000000000e+04 2.249892145605883105e-149
4.780800000000000000e+04 2.249892145605883105e-149
4.787200000000000000e+04 4.777443724939835241e-150
4.793600000000000000e+04 4.777443724939835241e-150
4.800000000000000000e+04 4.777443724939835241e-150
4.806400000000000000e+04 4.777443724939835241e-150
4.812800000000000000e+04 1.533585061420916975e-150
4.819200000000000000e+04 8.354813373648959883e-151
4.825600000000000000e+04 2.455484796243646569e-152
4.832000000000000000e+04 2.455484796243646569e-152
4.838400000000000000e+04 2.455484796243646569e-152
4.844800000000000000e+04 2.455484796243646569e-152
4.851200000000000000e+04 2.455484796243646569e-152
4.857600000000000000e+04 2.455484796243646569e-152
4.864000000000000000e+04 2.455484796243646569e-152
4.870400000000000000e+04 2.455484796243646569e-152
4.876800000000000000e+04 3.520961423437836696e-153
4.883200000000000000e+04 3.520961423437836696e-153
4.889600000000000000e+04 3.520961423437836696e-153
4.896000000000000000e+04 3.520961423437836696e-153
4.902400000000000000e+04 3.520961423437836696e-153
4.908800000000000000e+04 3.520961423437836696e-153
4.915200000000000000e+04 1.070747751956962667e-154
4.921600000000000000e+04 1.070747751956962667e-154
4.928000000000000000e+04 1.070747751956962667e-154
4.934400000000000000e+04 1.070747751956962667e-154
4.940800000000000000e+04 1.070747751956962667e-154
4.947200000000000000e+04 6.615959976443084075e-157
4.953600000000000000e+04 6.615959976443084075e-157
4.960000000000000000e+04 6.615959976443084075e-157
4.966400000000000000e+04 6.615959976443084075e-157
4.972800000000000000e+04 6.615959976443084075e-157
4.979200000000000000e+04 6.615959976443084075e-157
4.985600000000000000e+04 6.615959976443084075e-157
4.992000000000000000e+04 6.615959976443084075e-157
4.998400000000000000e+04 6.615959976443084075e-157
5.004800000000000000e+04 6.615959976443084075e-157
5.011200000000000000e+04 6.615959976443084075e-157
5.017600000000000000e+04 6.615959976443084075e-157
5.024000000000000000e+04 1.788345374065762078e-157
5.030400000000000000e+04 1.788345374065762078e-157
5.036800000000000000e+04 4.738048482912304744e-158
5.043200000000000000e+04 5.224243153422189402e-159
5.049600000000000000e+04 5.585064444028684634e-160
5.056000000000000000e+04 5.585064444028684634e-160
5.062400000000000000e+04 5.585064444028684634e-160
5.068800000000000000e+04 5.585064444028684634e-160
5.075200000000000000e+04 5.585064444028684634e-160
5.081600000000000000e+04 5.585064444028684634e-160
5.088000000000000000e+04 4.237100652308748764e-160
5.094400000000000000e+04 4.237100652308748764e-160
5.100800000000000000e+04 4.189758662156775610e-160
5.107200000000000000e+04 4.189758662156775610e-160
5.113600000000000000e+04 4.189758662156775610e-160
5.120000000000000000e+04 2.642538812601168884e-160
5.126400000000000000e+04 3.906606080763608660e-161
5.132800000000000000e+04 3.906606080763608660e-161
5.139200000000000000e+04 1.862899086671859072e-161
5.145600000000000000e+04 1.273612770149171261e-162
5.152000000000000000e+04 1.273612770149171261e-162
5.158400000000000000e+04 1.273612770149171261e-162
5.164800000000000000e+04 1.273612770149171261e-162
5.171200000000000000e+04 1.273612770149171261e-162
5.177600000000000000e+04 1.029718340638190240e-162
5.184000000000000000e+04 1.029718340638190240e-162
5.190400000000000000e+04 8.902571740114021373e-164
5.196800000000000000e+04 8.902571740114021373e-164
5.203200000000000000e+04 2.158714105027969876e-164
5.209600000000000000e+04 2.158714105027969876e-164
5.216000000000000000e+04 2.158714105027969876e-164
5.222400000000000000e+04 2.158714105027969876e-164
5.228800000000000000e+04 2.158714105027969876e-164
5.235200000000000000e+04 2.158714105027969876e-164
5.241600000000000000e+04 7.337880657198850835e-165
5.248000000000000000e+04 3.234369022788147704e-165
5.254400000000000000e+04 3.234369022788147704e-165
5.260800000000000000e+04 1.344352927993343906e-165
5.267200000000000000e+04 1.344352927993343906e-165
5.273600000000000000e+04 1.195326993211071702e-165
5.280000000000000000e+04 1.195326993211071702e-165
5.286400000000000000e+04 7.813817055418410276e-166
5.292800000000000000e+04 7.813817055418410276e-166
5.299200000000000000e+04 4.454681788513010156e-166
5.305600000000000000e+04 1.325344496805802852e-166
5.312000000000000000e+04 5.747857761941925804e-167
5.318400000000000000e+04 5.747857761941925804e-167
5.324800000000000000e+04 5.747857761941925804e-167
5.331200000000000000e+04 4.010221766237489565e-167
5.337600000000000000e+04 9.477614725090209925e-168
5.344000000000000000e+04 9.477614725090209925e-168
5.350400000000000000e+04 9.477614725090209925e-168
5.356800000000000000e+04 6.646020983558377657e-168
5.363200000000000000e+04 6.646020983558377657e-168
5.369600000000000000e+04 1.505225527713219782e-169
5.376000000000000000e+04 1.505225527713219782e-169
5.382400000000000000e+04 1.505225527713219782e-169
5.388800000000000000e+04 1.505225527713219782e-169
5.395200000000000000e+04 1.505225527713219782e-169
5.401600000000000000e+04 1.505225527713219782e-169
5.408000000000000000e+04 1.505225527713219782e-169
5.414400000000000000e+04 7.006463412834458587e-170
5.420800000000000000e+04 7.006463412834458587e-170
5.427200000000000000e+04 3.585205364902808588e-170
5.433600000000000000e+04 3.585205364902808588e-170
5.440000000000000000e+04 6.389365980342172253e-171
5.446400000000000000e+04 6.389365980342172253e-171
5.452800000000000000e+04 6.389365980342172253e-171
5.459200000000000000e+04 3.305701933190247071e-171
5.465600000000000000e+04 2.828510275161111859e-171
5.472000000000000000e+04 4.540125959179243979e-172
5.478400000000000000e+04 4.540125959179243979e-172
5.484800000000000000e+04 4.540125959179243979e-172
5.491200000000000000e+04 4.540125959179243979e-172
5.497600000000000000e+04 4.419892602011707944e-172
5.504000000000000000e+04 1.611394449269260569e-172
5.510400000000000000e+04 1.090582141996923207e-172
5.516800000000000000e+04 1.090582141996923207e-172
5.523200000000000000e+04 3.513133615027584109e-173
5.529600000000000000e+04 2.249986449983545856e-173
5.536000000000000000e+04 2.249986449983545856e-173
5.542400000000000000e+04 1.454949752623672139e-173
5.548800000000000000e+04 5.146216147488517442e-174
5.555200000000000000e+04 9.045335323157385983e-175
5.561600000000000000e+04 9.045335323157385983e-175
5.568000000000000000e+04 1.141838162977738964e-175
5.574400000000000000e+04 1.141838162977738964e-175
5.580800000000000000e+04 1.141838162977738964e-175
5.587200000000000000e+04 1.141838162977738964e-175
5.593600000000000000e+04 1.880049020909834866e-176
5.600000000000000000e+04 1.880049020909834866e-176
5.606400000000000000e+04 1.880049020909834866e-176
5.612800000000000000e+04 1.880049020909834866e-176
5.619200000000000000e+04 1.572110520433813232e-176
5.625600000000000000e+04 1.318337673734182567e-176
5.632000000000000000e+04 1.318337673734182567e-176
5.638400000000000000e+04 1.318337673734182567e-176
5.644800000000000000e+04 1.318337673734182567e-176
5.651200000000000000e+04 1.318337673734182567e-176
5.657600000000000000e+04 2.851230290062620698e-177
5.664000000000000000e+04 2.744248797645133168e-177
5.670400000000000000e+04 2.744248797645133168e-177
5.676800000000000000e+04 1.312580716612100960e-178
5.683200000000000000e+04 1.312580716612100960e-178
5.689600000000000000e+04 1.145278830901474994e-178
5.696000000000000000e+04 1.145278830901474994e-178
5.702400000000000000e+04 8.873378726078917409e-179
5.708800000000000000e+04 8.873378726078917409e-179
5.715200000000000000e+04 4.949386983012804621e-179
5.721600000000000000e+04 4.949386983012804621e-179
5.728000000000000000e+04 4.146794251703787451e-179
5.734400000000000000e+04 4.146794251703787451e-179
5.740800000000000000e+04 4.146794251703787451e-179
5.747200000000000000e+04 4.146794251703787451e-179
5.753600000000000000e+04 1.910760395211383229e-179
5.760000000000000000e+04 1.581209207076896830e-179
5.766400000000000000e+04 1.026647215245276394e-180
5.772800000000000000e+04 1.026647215245276394e-180
5.779200000000000000e+04 4.338863890310478406e-182
5.785600000000000000e+04 4.338863890310478406e-182
5.792000000000000000e+04 4.338863890310478406e-182
5.798400000000000000e+04 4.338863890310478406e-182
5.804800000000000000e+04 4.338863890310478406e-182
5.811200000000000000e+04 1.312043738636882607e-183
5.817600000000000000e+04 1.312043738636882607e-183
5.824000000000000000e+04 1.312043738636882607e-183
5.830400000000000000e+04 1.312043738636882607e-183
5.836800000000000000e+04 1.312043738636882607e-183
5.843200000000000000e+04 1.312043738636882607e-183
5.849600000000000000e+04 1.312043738636882607e-183
5.856000000000000000e+04 1.312043738636882607e-183
5.862400000000000000e+04 1.312043738636882607e-183
5.868800000000000000e+04 1.312043738636882607e-183
5.875200000000000000e+04 1.179294924621032594e-183
5.881600000000000000e+04 1.035026006054836743e-183
5.888000000000000000e+04 2.410121185822066300e-184
5.894400000000000000e+04 2.410121185822066300e-184
5.900800000000000000e+04 2.410121185822066300e-184
5.907200000000000000e+04 8.778393879085389600e-186
5.913600000000000000e+04 5.383605198264423212e-186
5.920000000000000000e+04 5.383605198264423212e-186
5.926400000000000000e+04 5.383605198264423212e-186
5.932800000000000000e+04 5.383605198264423212e-186
5.939200000000000000e+04 5.383605198264423212e-186
5.945600000000000000e+04 4.781491413009768706e-187
5.952000000000000000e+04 4.781491413009768706e-187
5.958400000000000000e+04 4.781491413009768706e-187
5.964800000000000000e+04 4.781491413009768706e-187
5.971200000000000000e+04 4.781491413009768706e-187
5.977600000000000000e+04 4.781491413009768706e-187
5.984000000000000000e+04 1.969244872470152902e-187
5.990400000000000000e+04 1.969244872470152902e-187
5.996800000000000000e+04 1.427577577936234090e-187
6.003200000000000000e+04 1.260486741159787101e-187
6.009600000000000000e+04 4.135665022683423669e-188
6.016000000000000000e+04 1.638749026427280023e-188
6.022400000000000000e+04 1.638749026427280023e-188
6.028800000000000000e+04 9.865408975522839368e-190
6.035200000000000000e+04 9.865408975522839368e-190
6.041600000000000000e+04 9.865408975522839368e-190
6.048000000000000000e+04 9.865408975522839368e-190
6.054400000000000000e+04 9.865408975522839368e-190
6.060800000000000000e+04 9.865408975522839368e-190
6.067200000000000000e+04 9.865408975522839368e-190
6.073600000000000000e+04 9.865408975522839368e-190
6.080000000000000000e+04 4.862286787687385863e-190
6.086400000000000000e+04 4.862286787687385863e-190
6.092800000000000000e+04 6.155946469053594240e-191
6.099200000000000000e+04 6.155946469053594240e-191
6.105600000000000000e+04 6.155946469053594240e-191
6.112000000000000000e+04 1.156982972791257480e-191
6.118400000000000000e+04 1.156982972791257480e-191
6.124800000000000000e+04 1.156982972791257480e-191
6.131200000000000000e+04 8.645344246847911656e-192
6.137600000000000000e+04 8.645344246847911656e-192
6.144000000000000000e+04 5.112060613338026691e-192
6.150400000000000000e+04 3.338469021614796555e-193
6.156800000000000000e+04 3.338469021614796555e-193
6.163200000000000000e+04 3.338469021614796555e-193
6.169600000000000000e+04 3.338469021614796555e-193
6.176000000000000000e+04 3.338469021614796555e-193
6.182400000000000000e+04 3.981092887597878915e-194
6.188800000000000000e+04 1.814296640754447570e-194
6.195200000000000000e+04 1.814296640754447570e-194
6.201600000000000000e+04 1.814296640754447570e-194
6.208000000000000000e+04 4.539484972729107956e-195
6.214400000000000000e+04 4.539484972729107956e-195
6.220800000000000000e+04 4.539484972729107956e-195
6.227200000000000000e+04 4.539484972729107956e-195
6.233600000000000000e+04 4.539484972729107956e-195
6.240000000000000000e+04 3.651534014473126725e-195
6.246400000000000000e+04 1.181572987430103410e-195
6.252800000000000000e+04 1.181572987430103410e-195
6.259200000000000000e+04 1.181572987430103410e-195
6.265600000000000000e+04 1.181572987430103410e-195
6.272000000000000000e+04 1.635878145958523309e-197
6.278400000000000000e+04 1.635878145958523309e-197
6.284800000000000000e+04 1.635878145958523309e-197
6.291200000000000000e+04 1.635878145958523309e-197
6.297600000000000000e+04 1.635878145958523309e-197
6.304000000000000000e+04 1.635878145958523309e-197
6.310400000000000000e+04 1.635878145958523309e-197
6.316800000000000000e+04 1.635878145958523309e-197
6.323200000000000000e+04 1.635878145958523309e-197
6.329600000000000000e+04 1.635878145958523309e-197
6.336000000000000000e+04 5.089927149166133267e-199
6.342400000000000000e+04 5.089927149166133267e-199
6.348800000000000000e+04 5.089927149166133267e-199
6.355200000000000000e+04 5.089927149166133267e-199
6.361600000000000000e+04 5.089927149166133267e-199
6.368000000000000000e+04 5.089927149166133267e-199
6.374400000000000000e+04 4.973604590942587836e-200
6.380800000000000000e+04 4.973604590942587836e-200
6.387200000000000000e+04 4.973604590942587836e-200
6.393600000000000000e+04 4.973604590942587836e-200
6.400000000000000000e+04 4.973604590942587836e-200
6.406400000000000000e+04 4.973604590942587836e-200
6.412800000000000000e+04 2.162383845349437018e-201
6.419200000000000000e+04 2.162383845349437018e-201
6.425600000000000000e+04 2.162383845349437018e-201
6.432000000000000000e+04 2.162383845349437018e-201
6.438400000000000000e+04 2.162383845349437018e-201
6.444800000000000000e+04 2.162383845349437018e-201
6.451200000000000000e+04 2.162383845349437018e-201
6.457600000000000000e+04 1.927257175806671090e-201
6.464000000000000000e+04 1.927257175806671090e-201
6.470400000000000000e+04 1.610245870512654973e-201
6.476800000000000000e+04 3.810918416913461650e-202
6.483200000000000000e+04 3.810918416913461650e-202
6.489600000000000000e+04 3.810918416913461650e-202
6.496000000000000000e+04 2.130527280555657970e-202
6.502400000000000000e+04 1.662462319472396452e-202
6.508800000000000000e+04 1.324447398250742604e-202
6.515200000000000000e+04 1.324447398250742604e-202
6.521600000000000000e+04 8.398657957699331273e-203
6.528000000000000000e+04 8.398657957699331273e-203
6.534400000000000000e+04 8.398657957699331273e-203
6.540800000000000000e+04 4.998939064012072382e-204
6.547200000000000000e+04 4.998939064012072382e-204
6.553600000000000000e+04 4.998939064012072382e-204
6.560000000000000000e+04 4.645621076776267785e-204
6.566400000000000000e+04 3.905187898764962071e-205
6.572800000000000000e+04 3.905187898764962071e-205
6.579200000000000000e+04 2.452271384339874162e-205
6.585600000000000000e+04 2.452271384339874162e-205
6.592000000000000000e+04 1.539813507192382256e-205
6.598400000000000000e+04 1.539813507192382256e-205
6.604800000000000000e+04 1.539813507192382256e-205
6.611200000000000000e+04 9.159563304618705696e-206
6.617600000000000000e+04 9.159563304618705696e-206
6.624000000000000000e+04 9.159563304618705696e-206
6.630400000000000000e+04 5.811946682131783581e-207
6.636800000000000000e+04 5.811946682131783581e-207
6.643200000000000000e+04 5.811946682131783581e-207
6.649600000000000000e+04 5.811946682131783581e-207
6.656000000000000000e+04 5.811946682131783581e-207
6.662400000000000000e+04 5.297025890713153132e-207
6.668800000000000000e+04 5.297025890713153132e-207
6.675200000000000000e+04 2.125451362794128448e-207
6.681600000000000000e+04 2.125451362794128448e-207
6.688000000000000000e+04 1.163632007487130222e-207
6.694400000000000000e+04 4.909974710588754258e-208
6.700800000000000000e+04 4.909974710588754258e-208
6.707200000000000000e+04 2.359133057560018341e-208
6.713600000000000000e+04 1.305604766242650370e-208
6.720000000000000000e+04 1.062520817090040693e-208
6.726400000000000000e+04 1.062520817090040693e-208
6.732800000000000000e+04 1.062520817090040693e-208
6.739200000000000000e+04 1.062520817090040693e-208
6.745600000000000000e+04 1.000093482953005398e-208
6.752000000000000000e+04 3.394591003996308585e-209
6.758400000000000000e+04 1.309132670228731318e-209
6.764800000000000000e+04 1.452259587413198515e-210
6.771200000000000000e+04 1.093390533401592141e-210
6.777600000000000000e+04 1.093390533401592141e-210
6.784000000000000000e+04 1.093390533401592141e-210
6.790400000000000000e+04 9.413366748948430125e-211
6.796800000000000000e+04 2.372065678984266212e-211
6.803200000000000000e+04 2.372065678984266212e-211
6.809600000000000000e+04 2.372065678984266212e-211
6.816000000000000000e+04 1.203973202426961448e-211
6.822400000000000000e+04 1.203973202426961448e-211
6.828800000000000000e+04 1.109674908710132355e-211
6.835200000000000000e+04 1.540847005731572613e-214
6.841600000000000000e+04 1.540847005731572613e-214
6.848000000000000000e+04 1.540847005731572613e-214
6.854400000000000000e+04 1.540847005731572613e-214
6.860800000000000000e+04 1.540847005731572613e-214
6.867200000000000000e+04 1.540847005731572613e-214
6.873600000000000000e+04 1.540847005731572613e-214
6.880000000000000000e+04 1.540847005731572613e-214
6.886400000000000000e+04 1.540847005731572613e-214
6.892800000000000000e+04 1.540847005731572613e-214
6.899200000000000000e+04 1.540847005731572613e-214
6.905600000000000000e+04 1.540847005731572613e-214
6.912000000000000000e+04 1.540847005731572613e-214
6.918400000000000000e+04 1.540847005731572613e-214
6.924800000000000000e+04 6.509732826039596822e-215
6.931200000000000000e+04 6.509732826039596822e-215
6.937600000000000000e+04 3.390605904820329855e-215
6.944000000000000000e+04 3.390605904820329855e-215
6.950400000000000000e+04 2.198001865536929537e-215
6.956800000000000000e+04 2.198001865536929537e-215
6.963200000000000000e+04 3.060496057760748137e-216
6.969600000000000000e+04 3.060496057760748137e-216
6.976000000000000000e+04 3.060496057760748137e-216
6.982400000000000000e+04 8.741264889859917035e-217
6.988800000000000000e+04 8.741264889859917035e-217
6.995200000000000000e+04 8.399149162091808525e-217
7.001600000000000000e+04 3.832894226148910007e-218
7.008000000000000000e+04 3.832894226148910007e-218
7.014400000000000000e+04 3.832894226148910007e-218
7.020800000000000000e+04 5.805380286471076452e-219
7.027200000000000000e+04 5.805380286471076452e-219
7.033600000000000000e+04 5.805380286471076452e-219
7.040000000000000000e+04 5.805380286471076452e-219
7.046400000000000000e+04 5.805380286471076452e-219
7.052800000000000000e+04 5.805380286471076452e-219
7.059200000000000000e+04 5.805380286471076452e-219
7.065600000000000000e+04 5.805380286471076452e-219
7.072000000000000000e+04 5.805380286471076452e-219
7.078400000000000000e+04 5.805380286471076452e-219
7.084800000000000000e+04 5.805380286471076452e-219
7.091200000000000000e+04 5.805380286471076452e-219
7.097600000000000000e+04 5.805380286471076452e-219
7.104000000000000000e+04 3.944289280299383543e-219
7.110400000000000000e+04 2.205849370939576755e-219
7.116800000000000000e+04 4.218776081625799331e-220
7.123200000000000000e+04 4.162681333694886586e-220
7.129600000000000000e+04 1.284885915836981505e-220
7.136000000000000000e+04 1.108792729179048787e-220
7.142400000000000000e+04 1.108792729179048787e-220
7.148800000000000000e+04 1.732727823529592328e-221
7.155200000000000000e+04 1.732727823529592328e-221
7.161600000000000000e+04 1.732727823529592328e-221
7.168000000000000000e+04 1.732727823529592328e-221
7.174400000000000000e+04 1.732727823529592328e-221
7.180800000000000000e+04 7.288457831171484288e-222
7.187200000000000000e+04 7.288457831171484288e-222
7.193600000000000000e+04 2.282212659289509612e-223
7.200000000000000000e+04 2.282212659289509612e-223
7.206400000000000000e+04 2.282212659289509612e-223
7.212800000000000000e+04 2.282212659289509612e-223
7.219200000000000000e+04 2.282212659289509612e-223
7.225600000000000000e+04 2.282212659289509612e-223
7.232000000000000000e+04 2.282212659289509612e-223
7.238400000000000000e+04 2.282212659289509612e-223
7.244800000000000000e+04 1.704032794841829320e-224
7.251200000000000000e+04 1.704032794841829320e-224
7.257600000000000000e+04 1.704032794841829320e-224
7.264000000000000000e+04 7.589731905849079294e-225
7.270400000000000000e+04 7.589731905849079294e-225
7.276800000000000000e+04 3.683738591804650559e-225
7.283200000000000000e+04 3.683738591804650559e-225
7.289600000000000000e+04 8.159460457796136312e-226
7.296000000000000000e+04 8.159460457796136312e-226
7.302400000000000000e+04 8.159460457796136312e-226
7.308800000000000000e+04 3.883509221845894197e-227
7.315200000000000000e+04 3.883509221845894197e-227
7.321600000000000000e+04 3.883509221845894197e-227
7.328000000000000000e+04 3.883509221845894197e-227
7.334400000000000000e+04 3.446943702170537586e-227
7.340800000000000000e+04 3.446943702170537586e-227
7.347200000000000000e+04 1.441343059676260492e-227
7.353600000000000000e+04 7.072604262831433091e-228
7.360000000000000000e+04 5.272175424679520181e-228
7.366400000000000000e+04 5.272175424679520181e-228
7.372800000000000000e+04 5.272175424679520181e-228
7.379200000000000000e+04 5.272175424679520181e-228
7.385600000000000000e+04 5.272175424679520181e-228
7.392000000000000000e+04 5.272175424679520181e-228
7.398400000000000000e+04 3.302983838412018863e-228
7.404800000000000000e+04 3.302983838412018863e-228
7.411200000000000000e+04 4.761338995651414232e-229
7.417600000000000000e+04 2.314235526654013170e-229
7.424000000000000000e+04 2.314235526654013170e-229
7.430400000000000000e+04 2.314235526654013170e-229
7.436800000000000000e+04 4.019301681989887192e-230
7.443200000000000000e+04 4.019301681989887192e-230
7.449600000000000000e+04 4.019301681989887192e-230
7.456000000000000000e+04 6.943587049559088833e-231
7.462400000000000000e+04 6.943587049559088833e-231
7.468800000000000000e+04 6.943587049559088833e-231
7.475200000000000000e+04 6.943587049559088833e-231
7.481600000000000000e+04 6.943587049559088833e-231
7.488000000000000000e+04 3.408114513840762704e-232
7.494400000000000000e+04 3.408114513840762704e-232
7.500800000000000000e+04 3.408114513840762704e-232
7.507200000000000000e+04 3.408114513840762704e-232
7.513600000000000000e+04 3.408114513840762704e-232
7.520000000000000000e+04 3.408114513840762704e-232
7.526400000000000000e+04 6.564666596082387557e-233
7.532800000000000000e+04 6.564666596082387557e-233
7.539200000000000000e+04 6.564666596082387557e-233
7.545600000000000000e+04 4.439950720981692078e-233
7.552000000000000000e+04 3.926733140293136344e-234
7.558400000000000000e+04 3.926733140293136344e-234
7.564800000000000000e+04 3.926733140293136344e-234
7.571200000000000000e+04 3.926733140293136344e-234
7.577600000000000000e+04 3.926733140293136344e-234
7.584000000000000000e+04 3.267848153716622937e-234
7.590400000000000000e+04 2.949367329119141359e-234
7.596800000000000000e+04 2.949367329119141359e-234
7.603200000000000000e+04 1.239007321133255516e-234
7.609600000000000000e+04 5.950743787588496339e-235
7.616000000000000000e+04 5.950743787588496339e-235
7.622400000000000000e+04 5.950743787588496339e-235
7.628800000000000000e+04 3.767918855186831551e-235
7.635200000000000000e+04 3.767918855186831551e-235
7.641600000000000000e+04 2.262153134152657938e-235
7.648000000000000000e+04 1.607684173271624967e-236
7.654400000000000000e+04 1.607684173271624967e-236
7.660800000000000000e+04 1.607684173271624967e-236
7.667200000000000000e+04 8.632504055014238996e-238
7.673600000000000000e+04 8.632504055014238996e-238
7.680000000000000000e+04 8.632504055014238996e-238
7.686400000000000000e+04 8.632504055014238996e-238
7.692800000000000000e+04 8.632504055014238996e-238
7.699200000000000000e+04 2.297499986656052239e-238
7.705600000000000000e+04 2.297499986656052239e-238
7.712000000000000000e+04 2.297499986656052239e-238
7.718400000000000000e+04 2.297499986656052239e-238
7.724800000000000000e+04 2.297499986656052239e-238
7.731200000000000000e+04 2.277008132743934457e-238
7.737600000000000000e+04 2.277008132743934457e-238
7.744000000000000000e+04 1.244617609054482610e-238
7.750400000000000000e+04 1.398139084926191784e-239
7.756800000000000000e+04 1.398139084926191784e-239
7.763200000000000000e+04 1.398139084926191784e-239
7.769600000000000000e+04 9.862099861144453231e-240
7.776000000000000000e+04 9.862099861144453231e-240
7.782400000000000000e+04 6.806035090807850001e-241
7.788800000000000000e+04 6.806035090807850001e-241
7.795200000000000000e+04 6.806035090807850001e-241
7.801600000000000000e+04 6.806035090807850001e-241
7.808000000000000000e+04 6.806035090807850001e-241
7.814400000000000000e+04 9.580363965185504199e-242
7.820800000000000000e+04 9.580363965185504199e-242
7.827200000000000000e+04 5.085195442901485702e-242
7.833600000000000000e+04 5.085195442901485702e-242
7.840000000000000000e+04 3.121969746429153385e-243
7.846400000000000000e+04 3.121969746429153385e-243
7.852800000000000000e+04 3.121969746429153385e-243
7.859200000000000000e+04 2.397059017783123288e-244
7.865600000000000000e+04 2.397059017783123288e-244
7.872000000000000000e+04 2.397059017783123288e-244
7.878400000000000000e+04 2.397059017783123288e-244
7.884800000000000000e+04 5.000592388608131064e-245
7.891200000000000000e+04 5.000592388608131064e-245
7.897600000000000000e+04 5.000592388608131064e-245
7.904000000000000000e+04 5.000592388608131064e-245
7.910400000000000000e+04 5.000592388608131064e-245
7.916800000000000000e+04 5.000592388608131064e-245
7.923200000000000000e+04 5.000592388608131064e-245
7.929600000000000000e+04 5.000592388608131064e-245
7.936000000000000000e+04 3.425294308157786772e-245
7.942400000000000000e+04 3.425294308157786772e-245
7.948800000000000000e+04 1.445265535686904618e-245
7.955200000000000000e+04 1.445265535686904618e-245
7.961600000000000000e+04 1.417546601555973301e-245
7.968000000000000000e+04 1.417546601555973301e-245
7.974400000000000000e+04 4.729691552165929470e-246
7.980800000000000000e+04 4.729691552165929470e-246
7.987200000000000000e+04 1.875073743771803818e-246
7.993600000000000000e+04 1.875073743771803818e-246
8.000000000000000000e+04 7.018672277089401968e-247
8.006400000000000000e+04 4.483252231900568349e-248
8.012800000000000000e+04 4.483252231900568349e-248
8.019200000000000000e+04 4.483252231900568349e-248
8.025600000000000000e+04 4.483252231900568349e-248
8.032000000000000000e+04 4.483252231900568349e-248
8.038400000000000000e+04 1.147689533131374679e-248
8.044800000000000000e+04 1.147689533131374679e-248
8.051200000000000000e+04 2.025402495005121650e-249
8.057600000000000000e+04 3.913083574998155646e-250
8.064000000000000000e+04 3.913083574998155646e-250
8.070400000000000000e+04 3.913083574998155646e-250
8.076800000000000000e+04 3.913083574998155646e-250
8.083200000000000000e+04 3.913083574998155646e-250
8.089600000000000000e+04 3.913083574998155646e-250
8.096000000000000000e+04 3.913083574998155646e-250
8.102400000000000000e+04 2.416772738672910030e-250
8.108800000000000000e+04 3.706200835424444842e-251
8.115200000000000000e+04 3.706200835424444842e-251
8.121600000000000000e+04 3.706200835424444842e-251
8.128000000000000000e+04 3.706200835424444842e-251
8.134400000000000000e+04 3.706200835424444842e-251
8.140800000000000000e+04 3.706200835424444842e-251
8.147200000000000000e+04 1.825987803593514079e-251
8.153600000000000000e+04 5.174911032841450005e-252
8.160000000000000000e+04 5.174911032841450005e-252
8.166400000000000000e+04 5.174911032841450005e-252
8.172800000000000000e+04 5.174911032841450005e-252
8.179200000000000000e+04 5.174911032841450005e-252
8.185600000000000000e+04 4.998182079852185327e-254
8.192000000000000000e+04 4.998182079852185327e-254
8.198400000000000000e+04 4.998182079852185327e-254
8.204800000000000000e+04 4.998182079852185327e-254
8.211200000000000000e+04 4.998182079852185327e-254
8.217600000000000000e+04 4.998182079852185327e-254
8.224000000000000000e+04 4.998182079852185327e-254
8.230400000000000000e+04 4.998182079852185327e-254
8.236800000000000000e+04 1.709198401427136822e-254
8.243200000000000000e+04 1.709198401427136822e-254
8.249600000000000000e+04 1.709198401427136822e-254
8.256000000000000000e+04 1.092225246164903216e-254
8.262400000000000000e+04 3.620682223663741191e-255
8.268800000000000000e+04 2.325250494994451436e-255
8.275200000000000000e+04 2.211188992375502654e-255
8.281600000000000000e+04 2.211188992375502654e-255
8.288000000000000000e+04 1.699160133951625692e-255
8.294400000000000000e+04 2.534094462194789076e-256
8.300800000000000000e+04 2.534094462194789076e-256
8.307200000000000000e+04 2.534094462194789076e-256
8.313600000000000000e+04 2.534094462194789076e-256
8.320000000000000000e+04 6.392823524837907854e-257
8.326400000000000000e+04 6.392823524837907854e-257
8.332800000000000000e+04 6.392823524837907854e-257
8.339200000000000000e+04 6.392823524837907854e-257
8.345600000000000000e+04 6.392823524837907854e-257
8.352000000000000000e+04 7.216259881969704176e-259
8.358400000000000000e+04 7.216259881969704176e-259
8.364800000000000000e+04 7.216259881969704176e-259
8.371200000000000000e+04 3.645467321248549065e-259
8.377600000000000000e+04 3.645467321248549065e-259
8.384000000000000000e+04 3.645467321248549065e-259
8.390400000000000000e+04 2.965543579244913529e-260
8.396800000000000000e+04 2.965543579244913529e-260
8.403200000000000000e+04 2.965543579244913529e-260
8.409600000000000000e+04 2.861789200049631375e-260
8.416000000000000000e+04 2.861789200049631375e-260
8.422400000000000000e+04 2.861789200049631375e-260
8.428800000000000000e+04 2.861789200049631375e-260
8.435200000000000000e+04 2.861789200049631375e-260
8.441600000000000000e+04 4.569476643014774111e-261
8.448000000000000000e+04 2.233150186365611240e-262
8.454400000000000000e+04 2.233150186365611240e-262
8.460800000000000000e+04 2.233150186365611240e-262
8.467200000000000000e+04 2.233150186365611240e-262
8.473600000000000000e+04 2.233150186365611240e-262
8.480000000000000000e+04 2.233150186365611240e-262
8.486400000000000000e+04 1.225642022020512555e-262
8.492800000000000000e+04 1.225642022020512555e-262
8.499200000000000000e+04 1.225642022020512555e-262
8.505600000000000000e+04 1.225642022020512555e-262
8.512000000000000000e+04 2.242784423941561878e-263
8.518400000000000000e+04 3.141453543374381739e-264
8.524800000000000000e+04 1.121756334384762442e-264
8.531200000000000000e+04 1.121756334384762442e-264
8.537600000000000000e+04 1.062435199374947996e-264
8.544000000000000000e+04 1.062435199374947996e-264
8.550400000000000000e+04 1.062435199374947996e-264
8.556800000000000000e+04 6.168436117242229551e-265
8.563200000000000000e+04 9.879024050010433651e-266
8.569600000000000000e+04 9.879024050010433651e-266
8.576000000000000000e+04 9.879024050010433651e-266
8.582400000000000000e+04 1.357946498902771827e-266
8.588800000000000000e+04 1.357946498902771827e-266
8.595200000000000000e+04 1.357946498902771827e-266
8.601600000000000000e+04 8.250436836406465755e-267
8.608000000000000000e+04 8.250436836406465755e-267
8.614400000000000000e+04 8.250436836406465755e-267
8.620800000000000000e+04 5.566963041422572760e-267
8.627200000000000000e+04 5.566963041422572760e-267
8.633600000000000000e+04 4.375337687741563406e-267
8.640000000000000000e+04 3.487806134984200101e-267
8.646400000000000000e+04 1.676621734443758922e-267
8.652800000000000000e+04 9.019667990379334276e-268
8.659200000000000000e+04 7.869361171483199650e-268
8.665600000000000000e+04 4.535542703675585722e-268
8.672000000000000000e+04 4.535542703675585722e-268
8.678400000000000000e+04 4.535542703675585722e-268
8.684800000000000000e+04 2.163652900698617537e-269
8.691200000000000000e+04 9.303548160713478679e-271
8.697600000000000000e+04 9.303548160713478679e-271
8.704000000000000000e+04 9.303548160713478679e-271
8.710400000000000000e+04 9.303548160713478679e-271
8.716800000000000000e+04 9.303548160713478679e-271
8.723200000000000000e+04 4.701345216335823291e-271
8.729600000000000000e+04 4.701345216335823291e-271
8.736000000000000000e+04 1.307164885822128591e-271
8.742400000000000000e+04 1.307164885822128591e-271
8.748800000000000000e+04 1.244871704129234563e-271
8.755200000000000000e+04 1.244871704129234563e-271
8.761600000000000000e+04 1.244871704129234563e-271
8.768000000000000000e+04 1.244871704129234563e-271
8.774400000000000000e+04 1.601921372410184118e-272
8.780800000000000000e+04 1.601921372410184118e-272
8.787200000000000000e+04 1.480019008588898486e-272
8.793600000000000000e+04 1.480019008588898486e-272
8.800000000000000000e+04 4.398704087716811633e-274
8.806400000000000000e+04 4.398704087716811633e-274
8.812800000000000000e+04 4.398704087716811633e-274
8.819200000000000000e+04 4.398704087716811633e-274
8.825600000000000000e+04 4.398704087716811633e-274
8.832000000000000000e+04 4.398704087716811633e-274
8.838400000000000000e+04 8.358289330010475735e-275
8.844800000000000000e+04 8.358289330010475735e-275
8.851200000000000000e+04 8.358289330010475735e-275
8.857600000000000000e+04 8.358289330010475735e-275
8.864000000000000000e+04 5.050078792703040421e-275
8.870400000000000000e+04 7.728648974958817647e-276
8.876800000000000000e+04 3.319096378776721364e-276
8.883200000000000000e+04 3.319096378776721364e-276
8.889600000000000000e+04 3.319096378776721364e-276
8.896000000000000000e+04 3.319096378776721364e-276
8.902400000000000000e+04 2.789599410029075793e-276
8.908800000000000000e+04 2.789599410029075793e-276
8.915200000000000000e+04 1.664004176547316341e-276
8.921600000000000000e+04 1.664004176547316341e-276
8.928000000000000000e+04 1.688959100489665032e-277
8.934400000000000000e+04 1.688959100489665032e-277
8.940800000000000000e+04 1.054665465279383974e-277
8.947200000000000000e+04 1.896418908484650331e-278
8.953600000000000000e+04 1.896418908484650331e-278
8.960000000000000000e+04 1.896418908484650331e-278
8.966400000000000000e+04 1.896418908484650331e-278
8.972800000000000000e+04 1.896418908484650331e-278
8.979200000000000000e+04 1.453205614494672563e-278
8.985600000000000000e+04 1.295718288427820560e-278
8.992000000000000000e+04 2.542869048349975860e-279
8.998400000000000000e+04 2.542869048349975860e-279
9.004800000000000000e+04 2.542869048349975860e-279
9.011200000000000000e+04 4.011848582580056468e-280
9.017600000000000000e+04 4.011848582580056468e-280
9.024000000000000000e+04 4.011848582580056468e-280
9.030400000000000000e+04 4.011848582580056468e-280
9.036800000000000000e+04 1.297845292041722602e-280
9.043200000000000000e+04 1.297845292041722602e-280
9.049600000000000000e+04 1.297845292041722602e-280
9.056000000000000000e+04 9.302485981580498832e-281
9.062400000000000000e+04 2.030924695603660694e-281
9.068800000000000000e+04 2.030924695603660694e-281
9.075200000000000000e+04 1.288500738063077284e-281
9.081600000000000000e+04 1.162774349378211885e-281
9.088000000000000000e+04 1.162774349378211885e-281
9.094400000000000000e+04 6.381197699920076360e-283
9.100800000000000000e+04 6.381197699920076360e-283
9.107200000000000000e+04 6.381197699920076360e-283
9.113600000000000000e+04 6.381197699920076360e-283
9.120000000000000000e+04 6.381197699920076360e-283
9.126400000000000000e+04 6.381197699920076360e-283
9.132800000000000000e+04 1.590957842226648120e-284
9.139200000000000000e+04 1.590957842226648120e-284
9.145600000000000000e+04 1.590957842226648120e-284
9.152000000000000000e+04 1.590957842226648120e-284
9.158400000000000000e+04 1.590957842226648120e-284
9.164800000000000000e+04 1.221550284460756460e-285
9.171200000000000000e+04 1.221550284460756460e-285
9.177600000000000000e+04 1.221550284460756460e-285
9.184000000000000000e+04 1.221550284460756460e-285
9.190400000000000000e+04 1.221550284460756460e-285
9.196800000000000000e+04 1.221550284460756460e-285
9.203200000000000000e+04 1.221550284460756460e-285
9.209600000000000000e+04 6.722024853789936882e-287
9.216000000000000000e+04 6.722024853789936882e-287
9.222400000000000000e+04 6.722024853789936882e-287
9.228800000000000000e+04 6.722024853789936882e-287
9.235200000000000000e+04 6.722024853789936882e-287
9.241600000000000000e+04 6.722024853789936882e-287
9.248000000000000000e+04 6.722024853789936882e-287
9.254400000000000000e+04 6.722024853789936882e-287
9.260800000000000000e+04 2.222042761111379118e-287
9.267200000000000000e+04 4.286710943275996294e-288
9.273600000000000000e+04 4.286710943275996294e-288
9.280000000000000000e+04 4.286710943275996294e-288
9.286400000000000000e+04 4.286710943275996294e-288
9.292800000000000000e+04 4.286710943275996294e-288
9.299200000000000000e+04 4.286710943275996294e-288
9.305600000000000000e+04 1.736658247751191398e-288
9.312000000000000000e+04 1.736658247751191398e-288
9.318400000000000000e+04 6.162533323759279051e-289
9.324800000000000000e+04 6.162533323759279051e-289
9.331200000000000000e+04 6.162533323759279051e-289
9.337600000000000000e+04 5.951343380115350339e-289
9.344000000000000000e+04 5.820419720196577358e-289
9.350400000000000000e+04 4.577054414715467333e-289
9.356800000000000000e+04 3.595023299966498897e-289
9.363200000000000000e+04 1.547492930852876835e-289
9.369600000000000000e+04 6.856799914218227675e-290
9.376000000000000000e+04 6.856799914218227675e-290
9.382400000000000000e+04 3.162066971217027383e-292
9.388800000000000000e+04 3.162066971217027383e-292
9.395200000000000000e+04 3.162066971217027383e-292
9.401600000000000000e+04 3.162066971217027383e-292
9.408000000000000000e+04 3.162066971217027383e-292
9.414400000000000000e+04 3.162066971217027383e-292
9.420800000000000000e+04 3.162066971217027383e-292
9.427200000000000000e+04 3.162066971217027383e-292
9.433600000000000000e+04 3.162066971217027383e-292
9.440000000000000000e+04 3.162066971217027383e-292
9.446400000000000000e+04 3.162066971217027383e-292
9.452800000000000000e+04 1.120256899216259372e-292
9.459200000000000000e+04 3.117746600065417511e-294
9.465600000000000000e+04 3.117746600065417511e-294
9.472000000000000000e+04 3.117746600065417511e-294
9.478400000000000000e+04 4.364802502345383321e-295
9.484800000000000000e+04 4.364802502345383321e-295
9.491200000000000000e+04 4.364802502345383321e-295
9.497600000000000000e+04 2.200111873715466217e-295
9.504000000000000000e+04 2.200111873715466217e-295
9.510400000000000000e+04 2.200111873715466217e-295
9.516800000000000000e+04 2.200111873715466217e-295
9.523200000000000000e+04 2.197404906603852042e-295
9.529600000000000000e+04 2.197404906603852042e-295
9.536000000000000000e+04 1.050275880682734482e-295
9.542400000000000000e+04 1.050275880682734482e-295
9.548800000000000000e+04 1.050275880682734482e-295
9.555200000000000000e+04 4.170747821514848669e-296
9.561600000000000000e+04 1.174211464582741422e-297
9.568000000000000000e+04 1.174211464582741422e-297
9.574400000000000000e+04 1.174211464582741422e-297
9.580800000000000000e+04 1.174211464582741422e-297
9.587200000000000000e+04 1.174211464582741422e-297
9.593600000000000000e+04 1.174211464582741422e-297
9.600000000000000000e+04 1.556267122758104462e-298
9.606400000000000000e+04 1.556267122758104462e-298
9.612800000000000000e+04 1.556267122758104462e-298
9.619200000000000000e+04 1.556267122758104462e-298
9.625600000000000000e+04 1.092301745698986851e-298
9.632000000000000000e+04 1.092301745698986851e-298
9.638400000000000000e+04 5.921169542685281395e-299
9.644800000000000000e+04 5.921169542685281395e-299
9.651200000000000000e+04 5.921169542685281395e-299
9.657600000000000000e+04 5.391871255832749471e-300
9.664000000000000000e+04 5.391871255832749471e-300
9.670400000000000000e+04 2.822290361236663102e-300
9.676800000000000000e+04 2.822290361236663102e-300
9.683200000000000000e+04 8.576133246772027459e-301
9.689600000000000000e+04 8.576133246772027459e-301
9.696000000000000000e+04 8.576133246772027459e-301
9.702400000000000000e+04 8.576133246772027459e-301
9.708800000000000000e+04 5.186422677715059602e-301
9.715200000000000000e+04 8.059217026018682971e-302
9.721600000000000000e+04 7.151721169875372378e-302
9.728000000000000000e+04 7.151721169875372378e-302
9.734400000000000000e+04 7.151721169875372378e-302
9.740800000000000000e+04 7.151721169875372378e-302
9.747200000000000000e+04 7.151721169875372378e-302
9.753600000000000000e+04 4.893369808818642849e-303
9.760000000000000000e+04 4.893369808818642849e-303
9.766400000000000000e+04 4.893369808818642849e-303
9.772800000000000000e+04 4.893369808818642849e-303
9.779200000000000000e+04 4.865233941356544499e-304
9.785600000000000000e+04 4.865233941356544499e-304
9.792000000000000000e+04 2.224128625618413111e-304
9.798400000000000000e+04 2.224128625618413111e-304
9.804800000000000000e+04 2.224128625618413111e-304
9.811200000000000000e+04 5.613385470566725678e-305
9.817600000000000000e+04 5.613385470566725678e-305
9.824000000000000000e+04 5.613385470566725678e-305
9.830400000000000000e+04 3.892418739528251191e-305
9.836800000000000000e+04 1.152757454747925250e-305
9.843200000000000000e+04 3.586262471849470441e-306
9.849600000000000000e+04 3.586262471849470441e-306
9.856000000000000000e+04 3.586262471849470441e-306
9.862400000000000000e+04 3.586262471849470441e-306
9.868800000000000000e+04 8.774643636941395302e-307
9.875200000000000000e+04 3.186673723473742002e-307
9.881600000000000000e+04 3.186673723473742002e-307
9.888000000000000000e+04 3.186673723473742002e-307
9.894400000000000000e+04 1.239394659422308213e-309
9.900800000000000000e+04 1.239394659422308213e-309
9.907200000000000000e+04 1.239394659422308213e-309
9.913600000000000000e+04 1.239394659422308213e-309
9.920000000000000000e+04 1.239394659422308213e-309
9.926400000000000000e+04 1.239394659422308213e-309
9.932800000000000000e+04 1.239394659422308213e-309
9.939200000000000000e+04 1.239394659422308213e-309
9.945600000000000000e+04 8.142983985601556304e-310
9.952000000000000000e+04 8.142983985601556304e-310
9.958400000000000000e+04 8.142983985601556304e-310
9.964800000000000000e+04 8.142983985601556304e-310
9.971200000000000000e+04 8.142983985601556304e-310
9.977600000000000000e+04 8.142983985601556304e-310
9.984000000000000000e+04 1.510798440980425237e-310
9.990400000000000000e+04 6.590488248637098823e-311
9.996800000000000000e+04 1.372653254906056206e-311
1.000320000000000000e+05 1.138882203893794629e-311
