5.120000000000000000e+02 2.840999096943631549e-02
1.024000000000000000e+03 2.840999096943631549e-02
1.536000000000000000e+03 2.840999096943631549e-02
2.048000000000000000e+03 2.840999096943631549e-02
2.560000000000000000e+03 2.840999096943631549e-02
3.072000000000000000e+03 2.840999096943631549e-02
3.584000000000000000e+03 2.840999096943631549e-02
4.096000000000000000e+03 5.497444685717033271e-03
4.608000000000000000e+03 5.497444685717033271e-03
5.120000000000000000e+03 5.321416956338954896e-03
5.632000000000000000e+03 5.321416956338954896e-03
6.144000000000000000e+03 1.281152311125163205e-04
6.656000000000000000e+03 1.281152311125163205e-04
7.168000000000000000e+03 1.281152311125163205e-04
7.680000000000000000e+03 1.281152311125163205e-04
8.192000000000000000e+03 1.281152311125163205e-04
8.704000000000000000e+03 1.281152311125163205e-04
9.216000000000000000e+03 7.448696259625836331e-05
9.728000000000000000e+03 7.448696259625836331e-05
1.024000000000000000e+04 1.980271814531654406e-05
1.075200000000000000e+04 1.208985263117054233e-06
1.126400000000000000e+04 1.208985263117054233e-06
1.177600000000000000e+04 1.208985263117054233e-06
1.228800000000000000e+04 1.208985263117054233e-06
1.280000000000000000e+04 1.208985263117054233e-06
1.331200000000000000e+04 1.208985263117054233e-06
1.382400000000000000e+04 9.557286975327265828e-07
1.433600000000000000e+04 9.557286975327265828e-07
1.484800000000000000e+04 9.557286975327265828e-07
1.536000000000000000e+04 3.408852178399734483e-07
1.587200000000000000e+04 3.408852178399734483e-07
1.638400000000000000e+04 3.408852178399734483e-07
1.689600000000000000e+04 1.533312826431934649e-07
1.740800000000000000e+04 1.533312826431934649e-07
1.792000000000000000e+04 1.484334479939211360e-07
1.843200000000000000e+04 1.484334479939211360e-07
1.894400000000000000e+04 1.001296115327536962e-07
1.945600000000000000e+04 2.839222387245682183e-08
1.996800000000000000e+04 2.839222387245682183e-08
2.048000000000000000e+04 2.533118248943589500e-08
2.099200000000000000e+04 5.349339979596009921e-09
2.150400000000000000e+04 5.349339979596009921e-09
2.201600000000000000e+04 4.482602686419929634e-09
2.252800000000000000e+04 3.544144944053501200e-09
2.304000000000000000e+04 3.457600158590764570e-10
2.355200000000000000e+04 1.956743980289019495e-10
2.406400000000000000e+04 1.956743980289019495e-10
2.457600000000000000e+04 1.956743980289019495e-10
2.508800000000000000e+04 1.956743980289019495e-10
2.560000000000000000e+04 4.572947143634437602e-11
2.611200000000000000e+04 1.048677897223450467e-12
2.662400000000000000e+04 1.048677897223450467e-12
2.713600000000000000e+04 1.048677897223450467e-12
2.764800000000000000e+04 1.048677897223450467e-12
2.816000000000000000e+04 1.048677897223450467e-12
2.867200000000000000e+04 1.048677897223450467e-12
2.918400000000000000e+04 1.048677897223450467e-12
2.969600000000000000e+04 1.048677897223450467e-12
3.020800000000000000e+04 1.048677897223450467e-12
3.072000000000000000e+04 4.425648796629207846e-13
3.123200000000000000e+04 4.425648796629207846e-13
3.174400000000000000e+04 4.425648796629207846e-13
3.225600000000000000e+04 3.052487970681276889e-13
3.276800000000000000e+04 3.052487970681276889e-13
3.328000000000000000e+04 3.052487970681276889e-13
3.379200000000000000e+04 3.052487970681276889e-13
3.430400000000000000e+04 3.052487970681276889e-13
3.481600000000000000e+04 1.107062627962759390e-13
3.532800000000000000e+04 3.421155304324327044e-14
3.584000000000000000e+04 3.421155304324327044e-14
3.635200000000000000e+04 3.810525347448693536e-17
3.686400000000000000e+04 3.810525347448693536e-17
3.737600000000000000e+04 3.810525347448693536e-17
3.788800000000000000e+04 3.810525347448693536e-17
3.840000000000000000e+04 3.810525347448693536e-17
3.891200000000000000e+04 3.810525347448693536e-17
3.942400000000000000e+04 3.810525347448693536e-17
3.993600000000000000e+04 3.810525347448693536e-17
4.044800000000000000e+04 3.810525347448693536e-17
4.096000000000000000e+04 3.810525347448693536e-17
4.147200000000000000e+04 3.810525347448693536e-17
4.198400000000000000e+04 3.810525347448693536e-17
4.249600000000000000e+04 3.810525347448693536e-17
4.300800000000000000e+04 3.810525347448693536e-17
4.352000000000000000e+04 3.810525347448693536e-17
4.403200000000000000e+04 3.810525347448693536e-17
4.454400000000000000e+04 5.406084463295016147e-18
4.505600000000000000e+04 5.406084463295016147e-18
4.556800000000000000e+04 5.406084463295016147e-18
4.608000000000000000e+04 9.863840391443039799e-19
4.659200000000000000e+04 9.863840391443039799e-19
4.710400000000000000e+04 9.863840391443039799e-19
4.761600000000000000e+04 9.863840391443039799e-19
4.812800000000000000e+04 9.863840391443039799e-19
4.864000000000000000e+04 1.645375934509877842e-19
4.915200000000000000e+04 1.645375934509877842e-19
4.966400000000000000e+04 2.236157816134331594e-20
5.017600000000000000e+04 2.236157816134331594e-20
5.068800000000000000e+04 2.236157816134331594e-20
5.120000000000000000e+04 2.236157816134331594e-20
5.171200000000000000e+04 9.832697162888133366e-21
5.222400000000000000e+04 9.832697162888133366e-21
5.273600000000000000e+04 2.120487955603676437e-21
5.324800000000000000e+04 2.120487955603676437e-21
5.376000000000000000e+04 2.120487955603676437e-21
5.427200000000000000e+04 2.120487955603676437e-21
5.478400000000000000e+04 2.120487955603676437e-21
5.529600000000000000e+04 2.120487955603676437e-21
5.580800000000000000e+04 2.220435933099394353e-22
5.632000000000000000e+04 2.220435933099394353e-22
5.683200000000000000e+04 1.591317386887498634e-23
5.734400000000000000e+04 1.591317386887498634e-23
5.785600000000000000e+04 1.591317386887498634e-23
5.836800000000000000e+04 1.591317386887498634e-23
5.888000000000000000e+04 1.591317386887498634e-23
5.939200000000000000e+04 1.591317386887498634e-23
5.990400000000000000e+04 1.591317386887498634e-23
6.041600000000000000e+04 1.591317386887498634e-23
6.092800000000000000e+04 1.591317386887498634e-23
6.144000000000000000e+04 1.591317386887498634e-23
6.195200000000000000e+04 1.591317386887498634e-23
6.246400000000000000e+04 1.586994724945902476e-23
6.297600000000000000e+04 6.864558285565120175e-24
6.348800000000000000e+04 6.864558285565120175e-24
6.400000000000000000e+04 3.457940744212263601e-24
6.451200000000000000e+04 6.233257557226309482e-25
6.502400000000000000e+04 5.681154636522063388e-25
6.553600000000000000e+04 4.557218983728036473e-25
6.604800000000000000e+04 3.265106250568673691e-25
6.656000000000000000e+04 1.290313076674817214e-25
6.707200000000000000e+04 1.031573082212402768e-25
6.758400000000000000e+04 1.723661868210943698e-26
6.809600000000000000e+04 1.723661868210943698e-26
6.860800000000000000e+04 5.841016953500889430e-27
6.912000000000000000e+04 5.841016953500889430e-27
6.963200000000000000e+04 1.228770813554023091e-27
7.014400000000000000e+04 1.228770813554023091e-27
7.065600000000000000e+04 1.228770813554023091e-27
7.116800000000000000e+04 1.228770813554023091e-27
7.168000000000000000e+04 1.228770813554023091e-27
7.219200000000000000e+04 1.228770813554023091e-27
7.270400000000000000e+04 2.829815909169239601e-28
7.321600000000000000e+04 2.829815909169239601e-28
7.372800000000000000e+04 2.829815909169239601e-28
7.424000000000000000e+04 1.174240425908538326e-28
7.475200000000000000e+04 1.174240425908538326e-28
7.526400000000000000e+04 6.801198139345787059e-30
7.577600000000000000e+04 6.801198139345787059e-30
7.628800000000000000e+04 6.801198139345787059e-30
7.680000000000000000e+04 7.430352883895887191e-31
7.731200000000000000e+04 7.430352883895887191e-31
7.782400000000000000e+04 7.430352883895887191e-31
7.833600000000000000e+04 7.430352883895887191e-31
7.884800000000000000e+04 7.430352883895887191e-31
7.936000000000000000e+04 7.430352883895887191e-31
7.987200000000000000e+04 7.430352883895887191e-31
8.038400000000000000e+04 7.430352883895887191e-31
8.089600000000000000e+04 7.048022931571988711e-31
8.140800000000000000e+04 1.782263480684365058e-31
8.192000000000000000e+04 1.782263480684365058e-31
8.243200000000000000e+04 4.299130289151296819e-32
8.294400000000000000e+04 4.299130289151296819e-32
8.345600000000000000e+04 4.013277442503460147e-32
8.396800000000000000e+04 4.013277442503460147e-32
8.448000000000000000e+04 4.013277442503460147e-32
8.499200000000000000e+04 4.013277442503460147e-32
8.550400000000000000e+04 4.967380152659797131e-33
8.601600000000000000e+04 4.967380152659797131e-33
8.652800000000000000e+04 4.967380152659797131e-33
8.704000000000000000e+04 4.967380152659797131e-33
8.755200000000000000e+04 1.868749398999137673e-33
8.806400000000000000e+04 1.868749398999137673e-33
8.857600000000000000e+04 1.868749398999137673e-33
8.908800000000000000e+04 1.579005212459876682e-33
8.960000000000000000e+04 3.894714160878565761e-34
9.011200000000000000e+04 3.894714160878565761e-34
9.062400000000000000e+04 1.412806853051777254e-34
9.113600000000000000e+04 1.412806853051777254e-34
9.164800000000000000e+04 1.412806853051777254e-34
9.216000000000000000e+04 1.412806853051777254e-34
9.267200000000000000e+04 1.190096934799445303e-34
9.318400000000000000e+04 6.332222189590040089e-35
9.369600000000000000e+04 1.739617033441551401e-35
9.420800000000000000e+04 1.739617033441551401e-35
9.472000000000000000e+04 1.739617033441551401e-35
9.523200000000000000e+04 1.349598066039170129e-35
9.574400000000000000e+04 1.349598066039170129e-35
9.625600000000000000e+04 1.939557872448090455e-36
9.676800000000000000e+04 1.939557872448090455e-36
9.728000000000000000e+04 1.939557872448090455e-36
9.779200000000000000e+04 1.939557872448090455e-36
9.830400000000000000e+04 1.728851403357478890e-36
9.881600000000000000e+04 2.584365072669406580e-38
9.932800000000000000e+04 2.584365072669406580e-38
9.984000000000000000e+04 2.584365072669406580e-38
1.003520000000000000e+05 2.584365072669406580e-38
