5.120000000000000000e+02 2.461796716971314247e-01
1.024000000000000000e+03 2.112381425536613566e-01
1.536000000000000000e+03 9.891867361533263070e-02
2.048000000000000000e+03 9.891867361533263070e-02
2.560000000000000000e+03 1.155715329810276353e-02
3.072000000000000000e+03 1.155715329810276353e-02
3.584000000000000000e+03 1.155715329810276353e-02
4.096000000000000000e+03 1.155715329810276353e-02
4.608000000000000000e+03 2.372300966122321342e-04
5.120000000000000000e+03 2.372300966122321342e-04
5.632000000000000000e+03 2.372300966122321342e-04
6.144000000000000000e+03 2.372300966122321342e-04
6.656000000000000000e+03 2.372300966122321342e-04
7.168000000000000000e+03 2.372300966122321342e-04
7.680000000000000000e+03 2.372300966122321342e-04
8.192000000000000000e+03 2.372300966122321342e-04
8.704000000000000000e+03 1.463127117989676995e-04
9.216000000000000000e+03 1.463127117989676995e-04
9.728000000000000000e+03 1.463127117989676995e-04
1.024000000000000000e+04 1.463127117989676995e-04
1.075200000000000000e+04 6.885508540790698940e-06
1.126400000000000000e+04 6.885508540790698940e-06
1.177600000000000000e+04 6.885508540790698940e-06
1.228800000000000000e+04 6.150704679897612638e-06
1.280000000000000000e+04 6.150704679897612638e-06
1.331200000000000000e+04 6.150704679897612638e-06
1.382400000000000000e+04 6.150704679897612638e-06
1.433600000000000000e+04 6.150704679897612638e-06
1.484800000000000000e+04 1.052432276151026457e-06
1.536000000000000000e+04 1.052432276151026457e-06
1.587200000000000000e+04 1.634957910089807263e-07
1.638400000000000000e+04 1.634957910089807263e-07
1.689600000000000000e+04 4.063088686594397529e-08
1.740800000000000000e+04 4.063088686594397529e-08
1.792000000000000000e+04 4.063088686594397529e-08
1.843200000000000000e+04 4.063088686594397529e-08
1.894400000000000000e+04 4.063088686594397529e-08
1.945600000000000000e+04 4.063088686594397529e-08
1.996800000000000000e+04 9.849607287366903363e-09
2.048000000000000000e+04 9.849607287366903363e-09
2.099200000000000000e+04 2.980798254145002200e-10
2.150400000000000000e+04 2.980798254145002200e-10
2.201600000000000000e+04 2.980798254145002200e-10
2.252800000000000000e+04 2.980798254145002200e-10
2.304000000000000000e+04 2.980798254145002200e-10
2.355200000000000000e+04 2.980798254145002200e-10
2.406400000000000000e+04 2.980798254145002200e-10
2.457600000000000000e+04 2.980798254145002200e-10
2.508800000000000000e+04 2.980798254145002200e-10
2.560000000000000000e+04 2.980798254145002200e-10
2.611200000000000000e+04 1.656991521038454258e-10
2.662400000000000000e+04 1.656991521038454258e-10
2.713600000000000000e+04 1.656991521038454258e-10
2.764800000000000000e+04 5.700277464604226482e-11
2.816000000000000000e+04 5.700277464604226482e-11
2.867200000000000000e+04 4.551173155539710073e-11
2.918400000000000000e+04 3.209945249601065809e-11
2.969600000000000000e+04 2.374733007254541544e-11
3.020800000000000000e+04 2.345825320981657113e-11
3.072000000000000000e+04 2.394445215093194886e-12
3.123200000000000000e+04 3.318491663075465553e-13
3.174400000000000000e+04 3.318491663075465553e-13
3.225600000000000000e+04 3.318491663075465553e-13
3.276800000000000000e+04 3.318491663075465553e-13
3.328000000000000000e+04 3.318491663075465553e-13
3.379200000000000000e+04 3.318491663075465553e-13
3.430400000000000000e+04 6.848295318676952197e-15
3.481600000000000000e+04 6.848295318676952197e-15
3.532800000000000000e+04 6.848295318676952197e-15
3.584000000000000000e+04 6.347055897022916434e-15
3.635200000000000000e+04 6.347055897022916434e-15
3.686400000000000000e+04 6.347055897022916434e-15
3.737600000000000000e+04 6.347055897022916434e-15
3.788800000000000000e+04 6.347055897022916434e-15
3.840000000000000000e+04 5.832892595577021510e-16
3.891200000000000000e+04 5.832892595577021510e-16
3.942400000000000000e+04 5.832892595577021510e-16
3.993600000000000000e+04 5.832892595577021510e-16
4.044800000000000000e+04 1.329210806839721855e-16
4.096000000000000000e+04 1.329210806839721855e-16
4.147200000000000000e+04 1.329210806839721855e-16
4.198400000000000000e+04 1.329210806839721855e-16
4.249600000000000000e+04 1.329210806839721855e-16
4.300800000000000000e+04 9.922413938402218467e-17
4.352000000000000000e+04 9.922413938402218467e-17
4.403200000000000000e+04 2.008231018108217450e-17
4.454400000000000000e+04 2.008231018108217450e-17
4.505600000000000000e+04 1.774369805647534724e-17
4.556800000000000000e+04 1.428864743138405600e-17
4.608000000000000000e+04 1.599682329190089943e-18
4.659200000000000000e+04 1.599682329190089943e-18
4.710400000000000000e+04 1.599682329190089943e-18
4.761600000000000000e+04 1.599682329190089943e-18
4.812800000000000000e+04 4.871942197711042489e-19
4.864000000000000000e+04 4.871942197711042489e-19
4.915200000000000000e+04 2.037078455825368308e-19
4.966400000000000000e+04 3.947107607386834632e-20
5.017600000000000000e+04 3.947107607386834632e-20
5.068800000000000000e+04 3.947107607386834632e-20
5.120000000000000000e+04 3.947107607386834632e-20
5.171200000000000000e+04 3.947107607386834632e-20
5.222400000000000000e+04 3.947107607386834632e-20
5.273600000000000000e+04 3.098424138974949074e-20
5.324800000000000000e+04 3.098424138974949074e-20
5.376000000000000000e+04 3.530822730291427690e-21
5.427200000000000000e+04 3.530822730291427690e-21
5.478400000000000000e+04 3.530822730291427690e-21
5.529600000000000000e+04 2.492639043302841398e-21
5.580800000000000000e+04 1.165317778003568354e-22
5.632000000000000000e+04 1.165317778003568354e-22
5.683200000000000000e+04 1.165317778003568354e-22
5.734400000000000000e+04 1.165317778003568354e-22
5.785600000000000000e+04 3.079787162753430904e-23
5.836800000000000000e+04 3.079787162753430904e-23
5.888000000000000000e+04 3.079787162753430904e-23
5.939200000000000000e+04 3.079787162753430904e-23
5.990400000000000000e+04 3.079787162753430904e-23
6.041600000000000000e+04 3.079787162753430904e-23
6.092800000000000000e+04 2.216613855522224275e-23
6.144000000000000000e+04 2.216613855522224275e-23
6.195200000000000000e+04 8.660191884712654174e-24
6.246400000000000000e+04 8.660191884712654174e-24
6.297600000000000000e+04 1.259492875029953446e-25
6.348800000000000000e+04 1.259492875029953446e-25
6.400000000000000000e+04 1.259492875029953446e-25
6.451200000000000000e+04 1.259492875029953446e-25
6.502400000000000000e+04 1.259492875029953446e-25
6.553600000000000000e+04 1.259492875029953446e-25
6.604800000000000000e+04 1.259492875029953446e-25
6.656000000000000000e+04 1.259492875029953446e-25
6.707200000000000000e+04 1.259492875029953446e-25
6.758400000000000000e+04 1.259492875029953446e-25
6.809600000000000000e+04 6.902020011506394669e-26
6.860800000000000000e+04 6.902020011506394669e-26
6.912000000000000000e+04 2.153417500970878598e-26
6.963200000000000000e+04 3.390331623289988750e-28
7.014400000000000000e+04 7.684743606914581241e-30
7.065600000000000000e+04 7.684743606914581241e-30
7.116800000000000000e+04 7.684743606914581241e-30
7.168000000000000000e+04 7.684743606914581241e-30
7.219200000000000000e+04 7.684743606914581241e-30
7.270400000000000000e+04 7.684743606914581241e-30
7.321600000000000000e+04 7.684743606914581241e-30
7.372800000000000000e+04 7.684743606914581241e-30
7.424000000000000000e+04 7.684743606914581241e-30
7.475200000000000000e+04 7.684743606914581241e-30
7.526400000000000000e+04 7.684743606914581241e-30
7.577600000000000000e+04 7.684743606914581241e-30
7.628800000000000000e+04 7.684743606914581241e-30
7.680000000000000000e+04 7.684743606914581241e-30
7.731200000000000000e+04 7.684743606914581241e-30
7.782400000000000000e+04 7.684743606914581241e-30
7.833600000000000000e+04 7.684743606914581241e-30
7.884800000000000000e+04 7.684743606914581241e-30
7.936000000000000000e+04 4.068035161397001496e-31
7.987200000000000000e+04 4.068035161397001496e-31
8.038400000000000000e+04 1.260017514072889764e-31
8.089600000000000000e+04 1.260017514072889764e-31
8.140800000000000000e+04 1.260017514072889764e-31
8.192000000000000000e+04 4.519256135924523605e-32
8.243200000000000000e+04 4.519256135924523605e-32
8.294400000000000000e+04 2.993039213547183861e-32
8.345600000000000000e+04 4.509219748960528209e-33
8.396800000000000000e+04 4.509219748960528209e-33
8.448000000000000000e+04 4.509219748960528209e-33
8.499200000000000000e+04 3.923018822598899780e-33
8.550400000000000000e+04 3.923018822598899780e-33
8.601600000000000000e+04 3.152416653853336827e-33
8.652800000000000000e+04 3.152416653853336827e-33
8.704000000000000000e+04 3.152416653853336827e-33
8.755200000000000000e+04 3.152416653853336827e-33
8.806400000000000000e+04 3.152416653853336827e-33
8.857600000000000000e+04 2.961925955372104081e-33
8.908800000000000000e+04 2.101050124973504482e-34
8.960000000000000000e+04 2.101050124973504482e-34
9.011200000000000000e+04 2.101050124973504482e-34
9.062400000000000000e+04 1.251030019222140557e-34
9.113600000000000000e+04 1.251030019222140557e-34
9.164800000000000000e+04 6.801775474142260461e-35
9.216000000000000000e+04 5.911983004488060029e-36
9.267200000000000000e+04 5.911983004488060029e-36
9.318400000000000000e+04 5.911983004488060029e-36
9.369600000000000000e+04 5.911983004488060029e-36
9.420800000000000000e+04 5.911983004488060029e-36
9.472000000000000000e+04 1.150024838705058737e-36
9.523200000000000000e+04 1.150024838705058737e-36
9.574400000000000000e+04 1.150024838705058737e-36
9.625600000000000000e+04 1.150024838705058737e-36
9.676800000000000000e+04 1.150024838705058737e-36
9.728000000000000000e+04 8.066826677326649067e-37
9.779200000000000000e+04 8.066826677326649067e-37
9.830400000000000000e+04 2.674757280332227389e-37
9.881600000000000000e+04 2.674757280332227389e-37
9.932800000000000000e+04 6.099567838814635746e-38
9.984000000000000000e+04 5.460010386136945390e-38
1.003520000000000000e+05 5.460010386136945390e-38
