2.560000000000000000e+02 5.115463071374353188e-01
5.120000000000000000e+02 5.115463071374353188e-01
7.680000000000000000e+02 3.689193531244807089e-01
1.024000000000000000e+03 3.689193531244807089e-01
1.280000000000000000e+03 3.689193531244807089e-01
1.536000000000000000e+03 2.607056085714516344e-02
1.792000000000000000e+03 2.607056085714516344e-02
2.048000000000000000e+03 1.404246206749469421e-02
2.304000000000000000e+03 8.793026427993508483e-04
2.560000000000000000e+03 8.793026427993508483e-04
2.816000000000000000e+03 8.793026427993508483e-04
3.072000000000000000e+03 8.793026427993508483e-04
3.328000000000000000e+03 5.095515626459232476e-04
3.584000000000000000e+03 5.095515626459232476e-04
3.840000000000000000e+03 5.095515626459232476e-04
4.096000000000000000e+03 1.673316370241062631e-04
4.352000000000000000e+03 1.673316370241062631e-04
4.608000000000000000e+03 1.673316370241062631e-04
4.864000000000000000e+03 1.673316370241062631e-04
5.120000000000000000e+03 1.673316370241062631e-04
5.376000000000000000e+03 1.673316370241062631e-04
5.632000000000000000e+03 8.786347174382715694e-05
5.888000000000000000e+03 8.786347174382715694e-05
6.144000000000000000e+03 4.671199452716286019e-05
6.400000000000000000e+03 4.203554226865080648e-05
6.656000000000000000e+03 4.111258371082938208e-05
6.912000000000000000e+03 8.429744286807565739e-07
7.168000000000000000e+03 8.429744286807565739e-07
7.424000000000000000e+03 8.429744286807565739e-07
7.680000000000000000e+03 8.429744286807565739e-07
7.936000000000000000e+03 8.429744286807565739e-07
8.192000000000000000e+03 3.466204923850949012e-07
8.448000000000000000e+03 3.466204923850949012e-07
8.704000000000000000e+03 2.672032886466204782e-09
8.960000000000000000e+03 2.672032886466204782e-09
9.216000000000000000e+03 2.672032886466204782e-09
9.472000000000000000e+03 2.672032886466204782e-09
9.728000000000000000e+03 2.672032886466204782e-09
9.984000000000000000e+03 2.672032886466204782e-09
1.024000000000000000e+04 2.672032886466204782e-09
1.049600000000000000e+04 2.672032886466204782e-09
1.075200000000000000e+04 2.672032886466204782e-09
1.100800000000000000e+04 2.672032886466204782e-09
1.126400000000000000e+04 4.980343852000375038e-11
1.152000000000000000e+04 4.980343852000375038e-11
1.177600000000000000e+04 4.980343852000375038e-11
1.203200000000000000e+04 4.980343852000375038e-11
1.228800000000000000e+04 4.980343852000375038e-11
1.254400000000000000e+04 2.705517661445835040e-11
1.280000000000000000e+04 2.705517661445835040e-11
1.305600000000000000e+04 2.705517661445835040e-11
1.331200000000000000e+04 2.705517661445835040e-11
1.356800000000000000e+04 2.705517661445835040e-11
1.382400000000000000e+04 2.705517661445835040e-11
1.408000000000000000e+04 2.705517661445835040e-11
1.433600000000000000e+04 2.705517661445835040e-11
1.459200000000000000e+04 1.256642822167875068e-11
1.484800000000000000e+04 1.726323281016535477e-12
1.510400000000000000e+04 1.726323281016535477e-12
1.536000000000000000e+04 1.726323281016535477e-12
1.561600000000000000e+04 1.726323281016535477e-12
1.587200000000000000e+04 1.726323281016535477e-12
1.612800000000000000e+04 4.874920411446017437e-13
1.638400000000000000e+04 4.874920411446017437e-13
1.664000000000000000e+04 4.874920411446017437e-13
1.689600000000000000e+04 6.125604786592111175e-14
1.715200000000000000e+04 6.125604786592111175e-14
1.740800000000000000e+04 6.125604786592111175e-14
1.766400000000000000e+04 6.125604786592111175e-14
1.792000000000000000e+04 6.125604786592111175e-14
1.817600000000000000e+04 3.096828315632664653e-14
1.843200000000000000e+04 2.057253076608041334e-14
1.868800000000000000e+04 1.735510939930679776e-14
1.894400000000000000e+04 1.713911606715871850e-14
1.920000000000000000e+04 1.713911606715871850e-14
1.945600000000000000e+04 2.456569211251568988e-15
1.971200000000000000e+04 2.456569211251568988e-15
1.996800000000000000e+04 1.208398133614710368e-15
2.022400000000000000e+04 2.164100023806429782e-16
2.048000000000000000e+04 2.164100023806429782e-16
2.073600000000000000e+04 2.164100023806429782e-16
2.099200000000000000e+04 2.164100023806429782e-16
2.124800000000000000e+04 2.164100023806429782e-16
2.150400000000000000e+04 3.456274135721162786e-18
2.176000000000000000e+04 3.456274135721162786e-18
2.201600000000000000e+04 3.456274135721162786e-18
2.227200000000000000e+04 2.990553066250713895e-18
2.252800000000000000e+04 2.990553066250713895e-18
2.278400000000000000e+04 2.990553066250713895e-18
2.304000000000000000e+04 2.990553066250713895e-18
2.329600000000000000e+04 2.734913588084139671e-18
2.355200000000000000e+04 1.857499745827917341e-18
2.380800000000000000e+04 7.263947802928306689e-19
2.406400000000000000e+04 7.263947802928306689e-19
2.432000000000000000e+04 7.263947802928306689e-19
2.457600000000000000e+04 7.263947802928306689e-19
2.483200000000000000e+04 7.263947802928306689e-19
2.508800000000000000e+04 7.263947802928306689e-19
2.534400000000000000e+04 4.317001403251903760e-19
2.560000000000000000e+04 1.024656898698480132e-19
2.585600000000000000e+04 1.024656898698480132e-19
2.611200000000000000e+04 7.906797977392731007e-20
2.636800000000000000e+04 7.906797977392731007e-20
2.662400000000000000e+04 6.822899813139430032e-20
2.688000000000000000e+04 6.822899813139430032e-20
2.713600000000000000e+04 1.511032428075115483e-20
2.739200000000000000e+04 1.434506248029870659e-20
2.764800000000000000e+04 3.248832572403841634e-21
2.790400000000000000e+04 3.248832572403841634e-21
2.816000000000000000e+04 1.800928311443773634e-21
2.841600000000000000e+04 1.800928311443773634e-21
2.867200000000000000e+04 1.800928311443773634e-21
2.892800000000000000e+04 8.500590716083352516e-22
2.918400000000000000e+04 8.500590716083352516e-22
2.944000000000000000e+04 1.632985412240051615e-22
2.969600000000000000e+04 8.762918952604543970e-23
2.995200000000000000e+04 8.762918952604543970e-23
3.020800000000000000e+04 8.762918952604543970e-23
3.046400000000000000e+04 1.925820169803824133e-23
3.072000000000000000e+04 1.925820169803824133e-23
3.097600000000000000e+04 1.925820169803824133e-23
3.123200000000000000e+04 3.149245108063584021e-24
3.148800000000000000e+04 3.149245108063584021e-24
3.174400000000000000e+04 3.149245108063584021e-24
3.200000000000000000e+04 3.402562234374811466e-25
3.225600000000000000e+04 3.402562234374811466e-25
3.251200000000000000e+04 3.402562234374811466e-25
3.276800000000000000e+04 3.402562234374811466e-25
3.302400000000000000e+04 3.402562234374811466e-25
3.328000000000000000e+04 3.402562234374811466e-25
3.353600000000000000e+04 3.402562234374811466e-25
3.379200000000000000e+04 5.309197666879467947e-26
3.404800000000000000e+04 5.309197666879467947e-26
3.430400000000000000e+04 4.160821205667706996e-26
3.456000000000000000e+04 4.160821205667706996e-26
3.481600000000000000e+04 4.160821205667706996e-26
3.507200000000000000e+04 4.160821205667706996e-26
3.532800000000000000e+04 4.160821205667706996e-26
3.558400000000000000e+04 1.370598628023788815e-27
3.584000000000000000e+04 1.370598628023788815e-27
3.609600000000000000e+04 1.370598628023788815e-27
3.635200000000000000e+04 1.370598628023788815e-27
3.660800000000000000e+04 1.370598628023788815e-27
3.686400000000000000e+04 1.370598628023788815e-27
3.712000000000000000e+04 9.666818310910476620e-28
3.737600000000000000e+04 4.118079426868794080e-28
3.763200000000000000e+04 4.118079426868794080e-28
3.788800000000000000e+04 2.508415258187797569e-28
3.814400000000000000e+04 2.508415258187797569e-28
3.840000000000000000e+04 8.622809185951093521e-29
3.865600000000000000e+04 1.625114920484462667e-29
3.891200000000000000e+04 1.138059513885064066e-29
3.916800000000000000e+04 1.138059513885064066e-29
3.942400000000000000e+04 1.138059513885064066e-29
3.968000000000000000e+04 3.348561183348812271e-30
3.993600000000000000e+04 2.811230668827551645e-30
4.019200000000000000e+04 2.811230668827551645e-30
4.044800000000000000e+04 2.811230668827551645e-30
4.070400000000000000e+04 1.561982936628046032e-30
4.096000000000000000e+04 1.561982936628046032e-30
4.121600000000000000e+04 7.840303921901283613e-32
4.147200000000000000e+04 7.840303921901283613e-32
4.172800000000000000e+04 7.840303921901283613e-32
4.198400000000000000e+04 9.551279507948375797e-33
4.224000000000000000e+04 9.551279507948375797e-33
4.249600000000000000e+04 9.551279507948375797e-33
4.275200000000000000e+04 9.551279507948375797e-33
4.300800000000000000e+04 9.551279507948375797e-33
4.326400000000000000e+04 9.551279507948375797e-33
4.352000000000000000e+04 9.551279507948375797e-33
4.377600000000000000e+04 9.551279507948375797e-33
4.403200000000000000e+04 2.469162315999650662e-34
4.428800000000000000e+04 2.469162315999650662e-34
4.454400000000000000e+04 2.469162315999650662e-34
4.480000000000000000e+04 2.469162315999650662e-34
4.505600000000000000e+04 2.469162315999650662e-34
4.531200000000000000e+04 2.469162315999650662e-34
4.556800000000000000e+04 2.469162315999650662e-34
4.582400000000000000e+04 1.727721819116301216e-34
4.608000000000000000e+04 1.727721819116301216e-34
4.633600000000000000e+04 1.507353833318118937e-35
4.659200000000000000e+04 1.507353833318118937e-35
4.684800000000000000e+04 3.374552864666193777e-36
4.710400000000000000e+04 3.374552864666193777e-36
4.736000000000000000e+04 3.374552864666193777e-36
4.761600000000000000e+04 2.501960597022251079e-36
4.787200000000000000e+04 2.501960597022251079e-36
4.812800000000000000e+04 2.501960597022251079e-36
4.838400000000000000e+04 2.501960597022251079e-36
4.864000000000000000e+04 5.054653236529346689e-37
4.889600000000000000e+04 5.054653236529346689e-37
4.915200000000000000e+04 5.054653236529346689e-37
4.940800000000000000e+04 4.979314973168013737e-37
4.966400000000000000e+04 4.979314973168013737e-37
4.992000000000000000e+04 4.979314973168013737e-37
5.017600000000000000e+04 3.488448724997197653e-37
5.043200000000000000e+04 1.342111916820220726e-39
5.068800000000000000e+04 1.342111916820220726e-39
5.094400000000000000e+04 1.342111916820220726e-39
5.120000000000000000e+04 1.342111916820220726e-39
5.145600000000000000e+04 1.342111916820220726e-39
5.171200000000000000e+04 1.342111916820220726e-39
5.196800000000000000e+04 8.893976997687049981e-40
5.222400000000000000e+04 8.893976997687049981e-40
5.248000000000000000e+04 8.893976997687049981e-40
5.273600000000000000e+04 8.893976997687049981e-40
5.299200000000000000e+04 2.450050436617767334e-40
5.324800000000000000e+04 2.450050436617767334e-40
5.350400000000000000e+04 2.051620774506190442e-40
5.376000000000000000e+04 2.051620774506190442e-40
5.401600000000000000e+04 4.793896245795402030e-42
5.427200000000000000e+04 4.793896245795402030e-42
5.452800000000000000e+04 4.793896245795402030e-42
5.478400000000000000e+04 6.776188408880989451e-43
5.504000000000000000e+04 6.776188408880989451e-43
5.529600000000000000e+04 6.776188408880989451e-43
5.555200000000000000e+04 6.776188408880989451e-43
5.580800000000000000e+04 4.972971982337145026e-43
5.606400000000000000e+04 4.972971982337145026e-43
5.632000000000000000e+04 4.972971982337145026e-43
5.657600000000000000e+04 4.972971982337145026e-43
5.683200000000000000e+04 4.039780965975529853e-43
5.708800000000000000e+04 1.618097227686395253e-43
5.734400000000000000e+04 1.618097227686395253e-43
5.760000000000000000e+04 1.618097227686395253e-43
5.785600000000000000e+04 1.618097227686395253e-43
5.811200000000000000e+04 1.478058748129805979e-43
5.836800000000000000e+04 1.478058748129805979e-43
5.862400000000000000e+04 8.913495330692154170e-45
5.888000000000000000e+04 8.913495330692154170e-45
5.913600000000000000e+04 8.913495330692154170e-45
5.939200000000000000e+04 8.913495330692154170e-45
5.964800000000000000e+04 1.483801738662111903e-45
5.990400000000000000e+04 3.317818542330153776e-46
6.016000000000000000e+04 3.317818542330153776e-46
6.041600000000000000e+04 3.121587421019408614e-46
6.067200000000000000e+04 3.121587421019408614e-46
6.092800000000000000e+04 3.121587421019408614e-46
6.118400000000000000e+04 1.947818961131709525e-46
6.144000000000000000e+04 1.947818961131709525e-46
6.169600000000000000e+04 1.068352001501443136e-46
6.195200000000000000e+04 1.068352001501443136e-46
6.220800000000000000e+04 1.749123550958782196e-49
6.246400000000000000e+04 1.749123550958782196e-49
6.272000000000000000e+04 1.749123550958782196e-49
6.297600000000000000e+04 1.749123550958782196e-49
6.323200000000000000e+04 1.749123550958782196e-49
6.348800000000000000e+04 1.036474504522066481e-49
6.374400000000000000e+04 1.036474504522066481e-49
6.400000000000000000e+04 1.036474504522066481e-49
6.425600000000000000e+04 1.036474504522066481e-49
6.451200000000000000e+04 1.036474504522066481e-49
6.476800000000000000e+04 1.036474504522066481e-49
6.502400000000000000e+04 1.036474504522066481e-49
6.528000000000000000e+04 1.036474504522066481e-49
6.553600000000000000e+04 5.490191633779670854e-50
6.579200000000000000e+04 8.207245902006781487e-53
6.604800000000000000e+04 8.207245902006781487e-53
6.630400000000000000e+04 8.207245902006781487e-53
6.656000000000000000e+04 8.207245902006781487e-53
6.681600000000000000e+04 8.207245902006781487e-53
6.707200000000000000e+04 8.207245902006781487e-53
6.732800000000000000e+04 8.207245902006781487e-53
6.758400000000000000e+04 8.207245902006781487e-53
6.784000000000000000e+04 8.207245902006781487e-53
6.809600000000000000e+04 8.207245902006781487e-53
6.835200000000000000e+04 8.207245902006781487e-53
6.860800000000000000e+04 8.207245902006781487e-53
6.886400000000000000e+04 8.207245902006781487e-53
6.912000000000000000e+04 8.207245902006781487e-53
6.937600000000000000e+04 8.207245902006781487e-53
6.963200000000000000e+04 8.207245902006781487e-53
6.988800000000000000e+04 8.207245902006781487e-53
7.014400000000000000e+04 4.138793682453423563e-53
7.040000000000000000e+04 4.138793682453423563e-53
7.065600000000000000e+04 5.733727370776015878e-54
7.091200000000000000e+04 1.157009287951010617e-54
7.116800000000000000e+04 1.157009287951010617e-54
7.142400000000000000e+04 1.157009287951010617e-54
7.168000000000000000e+04 1.157009287951010617e-54
7.193600000000000000e+04 1.157009287951010617e-54
7.219200000000000000e+04 8.488502246887423862e-55
7.244800000000000000e+04 2.955865010171189166e-55
7.270400000000000000e+04 2.955865010171189166e-55
7.296000000000000000e+04 2.955865010171189166e-55
7.321600000000000000e+04 8.118745744943264844e-56
7.347200000000000000e+04 3.925556034970654991e-56
7.372800000000000000e+04 3.925556034970654991e-56
7.398400000000000000e+04 3.925556034970654991e-56
7.424000000000000000e+04 3.925556034970654991e-56
7.449600000000000000e+04 3.925556034970654991e-56
7.475200000000000000e+04 3.316920798467731573e-56
7.500800000000000000e+04 1.763277159412928956e-56
7.526400000000000000e+04 1.527174857404188223e-56
7.552000000000000000e+04 6.785228294027027697e-57
7.577600000000000000e+04 6.785228294027027697e-57
7.603200000000000000e+04 3.674143971154011499e-57
7.628800000000000000e+04 1.184845117945087820e-57
7.654400000000000000e+04 1.665554787303154286e-58
7.680000000000000000e+04 1.665554787303154286e-58
7.705600000000000000e+04 1.665554787303154286e-58
7.731200000000000000e+04 1.665554787303154286e-58
7.756800000000000000e+04 6.182532214767715959e-60
7.782400000000000000e+04 6.182532214767715959e-60
7.808000000000000000e+04 6.182532214767715959e-60
7.833600000000000000e+04 6.182532214767715959e-60
7.859200000000000000e+04 6.182532214767715959e-60
7.884800000000000000e+04 3.190086845658812829e-60
7.910400000000000000e+04 3.190086845658812829e-60
7.936000000000000000e+04 3.190086845658812829e-60
7.961600000000000000e+04 3.190086845658812829e-60
7.987200000000000000e+04 1.611106603770762322e-60
8.012800000000000000e+04 1.611106603770762322e-60
8.038400000000000000e+04 1.611106603770762322e-60
8.064000000000000000e+04 1.611106603770762322e-60
8.089600000000000000e+04 7.467837711572001143e-61
8.115200000000000000e+04 7.467837711572001143e-61
8.140800000000000000e+04 7.467837711572001143e-61
8.166400000000000000e+04 4.956267248907716942e-61
8.192000000000000000e+04 4.956267248907716942e-61
8.217600000000000000e+04 7.207196393077570889e-62
8.243200000000000000e+04 3.079413450924302486e-62
8.268800000000000000e+04 3.079413450924302486e-62
8.294400000000000000e+04 3.079413450924302486e-62
8.320000000000000000e+04 3.095771742801697710e-63
8.345600000000000000e+04 3.095771742801697710e-63
8.371200000000000000e+04 2.085805612368188082e-63
8.396800000000000000e+04 1.621785725266095365e-63
8.422400000000000000e+04 1.206768385241121205e-63
8.448000000000000000e+04 9.720146690172431489e-64
8.473600000000000000e+04 5.335784382579613617e-64
8.499200000000000000e+04 5.335784382579613617e-64
8.524800000000000000e+04 5.335784382579613617e-64
8.550400000000000000e+04 8.757313793769998497e-65
8.576000000000000000e+04 8.757313793769998497e-65
8.601600000000000000e+04 8.757313793769998497e-65
8.627200000000000000e+04 2.467518135203070432e-65
8.652800000000000000e+04 4.701103502601698490e-66
8.678400000000000000e+04 4.701103502601698490e-66
8.704000000000000000e+04 4.701103502601698490e-66
8.729600000000000000e+04 4.701103502601698490e-66
8.755200000000000000e+04 4.701103502601698490e-66
8.780800000000000000e+04 7.284490405840152666e-67
8.806400000000000000e+04 3.304549921367119053e-67
8.832000000000000000e+04 3.304549921367119053e-67
8.857600000000000000e+04 3.304549921367119053e-67
8.883200000000000000e+04 3.304549921367119053e-67
8.908800000000000000e+04 1.743833020502330972e-67
8.934400000000000000e+04 7.704520312078591408e-68
8.960000000000000000e+04 7.704520312078591408e-68
8.985600000000000000e+04 7.704520312078591408e-68
9.011200000000000000e+04 7.704520312078591408e-68
9.036800000000000000e+04 1.543719779943220025e-69
9.062400000000000000e+04 1.543719779943220025e-69
9.088000000000000000e+04 1.543719779943220025e-69
9.113600000000000000e+04 1.543719779943220025e-69
9.139200000000000000e+04 1.543719779943220025e-69
9.164800000000000000e+04 1.543719779943220025e-69
9.190400000000000000e+04 1.543719779943220025e-69
9.216000000000000000e+04 1.543719779943220025e-69
9.241600000000000000e+04 1.245477137464084437e-69
9.267200000000000000e+04 9.334618695768213390e-70
9.292800000000000000e+04 9.334618695768213390e-70
9.318400000000000000e+04 1.556924646657380869e-70
9.344000000000000000e+04 1.556924646657380869e-70
9.369600000000000000e+04 1.556924646657380869e-70
9.395200000000000000e+04 2.434538895256293798e-71
9.420800000000000000e+04 2.434538895256293798e-71
9.446400000000000000e+04 2.434538895256293798e-71
9.472000000000000000e+04 1.806762049038799932e-72
9.497600000000000000e+04 1.806762049038799932e-72
9.523200000000000000e+04 1.806762049038799932e-72
9.548800000000000000e+04 1.806762049038799932e-72
9.574400000000000000e+04 1.806762049038799932e-72
9.600000000000000000e+04 1.806762049038799932e-72
9.625600000000000000e+04 8.804499134529404160e-73
9.651200000000000000e+04 8.804499134529404160e-73
9.676800000000000000e+04 8.804499134529404160e-73
9.702400000000000000e+04 8.804499134529404160e-73
9.728000000000000000e+04 3.011356413253088967e-73
9.753600000000000000e+04 3.011356413253088967e-73
9.779200000000000000e+04 3.011356413253088967e-73
9.804800000000000000e+04 3.011356413253088967e-73
9.830400000000000000e+04 1.974882048330710008e-74
9.856000000000000000e+04 1.974882048330710008e-74
9.881600000000000000e+04 1.162217388668762939e-74
9.907200000000000000e+04 1.162217388668762939e-74
9.932800000000000000e+04 1.162217388668762939e-74
9.958400000000000000e+04 1.162217388668762939e-74
9.984000000000000000e+04 1.162217388668762939e-74
1.000960000000000000e+05 1.547017833478549682e-78
