2.560000000000000000e+02 9.467557117620025720e-01
5.120000000000000000e+02 4.692661323667596807e-01
7.680000000000000000e+02 4.692661323667596807e-01
1.024000000000000000e+03 4.490449176523431118e-01
1.280000000000000000e+03 4.490449176523431118e-01
1.536000000000000000e+03 1.039906318517513778e-01
1.792000000000000000e+03 5.677042494322532412e-02
2.048000000000000000e+03 3.217098110667893779e-02
2.304000000000000000e+03 4.219753797788267438e-03
2.560000000000000000e+03 4.219753797788267438e-03
2.816000000000000000e+03 4.219753797788267438e-03
3.072000000000000000e+03 3.374682197959299502e-03
3.328000000000000000e+03 3.374682197959299502e-03
3.584000000000000000e+03 1.904543129618038548e-04
3.840000000000000000e+03 1.904543129618038548e-04
4.096000000000000000e+03 1.904543129618038548e-04
4.352000000000000000e+03 1.904543129618038548e-04
4.608000000000000000e+03 4.907726781078616612e-05
4.864000000000000000e+03 2.360682705512253546e-05
5.120000000000000000e+03 2.360682705512253546e-05
5.376000000000000000e+03 2.360682705512253546e-05
5.632000000000000000e+03 2.360682705512253546e-05
5.888000000000000000e+03 9.543548299475826006e-06
6.144000000000000000e+03 9.543548299475826006e-06
6.400000000000000000e+03 3.119103258111171947e-08
6.656000000000000000e+03 3.119103258111171947e-08
6.912000000000000000e+03 3.119103258111171947e-08
7.168000000000000000e+03 3.119103258111171947e-08
7.424000000000000000e+03 3.119103258111171947e-08
7.680000000000000000e+03 3.119103258111171947e-08
7.936000000000000000e+03 3.119103258111171947e-08
8.192000000000000000e+03 3.119103258111171947e-08
8.448000000000000000e+03 3.119103258111171947e-08
8.704000000000000000e+03 3.119103258111171947e-08
8.960000000000000000e+03 3.119103258111171947e-08
9.216000000000000000e+03 3.119103258111171947e-08
9.472000000000000000e+03 3.119103258111171947e-08
9.728000000000000000e+03 3.119103258111171947e-08
9.984000000000000000e+03 2.976078132196925768e-08
1.024000000000000000e+04 2.251519138838308697e-08
1.049600000000000000e+04 1.876113093296567403e-08
1.075200000000000000e+04 2.780819921921253091e-09
1.100800000000000000e+04 2.780819921921253091e-09
1.126400000000000000e+04 2.780819921921253091e-09
1.152000000000000000e+04 2.619883708625282523e-09
1.177600000000000000e+04 8.606248967505928955e-10
1.203200000000000000e+04 8.606248967505928955e-10
1.228800000000000000e+04 8.606248967505928955e-10
1.254400000000000000e+04 8.606248967505928955e-10
1.280000000000000000e+04 2.753666037735382456e-10
1.305600000000000000e+04 2.495308693359443816e-10
1.331200000000000000e+04 4.343124991841417770e-11
1.356800000000000000e+04 1.507481423521228993e-11
1.382400000000000000e+04 1.217262858333342097e-11
1.408000000000000000e+04 9.476605602785551141e-12
1.433600000000000000e+04 8.251734629215450800e-12
1.459200000000000000e+04 7.525200275648297192e-13
1.484800000000000000e+04 7.525200275648297192e-13
1.510400000000000000e+04 7.525200275648297192e-13
1.536000000000000000e+04 7.525200275648297192e-13
1.561600000000000000e+04 7.525200275648297192e-13
1.587200000000000000e+04 7.525200275648297192e-13
1.612800000000000000e+04 4.916043135088520841e-13
1.638400000000000000e+04 4.916043135088520841e-13
1.664000000000000000e+04 3.408198824674788480e-14
1.689600000000000000e+04 3.408198824674788480e-14
1.715200000000000000e+04 3.408198824674788480e-14
1.740800000000000000e+04 2.826484442453564056e-14
1.766400000000000000e+04 2.826484442453564056e-14
1.792000000000000000e+04 2.826484442453564056e-14
1.817600000000000000e+04 3.466031794944115625e-15
1.843200000000000000e+04 3.466031794944115625e-15
1.868800000000000000e+04 3.466031794944115625e-15
1.894400000000000000e+04 3.466031794944115625e-15
1.920000000000000000e+04 3.466031794944115625e-15
1.945600000000000000e+04 3.466031794944115625e-15
1.971200000000000000e+04 1.686095750896696910e-15
1.996800000000000000e+04 4.730229447376745662e-16
2.022400000000000000e+04 4.730229447376745662e-16
2.048000000000000000e+04 1.315667996571447758e-16
2.073600000000000000e+04 6.205828679170743547e-17
2.099200000000000000e+04 6.205828679170743547e-17
2.124800000000000000e+04 4.365801913939169253e-17
2.150400000000000000e+04 2.387643246279034692e-17
2.176000000000000000e+04 2.387643246279034692e-17
2.201600000000000000e+04 2.387643246279034692e-17
2.227200000000000000e+04 5.528713883964634263e-18
2.252800000000000000e+04 5.528713883964634263e-18
2.278400000000000000e+04 5.528713883964634263e-18
2.304000000000000000e+04 5.528713883964634263e-18
2.329600000000000000e+04 4.228528255878296368e-18
2.355200000000000000e+04 6.816855123902038950e-19
2.380800000000000000e+04 6.816855123902038950e-19
2.406400000000000000e+04 5.017908190851623504e-19
2.432000000000000000e+04 1.843849752953879685e-19
2.457600000000000000e+04 1.843849752953879685e-19
2.483200000000000000e+04 1.843849752953879685e-19
2.508800000000000000e+04 1.843849752953879685e-19
2.534400000000000000e+04 6.887447133288138595e-20
2.560000000000000000e+04 6.887447133288138595e-20
2.585600000000000000e+04 6.887447133288138595e-20
2.611200000000000000e+04 3.725715585792464068e-20
2.636800000000000000e+04 3.725715585792464068e-20
2.662400000000000000e+04 7.586283816212346187e-21
2.688000000000000000e+04 7.586283816212346187e-21
2.713600000000000000e+04 2.494459371079977702e-21
2.739200000000000000e+04 2.494459371079977702e-21
2.764800000000000000e+04 2.494459371079977702e-21
2.790400000000000000e+04 2.494459371079977702e-21
2.816000000000000000e+04 2.149679886668687064e-21
2.841600000000000000e+04 5.373762360253482042e-22
2.867200000000000000e+04 9.505300299954231972e-23
2.892800000000000000e+04 9.505300299954231972e-23
2.918400000000000000e+04 9.505300299954231972e-23
2.944000000000000000e+04 9.505300299954231972e-23
2.969600000000000000e+04 4.791897191763863436e-23
2.995200000000000000e+04 4.791897191763863436e-23
3.020800000000000000e+04 4.791897191763863436e-23
3.046400000000000000e+04 2.471074068892080772e-23
3.072000000000000000e+04 3.194849341214144731e-24
3.097600000000000000e+04 3.194849341214144731e-24
3.123200000000000000e+04 3.194849341214144731e-24
3.148800000000000000e+04 2.217635313377479255e-24
3.174400000000000000e+04 2.217635313377479255e-24
3.200000000000000000e+04 2.217635313377479255e-24
3.225600000000000000e+04 3.667174342595719192e-25
3.251200000000000000e+04 3.667174342595719192e-25
3.276800000000000000e+04 3.667174342595719192e-25
3.302400000000000000e+04 3.667174342595719192e-25
3.328000000000000000e+04 3.443956624106592618e-25
3.353600000000000000e+04 2.094561522630880812e-25
3.379200000000000000e+04 2.094561522630880812e-25
3.404800000000000000e+04 1.668474278043957579e-25
3.430400000000000000e+04 3.897843909104446323e-27
3.456000000000000000e+04 3.897843909104446323e-27
3.481600000000000000e+04 3.897843909104446323e-27
3.507200000000000000e+04 3.897843909104446323e-27
3.532800000000000000e+04 3.897843909104446323e-27
3.558400000000000000e+04 3.897843909104446323e-27
3.584000000000000000e+04 3.897843909104446323e-27
3.609600000000000000e+04 1.759380398099890978e-27
3.635200000000000000e+04 1.759380398099890978e-27
3.660800000000000000e+04 3.961301823524768366e-28
3.686400000000000000e+04 3.961301823524768366e-28
3.712000000000000000e+04 3.961301823524768366e-28
3.737600000000000000e+04 1.782343087848888731e-29
3.763200000000000000e+04 1.782343087848888731e-29
3.788800000000000000e+04 1.782343087848888731e-29
3.814400000000000000e+04 1.782343087848888731e-29
3.840000000000000000e+04 1.782343087848888731e-29
3.865600000000000000e+04 1.004672825394125837e-29
3.891200000000000000e+04 1.004672825394125837e-29
3.916800000000000000e+04 1.004672825394125837e-29
3.942400000000000000e+04 7.412610783166129074e-30
3.968000000000000000e+04 7.412610783166129074e-30
3.993600000000000000e+04 3.729646516563053015e-30
4.019200000000000000e+04 3.645827953320765806e-31
4.044800000000000000e+04 3.645827953320765806e-31
4.070400000000000000e+04 3.645827953320765806e-31
4.096000000000000000e+04 3.645827953320765806e-31
4.121600000000000000e+04 3.645827953320765806e-31
4.147200000000000000e+04 3.589644014950557869e-31
4.172800000000000000e+04 1.314749438236639932e-31
4.198400000000000000e+04 1.314749438236639932e-31
4.224000000000000000e+04 2.611641434100010542e-32
4.249600000000000000e+04 2.611641434100010542e-32
4.275200000000000000e+04 1.131433771735130847e-32
4.300800000000000000e+04 4.701796470724336812e-33
4.326400000000000000e+04 4.701796470724336812e-33
4.352000000000000000e+04 4.701796470724336812e-33
4.377600000000000000e+04 1.071804003930465955e-33
4.403200000000000000e+04 1.071804003930465955e-33
4.428800000000000000e+04 6.367854672949802386e-34
4.454400000000000000e+04 6.367854672949802386e-34
4.480000000000000000e+04 6.245969792720863623e-34
4.505600000000000000e+04 6.078345045220656935e-34
4.531200000000000000e+04 6.078345045220656935e-34
4.556800000000000000e+04 6.078345045220656935e-34
4.582400000000000000e+04 8.943566866421127553e-35
4.608000000000000000e+04 8.943566866421127553e-35
4.633600000000000000e+04 6.516895530101465515e-35
4.659200000000000000e+04 1.230457607337890498e-35
4.684800000000000000e+04 1.230457607337890498e-35
4.710400000000000000e+04 1.230457607337890498e-35
4.736000000000000000e+04 5.759254894620361815e-37
4.761600000000000000e+04 5.759254894620361815e-37
4.787200000000000000e+04 3.146211422081920071e-37
4.812800000000000000e+04 3.146211422081920071e-37
4.838400000000000000e+04 3.146211422081920071e-37
4.864000000000000000e+04 3.146211422081920071e-37
4.889600000000000000e+04 3.146211422081920071e-37
4.915200000000000000e+04 3.146211422081920071e-37
4.940800000000000000e+04 3.146211422081920071e-37
4.966400000000000000e+04 3.064148459394550661e-37
4.992000000000000000e+04 1.044056778709428249e-37
5.017600000000000000e+04 1.044056778709428249e-37
5.043200000000000000e+04 2.600777920158500021e-39
5.068800000000000000e+04 1.447066037833958160e-39
5.094400000000000000e+04 1.447066037833958160e-39
5.120000000000000000e+04 1.447066037833958160e-39
5.145600000000000000e+04 1.447066037833958160e-39
5.171200000000000000e+04 1.447066037833958160e-39
5.196800000000000000e+04 1.447066037833958160e-39
5.222400000000000000e+04 1.447066037833958160e-39
5.248000000000000000e+04 4.783186215504630546e-41
5.273600000000000000e+04 4.783186215504630546e-41
5.299200000000000000e+04 4.783186215504630546e-41
5.324800000000000000e+04 4.783186215504630546e-41
5.350400000000000000e+04 4.783186215504630546e-41
5.376000000000000000e+04 4.783186215504630546e-41
5.401600000000000000e+04 4.783186215504630546e-41
5.427200000000000000e+04 4.783186215504630546e-41
5.452800000000000000e+04 4.154537422366214413e-41
5.478400000000000000e+04 3.096008764818963726e-41
5.504000000000000000e+04 3.096008764818963726e-41
5.529600000000000000e+04 3.096008764818963726e-41
5.555200000000000000e+04 4.561104086917156965e-42
5.580800000000000000e+04 4.561104086917156965e-42
5.606400000000000000e+04 4.561104086917156965e-42
5.632000000000000000e+04 4.300912666009931382e-42
5.657600000000000000e+04 4.300912666009931382e-42
5.683200000000000000e+04 4.300912666009931382e-42
5.708800000000000000e+04 5.711784467288243110e-45
5.734400000000000000e+04 5.711784467288243110e-45
5.760000000000000000e+04 5.711784467288243110e-45
5.785600000000000000e+04 5.711784467288243110e-45
5.811200000000000000e+04 5.711784467288243110e-45
5.836800000000000000e+04 5.711784467288243110e-45
5.862400000000000000e+04 5.711784467288243110e-45
5.888000000000000000e+04 5.711784467288243110e-45
5.913600000000000000e+04 5.711784467288243110e-45
5.939200000000000000e+04 5.711784467288243110e-45
5.964800000000000000e+04 5.711784467288243110e-45
5.990400000000000000e+04 5.711784467288243110e-45
6.016000000000000000e+04 5.711784467288243110e-45
6.041600000000000000e+04 5.711784467288243110e-45
6.067200000000000000e+04 5.711784467288243110e-45
6.092800000000000000e+04 2.295221738794022783e-45
6.118400000000000000e+04 2.295221738794022783e-45
6.144000000000000000e+04 2.295221738794022783e-45
6.169600000000000000e+04 1.586153937483956012e-46
6.195200000000000000e+04 1.586153937483956012e-46
6.220800000000000000e+04 1.586153937483956012e-46
6.246400000000000000e+04 1.586153937483956012e-46
6.272000000000000000e+04 1.586153937483956012e-46
6.297600000000000000e+04 3.499212894739264144e-47
6.323200000000000000e+04 3.499212894739264144e-47
6.348800000000000000e+04 3.499212894739264144e-47
6.374400000000000000e+04 3.356477755494680568e-47
6.400000000000000000e+04 3.287924875637501297e-47
6.425600000000000000e+04 2.508308633606739329e-47
6.451200000000000000e+04 2.049449712453030885e-47
6.476800000000000000e+04 1.660134463476256407e-47
6.502400000000000000e+04 6.824857841948209460e-48
6.528000000000000000e+04 5.827886010974094069e-48
6.553600000000000000e+04 2.173067176021542123e-48
6.579200000000000000e+04 1.434408233445091218e-48
6.604800000000000000e+04 1.519421953676398638e-49
6.630400000000000000e+04 1.519421953676398638e-49
6.656000000000000000e+04 1.519421953676398638e-49
6.681600000000000000e+04 1.372421088767098210e-49
6.707200000000000000e+04 1.111272667972599622e-49
6.732800000000000000e+04 1.111272667972599622e-49
6.758400000000000000e+04 4.946783699194313481e-50
6.784000000000000000e+04 1.057449754274880695e-50
6.809600000000000000e+04 1.057449754274880695e-50
6.835200000000000000e+04 4.304217390781656533e-51
6.860800000000000000e+04 4.304217390781656533e-51
6.886400000000000000e+04 3.017829883149373024e-51
6.912000000000000000e+04 3.017829883149373024e-51
6.937600000000000000e+04 3.017829883149373024e-51
6.963200000000000000e+04 5.256029322129928412e-52
6.988800000000000000e+04 5.256029322129928412e-52
7.014400000000000000e+04 5.256029322129928412e-52
7.040000000000000000e+04 5.256029322129928412e-52
7.065600000000000000e+04 1.274746340409988893e-52
7.091200000000000000e+04 1.274746340409988893e-52
7.116800000000000000e+04 1.274746340409988893e-52
7.142400000000000000e+04 1.142692027621473451e-53
7.168000000000000000e+04 1.142692027621473451e-53
7.193600000000000000e+04 1.142692027621473451e-53
7.219200000000000000e+04 1.142692027621473451e-53
7.244800000000000000e+04 9.840793048682251496e-54
7.270400000000000000e+04 9.840793048682251496e-54
7.296000000000000000e+04 9.840793048682251496e-54
7.321600000000000000e+04 2.043379976748735730e-54
7.347200000000000000e+04 2.043379976748735730e-54
7.372800000000000000e+04 2.043379976748735730e-54
7.398400000000000000e+04 8.620384441665055757e-56
7.424000000000000000e+04 8.620384441665055757e-56
7.449600000000000000e+04 8.620384441665055757e-56
7.475200000000000000e+04 8.620384441665055757e-56
7.500800000000000000e+04 8.620384441665055757e-56
7.526400000000000000e+04 8.620384441665055757e-56
7.552000000000000000e+04 6.976109856660934750e-56
7.577600000000000000e+04 5.550961149489311785e-56
7.603200000000000000e+04 2.247462821481998149e-56
7.628800000000000000e+04 2.277302701020165526e-57
7.654400000000000000e+04 2.277302701020165526e-57
7.680000000000000000e+04 2.125190046033217958e-58
7.705600000000000000e+04 2.125190046033217958e-58
7.731200000000000000e+04 2.125190046033217958e-58
7.756800000000000000e+04 2.125190046033217958e-58
7.782400000000000000e+04 2.125190046033217958e-58
7.808000000000000000e+04 2.125190046033217958e-58
7.833600000000000000e+04 9.820345624215154895e-59
7.859200000000000000e+04 9.820345624215154895e-59
7.884800000000000000e+04 7.667006307186527944e-59
7.910400000000000000e+04 7.075104074016364884e-59
7.936000000000000000e+04 7.075104074016364884e-59
7.961600000000000000e+04 7.075104074016364884e-59
7.987200000000000000e+04 4.047462438547616055e-59
8.012800000000000000e+04 4.047462438547616055e-59
8.038400000000000000e+04 4.047462438547616055e-59
8.064000000000000000e+04 4.047462438547616055e-59
8.089600000000000000e+04 6.712503508529386991e-60
8.115200000000000000e+04 5.358530221446745043e-60
8.140800000000000000e+04 2.094949637606278633e-60
8.166400000000000000e+04 2.094949637606278633e-60
8.192000000000000000e+04 2.094949637606278633e-60
8.217600000000000000e+04 9.624183411900411682e-61
8.243200000000000000e+04 9.624183411900411682e-61
8.268800000000000000e+04 8.062888175990564035e-62
8.294400000000000000e+04 8.062888175990564035e-62
8.320000000000000000e+04 8.062888175990564035e-62
8.345600000000000000e+04 3.994280562003559100e-62
8.371200000000000000e+04 3.994280562003559100e-62
8.396800000000000000e+04 3.994280562003559100e-62
8.422400000000000000e+04 3.994280562003559100e-62
8.448000000000000000e+04 3.994280562003559100e-62
8.473600000000000000e+04 1.922278447683189024e-62
8.499200000000000000e+04 1.922278447683189024e-62
8.524800000000000000e+04 1.922278447683189024e-62
8.550400000000000000e+04 4.985139628165744162e-63
8.576000000000000000e+04 4.985139628165744162e-63
8.601600000000000000e+04 4.985139628165744162e-63
8.627200000000000000e+04 4.985139628165744162e-63
8.652800000000000000e+04 4.985139628165744162e-63
8.678400000000000000e+04 1.075348600206045830e-63
8.704000000000000000e+04 3.997998876356562681e-64
8.729600000000000000e+04 3.997998876356562681e-64
8.755200000000000000e+04 3.997998876356562681e-64
8.780800000000000000e+04 3.997998876356562681e-64
8.806400000000000000e+04 1.283697691349312768e-64
8.832000000000000000e+04 1.283697691349312768e-64
8.857600000000000000e+04 3.188054484357277333e-65
8.883200000000000000e+04 1.958815552390782620e-65
8.908800000000000000e+04 1.958815552390782620e-65
8.934400000000000000e+04 3.838886266862281835e-67
8.960000000000000000e+04 3.838886266862281835e-67
8.985600000000000000e+04 3.838886266862281835e-67
9.011200000000000000e+04 3.838886266862281835e-67
9.036800000000000000e+04 3.838886266862281835e-67
9.062400000000000000e+04 3.838886266862281835e-67
9.088000000000000000e+04 3.838886266862281835e-67
9.113600000000000000e+04 3.838886266862281835e-67
9.139200000000000000e+04 3.527474089261399627e-67
9.164800000000000000e+04 3.527474089261399627e-67
9.190400000000000000e+04 1.734968585536416544e-67
9.216000000000000000e+04 1.633403167456795319e-67
9.241600000000000000e+04 1.633403167456795319e-67
9.267200000000000000e+04 1.153459797140795412e-68
9.292800000000000000e+04 6.271283949099559113e-69
9.318400000000000000e+04 6.271283949099559113e-69
9.344000000000000000e+04 6.271283949099559113e-69
9.369600000000000000e+04 5.254199405656598350e-69
9.395200000000000000e+04 5.254199405656598350e-69
9.420800000000000000e+04 5.254199405656598350e-69
9.446400000000000000e+04 1.250194862614366543e-69
9.472000000000000000e+04 1.250194862614366543e-69
9.497600000000000000e+04 1.250194862614366543e-69
9.523200000000000000e+04 3.677225616798449896e-72
9.548800000000000000e+04 3.677225616798449896e-72
9.574400000000000000e+04 3.677225616798449896e-72
9.600000000000000000e+04 3.677225616798449896e-72
9.625600000000000000e+04 3.677225616798449896e-72
9.651200000000000000e+04 3.677225616798449896e-72
9.676800000000000000e+04 3.677225616798449896e-72
9.702400000000000000e+04 3.677225616798449896e-72
9.728000000000000000e+04 3.677225616798449896e-72
9.753600000000000000e+04 8.678875374251771066e-74
9.779200000000000000e+04 8.678875374251771066e-74
9.804800000000000000e+04 8.678875374251771066e-74
9.830400000000000000e+04 8.678875374251771066e-74
9.856000000000000000e+04 8.678875374251771066e-74
9.881600000000000000e+04 8.678875374251771066e-74
9.907200000000000000e+04 8.678875374251771066e-74
9.932800000000000000e+04 8.678875374251771066e-74
9.958400000000000000e+04 8.678875374251771066e-74
9.984000000000000000e+04 8.678875374251771066e-74
1.000960000000000000e+05 8.678875374251771066e-74
