2.560000000000000000e+02 9.706379188653592449e-02
5.120000000000000000e+02 9.706379188653592449e-02
7.680000000000000000e+02 9.706379188653592449e-02
1.024000000000000000e+03 9.706379188653592449e-02
1.280000000000000000e+03 9.706379188653592449e-02
1.536000000000000000e+03 9.706379188653592449e-02
1.792000000000000000e+03 2.674448269242764645e-02
2.048000000000000000e+03 2.674448269242764645e-02
2.304000000000000000e+03 2.161530521475219999e-02
2.560000000000000000e+03 2.161530521475219999e-02
2.816000000000000000e+03 3.127996257345768902e-03
3.072000000000000000e+03 2.641527567784635998e-03
3.328000000000000000e+03 8.738398500531863221e-04
3.584000000000000000e+03 8.738398500531863221e-04
3.840000000000000000e+03 8.738398500531863221e-04
4.096000000000000000e+03 8.738398500531863221e-04
4.352000000000000000e+03 8.738398500531863221e-04
4.608000000000000000e+03 2.288325348078286588e-04
4.864000000000000000e+03 2.288325348078286588e-04
5.120000000000000000e+03 2.010449766347161818e-04
5.376000000000000000e+03 2.010449766347161818e-04
5.632000000000000000e+03 1.472284131751657463e-06
5.888000000000000000e+03 1.472284131751657463e-06
6.144000000000000000e+03 1.472284131751657463e-06
6.400000000000000000e+03 1.472284131751657463e-06
6.656000000000000000e+03 8.687002987480045906e-07
6.912000000000000000e+03 8.687002987480045906e-07
7.168000000000000000e+03 4.870478347180132475e-07
7.424000000000000000e+03 4.568933813221617745e-07
7.680000000000000000e+03 4.568933813221617745e-07
7.936000000000000000e+03 4.568933813221617745e-07
8.192000000000000000e+03 4.568933813221617745e-07
8.448000000000000000e+03 9.658863413016756450e-08
8.704000000000000000e+03 9.658863413016756450e-08
8.960000000000000000e+03 9.658863413016756450e-08
9.216000000000000000e+03 9.658863413016756450e-08
9.472000000000000000e+03 3.513972012654384282e-08
9.728000000000000000e+03 7.450429052855247970e-09
9.984000000000000000e+03 3.033328154751984844e-09
1.024000000000000000e+04 3.033328154751984844e-09
1.049600000000000000e+04 4.152117485295329115e-10
1.075200000000000000e+04 4.152117485295329115e-10
1.100800000000000000e+04 4.152117485295329115e-10
1.126400000000000000e+04 4.152117485295329115e-10
1.152000000000000000e+04 9.724964523435610883e-11
1.177600000000000000e+04 9.724964523435610883e-11
1.203200000000000000e+04 9.724964523435610883e-11
1.228800000000000000e+04 9.724964523435610883e-11
1.254400000000000000e+04 9.724964523435610883e-11
1.280000000000000000e+04 9.724964523435610883e-11
1.305600000000000000e+04 9.724964523435610883e-11
1.331200000000000000e+04 9.724964523435610883e-11
1.356800000000000000e+04 9.724964523435610883e-11
1.382400000000000000e+04 7.619425214496986100e-11
1.408000000000000000e+04 4.926041913887166715e-12
1.433600000000000000e+04 4.926041913887166715e-12
1.459200000000000000e+04 4.926041913887166715e-12
1.484800000000000000e+04 4.926041913887166715e-12
1.510400000000000000e+04 4.926041913887166715e-12
1.536000000000000000e+04 7.514580486553404379e-14
1.561600000000000000e+04 7.514580486553404379e-14
1.587200000000000000e+04 7.514580486553404379e-14
1.612800000000000000e+04 7.514580486553404379e-14
1.638400000000000000e+04 7.514580486553404379e-14
1.664000000000000000e+04 7.514580486553404379e-14
1.689600000000000000e+04 7.514580486553404379e-14
1.715200000000000000e+04 7.514580486553404379e-14
1.740800000000000000e+04 2.550261296230296101e-14
1.766400000000000000e+04 2.550261296230296101e-14
1.792000000000000000e+04 2.242900865920817359e-14
1.817600000000000000e+04 2.242900865920817359e-14
1.843200000000000000e+04 1.406228693209791418e-15
1.868800000000000000e+04 1.406228693209791418e-15
1.894400000000000000e+04 1.406228693209791418e-15
1.920000000000000000e+04 1.091532899768439821e-15
1.945600000000000000e+04 1.091532899768439821e-15
1.971200000000000000e+04 5.049815235834454258e-16
1.996800000000000000e+04 5.049815235834454258e-16
2.022400000000000000e+04 5.049815235834454258e-16
2.048000000000000000e+04 5.049815235834454258e-16
2.073600000000000000e+04 5.049815235834454258e-16
2.099200000000000000e+04 5.914688827021484949e-17
2.124800000000000000e+04 5.914688827021484949e-17
2.150400000000000000e+04 5.914688827021484949e-17
2.176000000000000000e+04 5.914688827021484949e-17
2.201600000000000000e+04 5.914688827021484949e-17
2.227200000000000000e+04 5.000377585639596247e-17
2.252800000000000000e+04 2.766328772590311966e-17
2.278400000000000000e+04 2.766328772590311966e-17
2.304000000000000000e+04 6.067218524414167828e-18
2.329600000000000000e+04 6.067218524414167828e-18
2.355200000000000000e+04 6.067218524414167828e-18
2.380800000000000000e+04 5.744545188648292520e-18
2.406400000000000000e+04 2.096717239072089990e-19
2.432000000000000000e+04 2.096717239072089990e-19
2.457600000000000000e+04 2.096717239072089990e-19
2.483200000000000000e+04 2.096717239072089990e-19
2.508800000000000000e+04 2.096717239072089990e-19
2.534400000000000000e+04 2.096717239072089990e-19
2.560000000000000000e+04 2.096717239072089990e-19
2.585600000000000000e+04 5.850337486866971113e-20
2.611200000000000000e+04 5.850337486866971113e-20
2.636800000000000000e+04 5.850337486866971113e-20
2.662400000000000000e+04 4.418468378636788819e-20
2.688000000000000000e+04 3.214363220225010147e-20
2.713600000000000000e+04 2.163099808094283518e-22
2.739200000000000000e+04 2.163099808094283518e-22
2.764800000000000000e+04 2.163099808094283518e-22
2.790400000000000000e+04 2.163099808094283518e-22
2.816000000000000000e+04 2.163099808094283518e-22
2.841600000000000000e+04 2.163099808094283518e-22
2.867200000000000000e+04 1.717531519071627361e-22
2.892800000000000000e+04 1.717531519071627361e-22
2.918400000000000000e+04 1.717531519071627361e-22
2.944000000000000000e+04 1.717531519071627361e-22
2.969600000000000000e+04 1.717531519071627361e-22
2.995200000000000000e+04 1.717531519071627361e-22
3.020800000000000000e+04 6.106766213053137485e-23
3.046400000000000000e+04 2.715384160725031174e-23
3.072000000000000000e+04 2.715384160725031174e-23
3.097600000000000000e+04 2.715384160725031174e-23
3.123200000000000000e+04 2.707700261092445449e-23
3.148800000000000000e+04 5.139857921968683922e-24
3.174400000000000000e+04 4.372986816170516725e-24
3.200000000000000000e+04 2.430910344930546334e-24
3.225600000000000000e+04 4.643074743107998742e-25
3.251200000000000000e+04 4.643074743107998742e-25
3.276800000000000000e+04 4.643074743107998742e-25
3.302400000000000000e+04 4.643074743107998742e-25
3.328000000000000000e+04 4.643074743107998742e-25
3.353600000000000000e+04 4.749366359271069283e-26
3.379200000000000000e+04 4.749366359271069283e-26
3.404800000000000000e+04 4.749366359271069283e-26
3.430400000000000000e+04 2.540384867485249001e-28
3.456000000000000000e+04 2.540384867485249001e-28
3.481600000000000000e+04 2.540384867485249001e-28
3.507200000000000000e+04 2.540384867485249001e-28
3.532800000000000000e+04 2.540384867485249001e-28
3.558400000000000000e+04 2.540384867485249001e-28
3.584000000000000000e+04 2.540384867485249001e-28
3.609600000000000000e+04 2.540384867485249001e-28
3.635200000000000000e+04 2.540384867485249001e-28
3.660800000000000000e+04 2.540384867485249001e-28
3.686400000000000000e+04 2.540384867485249001e-28
3.712000000000000000e+04 2.540384867485249001e-28
3.737600000000000000e+04 2.540384867485249001e-28
3.763200000000000000e+04 1.218196684975811930e-28
3.788800000000000000e+04 3.470349469602453070e-29
3.814400000000000000e+04 6.111215143054666985e-30
3.840000000000000000e+04 6.111215143054666985e-30
3.865600000000000000e+04 6.111215143054666985e-30
3.891200000000000000e+04 6.111215143054666985e-30
3.916800000000000000e+04 6.111215143054666985e-30
3.942400000000000000e+04 6.111215143054666985e-30
3.968000000000000000e+04 2.451048750239968099e-30
3.993600000000000000e+04 6.924381710298369543e-31
4.019200000000000000e+04 6.924381710298369543e-31
4.044800000000000000e+04 6.330960257860128265e-32
4.070400000000000000e+04 6.330960257860128265e-32
4.096000000000000000e+04 6.330960257860128265e-32
4.121600000000000000e+04 6.330960257860128265e-32
4.147200000000000000e+04 6.330960257860128265e-32
4.172800000000000000e+04 6.330960257860128265e-32
4.198400000000000000e+04 2.228245426541445253e-32
4.224000000000000000e+04 3.276900165977423515e-33
4.249600000000000000e+04 3.276900165977423515e-33
4.275200000000000000e+04 3.276900165977423515e-33
4.300800000000000000e+04 3.276900165977423515e-33
4.326400000000000000e+04 3.276900165977423515e-33
4.352000000000000000e+04 3.276900165977423515e-33
4.377600000000000000e+04 3.276900165977423515e-33
4.403200000000000000e+04 6.629832291731412989e-34
4.428800000000000000e+04 6.629832291731412989e-34
4.454400000000000000e+04 6.629832291731412989e-34
4.480000000000000000e+04 6.629832291731412989e-34
4.505600000000000000e+04 4.744274821612144295e-34
4.531200000000000000e+04 4.744274821612144295e-34
4.556800000000000000e+04 4.744274821612144295e-34
4.582400000000000000e+04 4.665270358419755690e-34
4.608000000000000000e+04 7.253297742038632924e-35
4.633600000000000000e+04 7.253297742038632924e-35
4.659200000000000000e+04 9.812857481251641958e-37
4.684800000000000000e+04 9.812857481251641958e-37
4.710400000000000000e+04 9.812857481251641958e-37
4.736000000000000000e+04 9.812857481251641958e-37
4.761600000000000000e+04 9.812857481251641958e-37
4.787200000000000000e+04 8.283246605560940956e-37
4.812800000000000000e+04 8.283246605560940956e-37
4.838400000000000000e+04 8.283246605560940956e-37
4.864000000000000000e+04 3.616343609219814865e-37
4.889600000000000000e+04 3.616343609219814865e-37
4.915200000000000000e+04 2.305367717889256068e-37
4.940800000000000000e+04 2.305367717889256068e-37
4.966400000000000000e+04 6.037334641186384921e-38
4.992000000000000000e+04 6.037334641186384921e-38
5.017600000000000000e+04 1.184167709216492156e-39
5.043200000000000000e+04 1.184167709216492156e-39
5.068800000000000000e+04 1.184167709216492156e-39
5.094400000000000000e+04 1.184167709216492156e-39
5.120000000000000000e+04 1.184167709216492156e-39
5.145600000000000000e+04 1.184167709216492156e-39
5.171200000000000000e+04 1.184167709216492156e-39
5.196800000000000000e+04 1.184167709216492156e-39
5.222400000000000000e+04 1.184167709216492156e-39
5.248000000000000000e+04 5.733031158477811750e-40
5.273600000000000000e+04 5.406774820156849477e-40
5.299200000000000000e+04 5.406774820156849477e-40
5.324800000000000000e+04 2.707168567878450661e-40
5.350400000000000000e+04 3.368721691873573708e-41
5.376000000000000000e+04 3.368721691873573708e-41
5.401600000000000000e+04 3.368721691873573708e-41
5.427200000000000000e+04 3.368721691873573708e-41
5.452800000000000000e+04 3.368721691873573708e-41
5.478400000000000000e+04 3.368721691873573708e-41
5.504000000000000000e+04 3.368721691873573708e-41
5.529600000000000000e+04 3.069113337995865525e-42
5.555200000000000000e+04 3.069113337995865525e-42
5.580800000000000000e+04 3.069113337995865525e-42
5.606400000000000000e+04 2.618971228014415829e-42
5.632000000000000000e+04 2.618971228014415829e-42
5.657600000000000000e+04 1.749382627925036392e-42
5.683200000000000000e+04 1.518112168575315791e-42
5.708800000000000000e+04 2.022300686229445127e-45
5.734400000000000000e+04 2.022300686229445127e-45
5.760000000000000000e+04 2.022300686229445127e-45
5.785600000000000000e+04 2.022300686229445127e-45
5.811200000000000000e+04 2.022300686229445127e-45
5.836800000000000000e+04 2.022300686229445127e-45
5.862400000000000000e+04 2.022300686229445127e-45
5.888000000000000000e+04 2.022300686229445127e-45
5.913600000000000000e+04 4.611765526309566342e-46
5.939200000000000000e+04 4.611765526309566342e-46
5.964800000000000000e+04 4.611765526309566342e-46
5.990400000000000000e+04 4.611765526309566342e-46
6.016000000000000000e+04 4.611765526309566342e-46
6.041600000000000000e+04 4.611765526309566342e-46
6.067200000000000000e+04 4.611765526309566342e-46
6.092800000000000000e+04 4.611765526309566342e-46
6.118400000000000000e+04 4.611765526309566342e-46
6.144000000000000000e+04 4.611765526309566342e-46
6.169600000000000000e+04 4.611765526309566342e-46
6.195200000000000000e+04 7.232547696421418771e-47
6.220800000000000000e+04 7.232547696421418771e-47
6.246400000000000000e+04 4.101676996331534174e-47
6.272000000000000000e+04 4.101676996331534174e-47
6.297600000000000000e+04 1.495943337319250439e-47
6.323200000000000000e+04 1.447763509605156817e-47
6.348800000000000000e+04 9.717231214454299819e-48
6.374400000000000000e+04 9.717231214454299819e-48
6.400000000000000000e+04 9.717231214454299819e-48
6.425600000000000000e+04 1.782750262175701981e-48
6.451200000000000000e+04 1.782750262175701981e-48
6.476800000000000000e+04 1.782750262175701981e-48
6.502400000000000000e+04 1.782750262175701981e-48
6.528000000000000000e+04 1.763710116995235191e-48
6.553600000000000000e+04 8.212155254504063408e-49
6.579200000000000000e+04 8.212155254504063408e-49
6.604800000000000000e+04 1.881609204477142025e-49
6.630400000000000000e+04 7.735991169717406558e-50
6.656000000000000000e+04 7.735991169717406558e-50
6.681600000000000000e+04 7.735991169717406558e-50
6.707200000000000000e+04 5.677007611098039474e-50
6.732800000000000000e+04 1.504905756546108338e-50
6.758400000000000000e+04 1.504905756546108338e-50
6.784000000000000000e+04 1.197700805506537399e-50
6.809600000000000000e+04 1.019432006339395663e-50
6.835200000000000000e+04 1.019432006339395663e-50
6.860800000000000000e+04 6.097054357328677018e-51
6.886400000000000000e+04 3.082392790898819065e-51
6.912000000000000000e+04 1.881778454482624117e-51
6.937600000000000000e+04 1.253907243069401569e-52
6.963200000000000000e+04 1.253907243069401569e-52
6.988800000000000000e+04 1.253907243069401569e-52
7.014400000000000000e+04 1.136547933172359070e-52
7.040000000000000000e+04 1.136547933172359070e-52
7.065600000000000000e+04 3.040384622576538315e-53
7.091200000000000000e+04 3.040384622576538315e-53
7.116800000000000000e+04 3.040384622576538315e-53
7.142400000000000000e+04 2.193263486668033121e-54
7.168000000000000000e+04 2.193263486668033121e-54
7.193600000000000000e+04 2.193263486668033121e-54
7.219200000000000000e+04 2.193263486668033121e-54
7.244800000000000000e+04 2.193263486668033121e-54
7.270400000000000000e+04 2.193263486668033121e-54
7.296000000000000000e+04 7.572303509645911950e-56
7.321600000000000000e+04 7.572303509645911950e-56
7.347200000000000000e+04 7.572303509645911950e-56
7.372800000000000000e+04 7.572303509645911950e-56
7.398400000000000000e+04 7.572303509645911950e-56
7.424000000000000000e+04 7.572303509645911950e-56
7.449600000000000000e+04 5.990150363614198600e-56
7.475200000000000000e+04 5.990150363614198600e-56
7.500800000000000000e+04 5.990150363614198600e-56
7.526400000000000000e+04 5.990150363614198600e-56
7.552000000000000000e+04 4.815388156576053556e-56
7.577600000000000000e+04 4.815388156576053556e-56
7.603200000000000000e+04 1.825220899064875178e-56
7.628800000000000000e+04 1.307877639492505470e-56
7.654400000000000000e+04 3.097696030568999057e-59
7.680000000000000000e+04 3.097696030568999057e-59
7.705600000000000000e+04 3.097696030568999057e-59
7.731200000000000000e+04 3.097696030568999057e-59
7.756800000000000000e+04 3.097696030568999057e-59
7.782400000000000000e+04 3.097696030568999057e-59
7.808000000000000000e+04 3.097696030568999057e-59
7.833600000000000000e+04 3.097696030568999057e-59
7.859200000000000000e+04 3.097696030568999057e-59
7.884800000000000000e+04 2.751152204486204623e-59
7.910400000000000000e+04 2.751152204486204623e-59
7.936000000000000000e+04 2.751152204486204623e-59
7.961600000000000000e+04 2.751152204486204623e-59
7.987200000000000000e+04 2.751152204486204623e-59
8.012800000000000000e+04 2.751152204486204623e-59
8.038400000000000000e+04 1.265979638030581499e-59
8.064000000000000000e+04 1.265979638030581499e-59
8.089600000000000000e+04 9.935254213133592344e-60
8.115200000000000000e+04 9.749663858498946007e-60
8.140800000000000000e+04 9.556700286484124897e-61
8.166400000000000000e+04 5.830793298119489305e-61
8.192000000000000000e+04 5.830793298119489305e-61
8.217600000000000000e+04 3.563215572124037221e-61
8.243200000000000000e+04 1.486794809012127871e-62
8.268800000000000000e+04 1.486794809012127871e-62
8.294400000000000000e+04 1.486794809012127871e-62
8.320000000000000000e+04 1.486794809012127871e-62
8.345600000000000000e+04 1.486794809012127871e-62
8.371200000000000000e+04 1.486794809012127871e-62
8.396800000000000000e+04 1.486794809012127871e-62
8.422400000000000000e+04 1.486794809012127871e-62
8.448000000000000000e+04 1.486794809012127871e-62
8.473600000000000000e+04 4.482580961787966495e-63
8.499200000000000000e+04 4.482580961787966495e-63
8.524800000000000000e+04 1.027013003584933705e-63
8.550400000000000000e+04 1.027013003584933705e-63
8.576000000000000000e+04 1.027013003584933705e-63
8.601600000000000000e+04 1.015068389683092797e-63
8.627200000000000000e+04 1.015068389683092797e-63
8.652800000000000000e+04 1.183480539870789332e-64
8.678400000000000000e+04 1.183480539870789332e-64
8.704000000000000000e+04 1.183480539870789332e-64
8.729600000000000000e+04 1.183480539870789332e-64
8.755200000000000000e+04 9.318971060731535871e-65
8.780800000000000000e+04 1.252655646722863288e-65
8.806400000000000000e+04 1.252655646722863288e-65
8.832000000000000000e+04 9.869371691360367480e-66
8.857600000000000000e+04 3.585259109227876261e-67
8.883200000000000000e+04 3.585259109227876261e-67
8.908800000000000000e+04 3.585259109227876261e-67
8.934400000000000000e+04 3.585259109227876261e-67
8.960000000000000000e+04 3.585259109227876261e-67
8.985600000000000000e+04 3.585259109227876261e-67
9.011200000000000000e+04 3.585259109227876261e-67
9.036800000000000000e+04 3.585259109227876261e-67
9.062400000000000000e+04 3.585259109227876261e-67
9.088000000000000000e+04 3.585259109227876261e-67
9.113600000000000000e+04 2.272988222841158791e-67
9.139200000000000000e+04 2.930292693077927020e-68
9.164800000000000000e+04 2.930292693077927020e-68
9.190400000000000000e+04 6.970908662762117912e-69
9.216000000000000000e+04 6.970908662762117912e-69
9.241600000000000000e+04 5.682900986882291514e-70
9.267200000000000000e+04 5.682900986882291514e-70
9.292800000000000000e+04 5.682900986882291514e-70
9.318400000000000000e+04 5.682900986882291514e-70
9.344000000000000000e+04 5.682900986882291514e-70
9.369600000000000000e+04 3.526287209077123043e-70
9.395200000000000000e+04 3.526287209077123043e-70
9.420800000000000000e+04 3.526287209077123043e-70
9.446400000000000000e+04 3.231274889054785112e-70
9.472000000000000000e+04 1.027375393008954537e-70
9.497600000000000000e+04 1.027375393008954537e-70
9.523200000000000000e+04 4.962209500975380991e-71
9.548800000000000000e+04 4.962209500975380991e-71
9.574400000000000000e+04 4.962209500975380991e-71
9.600000000000000000e+04 4.962209500975380991e-71
9.625600000000000000e+04 4.962209500975380991e-71
9.651200000000000000e+04 1.975838427620557840e-71
9.676800000000000000e+04 2.256831685839015416e-72
9.702400000000000000e+04 2.256831685839015416e-72
9.728000000000000000e+04 2.256831685839015416e-72
9.753600000000000000e+04 2.256831685839015416e-72
9.779200000000000000e+04 2.256831685839015416e-72
9.804800000000000000e+04 2.256831685839015416e-72
9.830400000000000000e+04 9.405725797316631579e-73
9.856000000000000000e+04 4.663721108320181273e-75
9.881600000000000000e+04 4.663721108320181273e-75
9.907200000000000000e+04 4.663721108320181273e-75
9.932800000000000000e+04 4.663721108320181273e-75
9.958400000000000000e+04 4.663721108320181273e-75
9.984000000000000000e+04 4.663721108320181273e-75
1.000960000000000000e+05 4.663721108320181273e-75
