2.560000000000000000e+02 1.083587300891855343e-01
5.120000000000000000e+02 1.083587300891855343e-01
7.680000000000000000e+02 1.285953292338415550e-02
1.024000000000000000e+03 1.285953292338415550e-02
1.280000000000000000e+03 1.285953292338415550e-02
1.536000000000000000e+03 1.285953292338415550e-02
1.792000000000000000e+03 1.285953292338415550e-02
2.048000000000000000e+03 1.285953292338415550e-02
2.304000000000000000e+03 4.516849464874086789e-04
2.560000000000000000e+03 4.516849464874086789e-04
2.816000000000000000e+03 4.516849464874086789e-04
3.072000000000000000e+03 2.440365928977996962e-04
3.328000000000000000e+03 2.440365928977996962e-04
3.584000000000000000e+03 5.450410065199049110e-05
3.840000000000000000e+03 5.450410065199049110e-05
4.096000000000000000e+03 5.450410065199049110e-05
4.352000000000000000e+03 5.450410065199049110e-05
4.608000000000000000e+03 5.450410065199049110e-05
4.864000000000000000e+03 5.450410065199049110e-05
5.120000000000000000e+03 4.889202937563041272e-05
5.376000000000000000e+03 4.889202937563041272e-05
5.632000000000000000e+03 4.889202937563041272e-05
5.888000000000000000e+03 4.889202937563041272e-05
6.144000000000000000e+03 1.209129313785178454e-05
6.400000000000000000e+03 8.092364777455157641e-06
6.656000000000000000e+03 4.434446410160958978e-06
6.912000000000000000e+03 4.197407520757729417e-06
7.168000000000000000e+03 4.197407520757729417e-06
7.424000000000000000e+03 4.197407520757729417e-06
7.680000000000000000e+03 4.286659754945227663e-07
7.936000000000000000e+03 4.286659754945227663e-07
8.192000000000000000e+03 4.286659754945227663e-07
8.448000000000000000e+03 3.467261557369520793e-07
8.704000000000000000e+03 3.467261557369520793e-07
8.960000000000000000e+03 3.467261557369520793e-07
9.216000000000000000e+03 2.196455160236421965e-07
9.472000000000000000e+03 3.479269174995635740e-08
9.728000000000000000e+03 3.479269174995635740e-08
9.984000000000000000e+03 1.392531347484992880e-08
1.024000000000000000e+04 5.224994897301471190e-10
1.049600000000000000e+04 5.224994897301471190e-10
1.075200000000000000e+04 5.224994897301471190e-10
1.100800000000000000e+04 5.224994897301471190e-10
1.126400000000000000e+04 5.224994897301471190e-10
1.152000000000000000e+04 1.152125185149603872e-10
1.177600000000000000e+04 1.152125185149603872e-10
1.203200000000000000e+04 1.152125185149603872e-10
1.228800000000000000e+04 1.152125185149603872e-10
1.254400000000000000e+04 1.152125185149603872e-10
1.280000000000000000e+04 2.023054964962727099e-11
1.305600000000000000e+04 2.023054964962727099e-11
1.331200000000000000e+04 1.763242214551591422e-11
1.356800000000000000e+04 1.763242214551591422e-11
1.382400000000000000e+04 1.124005671854642349e-11
1.408000000000000000e+04 1.124005671854642349e-11
1.433600000000000000e+04 1.124005671854642349e-11
1.459200000000000000e+04 1.124005671854642349e-11
1.484800000000000000e+04 4.283192569304228092e-12
1.510400000000000000e+04 1.266210396937085439e-12
1.536000000000000000e+04 1.266210396937085439e-12
1.561600000000000000e+04 6.658562173306080414e-13
1.587200000000000000e+04 6.286790181753408486e-13
1.612800000000000000e+04 6.286790181753408486e-13
1.638400000000000000e+04 6.188608977338543631e-13
1.664000000000000000e+04 2.301965372204108215e-13
1.689600000000000000e+04 2.301965372204108215e-13
1.715200000000000000e+04 2.301965372204108215e-13
1.740800000000000000e+04 1.285696821944503970e-13
1.766400000000000000e+04 5.431605041174931351e-14
1.792000000000000000e+04 5.431605041174931351e-14
1.817600000000000000e+04 5.431605041174931351e-14
1.843200000000000000e+04 1.186666424142329150e-14
1.868800000000000000e+04 1.186666424142329150e-14
1.894400000000000000e+04 7.840812594921900431e-15
1.920000000000000000e+04 3.839190680952711898e-15
1.945600000000000000e+04 1.308056897221649015e-15
1.971200000000000000e+04 1.308056897221649015e-15
1.996800000000000000e+04 1.141266517242376902e-15
2.022400000000000000e+04 1.141266517242376902e-15
2.048000000000000000e+04 1.109828360465224043e-15
2.073600000000000000e+04 5.433233640700313113e-16
2.099200000000000000e+04 4.941795189714868379e-17
2.124800000000000000e+04 4.941795189714868379e-17
2.150400000000000000e+04 1.673730580969561244e-17
2.176000000000000000e+04 1.673730580969561244e-17
2.201600000000000000e+04 1.673730580969561244e-17
2.227200000000000000e+04 7.156609033554130383e-18
2.252800000000000000e+04 5.233025477447675892e-18
2.278400000000000000e+04 5.233025477447675892e-18
2.304000000000000000e+04 4.850074034135531780e-18
2.329600000000000000e+04 1.522612647587608268e-18
2.355200000000000000e+04 1.429934582613578771e-18
2.380800000000000000e+04 1.429934582613578771e-18
2.406400000000000000e+04 1.429934582613578771e-18
2.432000000000000000e+04 6.054337114605591420e-19
2.457600000000000000e+04 1.644022167404611205e-19
2.483200000000000000e+04 1.644022167404611205e-19
2.508800000000000000e+04 4.284652175052642717e-20
2.534400000000000000e+04 1.121404000956284403e-20
2.560000000000000000e+04 1.121404000956284403e-20
2.585600000000000000e+04 1.017055270029652494e-20
2.611200000000000000e+04 2.395095841350688493e-21
2.636800000000000000e+04 2.395095841350688493e-21
2.662400000000000000e+04 2.279360124641002658e-21
2.688000000000000000e+04 2.279360124641002658e-21
2.713600000000000000e+04 4.524364167301263844e-22
2.739200000000000000e+04 3.512583117874389003e-22
2.764800000000000000e+04 1.696249134852481095e-22
2.790400000000000000e+04 1.696249134852481095e-22
2.816000000000000000e+04 1.696249134852481095e-22
2.841600000000000000e+04 1.682750995466397703e-22
2.867200000000000000e+04 8.105552020393100760e-23
2.892800000000000000e+04 6.890696733682462811e-23
2.918400000000000000e+04 6.890696733682462811e-23
2.944000000000000000e+04 5.927429272719221346e-24
2.969600000000000000e+04 5.927429272719221346e-24
2.995200000000000000e+04 5.927429272719221346e-24
3.020800000000000000e+04 5.355744092047519633e-25
3.046400000000000000e+04 5.355744092047519633e-25
3.072000000000000000e+04 2.920884211626310187e-25
3.097600000000000000e+04 2.920884211626310187e-25
3.123200000000000000e+04 2.122402290540202433e-25
3.148800000000000000e+04 1.997191098582203525e-25
3.174400000000000000e+04 1.620769014868280667e-25
3.200000000000000000e+04 1.620769014868280667e-25
3.225600000000000000e+04 1.181642301450608921e-25
3.251200000000000000e+04 6.347392858759990504e-27
3.276800000000000000e+04 6.347392858759990504e-27
3.302400000000000000e+04 6.347392858759990504e-27
3.328000000000000000e+04 2.189159005822862439e-27
3.353600000000000000e+04 2.189159005822862439e-27
3.379200000000000000e+04 2.189159005822862439e-27
3.404800000000000000e+04 2.325839038737908366e-28
3.430400000000000000e+04 2.325839038737908366e-28
3.456000000000000000e+04 2.325839038737908366e-28
3.481600000000000000e+04 2.325839038737908366e-28
3.507200000000000000e+04 2.325839038737908366e-28
3.532800000000000000e+04 2.325839038737908366e-28
3.558400000000000000e+04 6.004505113536875479e-29
3.584000000000000000e+04 6.004505113536875479e-29
3.609600000000000000e+04 6.004505113536875479e-29
3.635200000000000000e+04 6.004505113536875479e-29
3.660800000000000000e+04 6.004505113536875479e-29
3.686400000000000000e+04 6.293747367643037574e-30
3.712000000000000000e+04 6.293747367643037574e-30
3.737600000000000000e+04 6.293747367643037574e-30
3.763200000000000000e+04 6.293747367643037574e-30
3.788800000000000000e+04 6.293747367643037574e-30
3.814400000000000000e+04 6.293747367643037574e-30
3.840000000000000000e+04 2.999234502258560154e-30
3.865600000000000000e+04 2.298980524253843728e-30
3.891200000000000000e+04 1.535571681694508039e-30
3.916800000000000000e+04 1.535571681694508039e-30
3.942400000000000000e+04 3.778284041147404329e-32
3.968000000000000000e+04 3.778284041147404329e-32
3.993600000000000000e+04 3.877769159736067999e-33
4.019200000000000000e+04 3.877769159736067999e-33
4.044800000000000000e+04 3.877769159736067999e-33
4.070400000000000000e+04 3.877769159736067999e-33
4.096000000000000000e+04 3.877769159736067999e-33
4.121600000000000000e+04 3.877769159736067999e-33
4.147200000000000000e+04 3.877769159736067999e-33
4.172800000000000000e+04 3.877769159736067999e-33
4.198400000000000000e+04 2.530332129211593360e-33
4.224000000000000000e+04 2.492404444604862318e-33
4.249600000000000000e+04 2.236813270744745639e-33
4.275200000000000000e+04 2.214183560106768939e-33
4.300800000000000000e+04 2.214183560106768939e-33
4.326400000000000000e+04 2.922137179203030824e-34
4.352000000000000000e+04 2.922137179203030824e-34
4.377600000000000000e+04 1.330365511421939170e-34
4.403200000000000000e+04 1.330365511421939170e-34
4.428800000000000000e+04 8.106093938021317701e-35
4.454400000000000000e+04 8.106093938021317701e-35
4.480000000000000000e+04 5.598569835805969083e-35
4.505600000000000000e+04 5.598569835805969083e-35
4.531200000000000000e+04 5.598569835805969083e-35
4.556800000000000000e+04 5.165718315507628506e-35
4.582400000000000000e+04 3.528961322070245884e-35
4.608000000000000000e+04 6.936004166989121468e-36
4.633600000000000000e+04 6.936004166989121468e-36
4.659200000000000000e+04 3.842686086074334856e-36
4.684800000000000000e+04 3.842686086074334856e-36
4.710400000000000000e+04 3.047804487147240463e-37
4.736000000000000000e+04 3.047804487147240463e-37
4.761600000000000000e+04 3.047804487147240463e-37
4.787200000000000000e+04 3.047804487147240463e-37
4.812800000000000000e+04 6.168511133352275164e-38
4.838400000000000000e+04 6.168511133352275164e-38
4.864000000000000000e+04 6.168511133352275164e-38
4.889600000000000000e+04 6.168511133352275164e-38
4.915200000000000000e+04 1.625559297758578479e-38
4.940800000000000000e+04 4.764935012190225925e-39
4.966400000000000000e+04 4.764935012190225925e-39
4.992000000000000000e+04 4.764935012190225925e-39
5.017600000000000000e+04 4.764935012190225925e-39
5.043200000000000000e+04 4.764935012190225925e-39
5.068800000000000000e+04 4.764935012190225925e-39
5.094400000000000000e+04 1.987972431309212046e-39
5.120000000000000000e+04 1.987972431309212046e-39
5.145600000000000000e+04 1.987972431309212046e-39
5.171200000000000000e+04 7.794365087118074819e-40
5.196800000000000000e+04 5.806288695987795051e-40
5.222400000000000000e+04 5.806288695987795051e-40
5.248000000000000000e+04 5.806288695987795051e-40
5.273600000000000000e+04 3.872117132849002886e-40
5.299200000000000000e+04 4.471284327715356801e-41
5.324800000000000000e+04 4.471284327715356801e-41
5.350400000000000000e+04 7.878119762687588595e-42
5.376000000000000000e+04 7.878119762687588595e-42
5.401600000000000000e+04 7.878119762687588595e-42
5.427200000000000000e+04 7.356064440148883358e-42
5.452800000000000000e+04 7.173088952827278095e-42
5.478400000000000000e+04 7.173088952827278095e-42
5.504000000000000000e+04 3.064681116847292704e-42
5.529600000000000000e+04 3.064681116847292704e-42
5.555200000000000000e+04 3.064681116847292704e-42
5.580800000000000000e+04 3.064681116847292704e-42
5.606400000000000000e+04 7.906581178068661197e-43
5.632000000000000000e+04 7.906581178068661197e-43
5.657600000000000000e+04 7.906581178068661197e-43
5.683200000000000000e+04 1.004604812635557020e-43
5.708800000000000000e+04 1.004604812635557020e-43
5.734400000000000000e+04 1.004604812635557020e-43
5.760000000000000000e+04 4.970283944314008407e-44
5.785600000000000000e+04 8.796416125096493617e-46
5.811200000000000000e+04 8.796416125096493617e-46
5.836800000000000000e+04 8.796416125096493617e-46
5.862400000000000000e+04 8.796416125096493617e-46
5.888000000000000000e+04 8.796416125096493617e-46
5.913600000000000000e+04 8.796416125096493617e-46
5.939200000000000000e+04 8.796416125096493617e-46
5.964800000000000000e+04 8.796416125096493617e-46
5.990400000000000000e+04 8.796416125096493617e-46
6.016000000000000000e+04 5.395811704622051216e-46
6.041600000000000000e+04 5.395811704622051216e-46
6.067200000000000000e+04 1.095604256396958646e-46
6.092800000000000000e+04 1.095604256396958646e-46
6.118400000000000000e+04 1.095604256396958646e-46
6.144000000000000000e+04 1.095604256396958646e-46
6.169600000000000000e+04 1.007817218987130341e-46
6.195200000000000000e+04 7.990258910085057248e-47
6.220800000000000000e+04 7.156926228777911584e-48
6.246400000000000000e+04 7.156926228777911584e-48
6.272000000000000000e+04 7.156926228777911584e-48
6.297600000000000000e+04 7.156926228777911584e-48
6.323200000000000000e+04 1.921042414678147603e-48
6.348800000000000000e+04 3.356370398372274789e-49
6.374400000000000000e+04 3.356370398372274789e-49
6.400000000000000000e+04 3.356370398372274789e-49
6.425600000000000000e+04 3.356370398372274789e-49
6.451200000000000000e+04 3.356370398372274789e-49
6.476800000000000000e+04 2.382615249297861082e-49
6.502400000000000000e+04 2.026015223655938525e-49
6.528000000000000000e+04 2.600504917274100974e-50
6.553600000000000000e+04 2.600504917274100974e-50
6.579200000000000000e+04 2.600504917274100974e-50
6.604800000000000000e+04 1.803931065029205467e-51
6.630400000000000000e+04 1.803931065029205467e-51
6.656000000000000000e+04 1.803931065029205467e-51
6.681600000000000000e+04 3.060830042142455296e-52
6.707200000000000000e+04 3.060830042142455296e-52
6.732800000000000000e+04 3.060830042142455296e-52
6.758400000000000000e+04 3.060830042142455296e-52
6.784000000000000000e+04 3.060830042142455296e-52
6.809600000000000000e+04 1.507283484886809072e-52
6.835200000000000000e+04 1.507283484886809072e-52
6.860800000000000000e+04 3.548697049171191523e-53
6.886400000000000000e+04 3.548697049171191523e-53
6.912000000000000000e+04 7.365451239933475957e-54
6.937600000000000000e+04 7.365451239933475957e-54
6.963200000000000000e+04 7.365451239933475957e-54
6.988800000000000000e+04 7.365451239933475957e-54
7.014400000000000000e+04 7.365451239933475957e-54
7.040000000000000000e+04 7.365451239933475957e-54
7.065600000000000000e+04 7.365451239933475957e-54
7.091200000000000000e+04 3.836421858985637634e-54
7.116800000000000000e+04 2.034307623248748421e-54
7.142400000000000000e+04 2.034307623248748421e-54
7.168000000000000000e+04 2.034307623248748421e-54
7.193600000000000000e+04 2.634351824027246617e-55
7.219200000000000000e+04 9.821564105440054096e-56
7.244800000000000000e+04 9.821564105440054096e-56
7.270400000000000000e+04 9.821564105440054096e-56
7.296000000000000000e+04 9.821564105440054096e-56
7.321600000000000000e+04 3.911949036217642532e-56
7.347200000000000000e+04 3.911949036217642532e-56
7.372800000000000000e+04 3.911949036217642532e-56
7.398400000000000000e+04 1.419943926105144717e-57
7.424000000000000000e+04 1.419943926105144717e-57
7.449600000000000000e+04 1.419943926105144717e-57
7.475200000000000000e+04 8.714160006381183683e-59
7.500800000000000000e+04 8.714160006381183683e-59
7.526400000000000000e+04 8.714160006381183683e-59
7.552000000000000000e+04 8.714160006381183683e-59
7.577600000000000000e+04 8.714160006381183683e-59
7.603200000000000000e+04 8.714160006381183683e-59
7.628800000000000000e+04 8.714160006381183683e-59
7.654400000000000000e+04 8.714160006381183683e-59
7.680000000000000000e+04 8.714160006381183683e-59
7.705600000000000000e+04 2.178437155035345864e-59
7.731200000000000000e+04 2.178437155035345864e-59
7.756800000000000000e+04 7.571131314524869703e-60
7.782400000000000000e+04 7.571131314524869703e-60
7.808000000000000000e+04 7.571131314524869703e-60
7.833600000000000000e+04 7.571131314524869703e-60
7.859200000000000000e+04 7.571131314524869703e-60
7.884800000000000000e+04 4.162549951846273938e-60
7.910400000000000000e+04 2.464723704945761636e-60
7.936000000000000000e+04 2.464723704945761636e-60
7.961600000000000000e+04 2.464723704945761636e-60
7.987200000000000000e+04 1.064673499841866051e-60
8.012800000000000000e+04 2.049011321802613551e-61
8.038400000000000000e+04 2.049011321802613551e-61
8.064000000000000000e+04 2.049011321802613551e-61
8.089600000000000000e+04 8.223407053395906215e-62
8.115200000000000000e+04 8.223407053395906215e-62
8.140800000000000000e+04 8.223407053395906215e-62
8.166400000000000000e+04 8.223407053395906215e-62
8.192000000000000000e+04 8.223407053395906215e-62
8.217600000000000000e+04 3.081695236760094301e-62
8.243200000000000000e+04 3.023436420377738492e-63
8.268800000000000000e+04 3.023436420377738492e-63
8.294400000000000000e+04 3.023436420377738492e-63
8.320000000000000000e+04 3.023436420377738492e-63
8.345600000000000000e+04 3.023436420377738492e-63
8.371200000000000000e+04 3.023436420377738492e-63
8.396800000000000000e+04 2.463232648063401482e-63
8.422400000000000000e+04 2.080617495338058485e-63
8.448000000000000000e+04 2.080617495338058485e-63
8.473600000000000000e+04 2.369671465939069604e-64
8.499200000000000000e+04 1.504967434265868850e-64
8.524800000000000000e+04 9.987670880776905343e-65
8.550400000000000000e+04 9.987670880776905343e-65
8.576000000000000000e+04 5.554998711174439968e-65
8.601600000000000000e+04 1.957121550583429014e-65
8.627200000000000000e+04 1.957121550583429014e-65
8.652800000000000000e+04 8.074823264509981502e-66
8.678400000000000000e+04 8.074823264509981502e-66
8.704000000000000000e+04 2.285093325196476752e-66
8.729600000000000000e+04 3.352576400298041507e-67
8.755200000000000000e+04 3.352576400298041507e-67
8.780800000000000000e+04 3.352576400298041507e-67
8.806400000000000000e+04 3.352576400298041507e-67
8.832000000000000000e+04 3.352576400298041507e-67
8.857600000000000000e+04 3.352576400298041507e-67
8.883200000000000000e+04 2.595778784142707767e-68
8.908800000000000000e+04 2.595778784142707767e-68
8.934400000000000000e+04 2.595778784142707767e-68
8.960000000000000000e+04 2.595778784142707767e-68
8.985600000000000000e+04 2.595778784142707767e-68
9.011200000000000000e+04 2.595778784142707767e-68
9.036800000000000000e+04 2.595778784142707767e-68
9.062400000000000000e+04 2.595778784142707767e-68
9.088000000000000000e+04 1.181534006062047050e-68
9.113600000000000000e+04 1.181534006062047050e-68
9.139200000000000000e+04 2.763009506850892855e-69
9.164800000000000000e+04 2.763009506850892855e-69
9.190400000000000000e+04 8.650262400632052384e-70
9.216000000000000000e+04 1.825227819847775825e-70
9.241600000000000000e+04 1.825227819847775825e-70
9.267200000000000000e+04 1.825227819847775825e-70
9.292800000000000000e+04 1.825227819847775825e-70
9.318400000000000000e+04 1.825227819847775825e-70
9.344000000000000000e+04 1.825227819847775825e-70
9.369600000000000000e+04 9.791515055750789661e-71
9.395200000000000000e+04 8.684289365898685299e-72
9.420800000000000000e+04 8.684289365898685299e-72
9.446400000000000000e+04 8.684289365898685299e-72
9.472000000000000000e+04 8.684289365898685299e-72
9.497600000000000000e+04 8.684289365898685299e-72
9.523200000000000000e+04 5.290661756910251191e-72
9.548800000000000000e+04 5.290661756910251191e-72
9.574400000000000000e+04 2.638623602512838942e-72
9.600000000000000000e+04 3.594607701030268607e-73
9.625600000000000000e+04 3.594607701030268607e-73
9.651200000000000000e+04 3.594607701030268607e-73
9.676800000000000000e+04 3.594607701030268607e-73
9.702400000000000000e+04 3.594607701030268607e-73
9.728000000000000000e+04 3.118689300876424492e-74
9.753600000000000000e+04 3.118689300876424492e-74
9.779200000000000000e+04 3.118689300876424492e-74
9.804800000000000000e+04 2.167322282512245258e-74
9.830400000000000000e+04 2.167322282512245258e-74
9.856000000000000000e+04 2.167322282512245258e-74
9.881600000000000000e+04 7.426699379078434298e-75
9.907200000000000000e+04 7.426699379078434298e-75
9.932800000000000000e+04 4.261515088834296315e-75
9.958400000000000000e+04 1.991850331571545979e-75
9.984000000000000000e+04 1.991850331571545979e-75
1.000960000000000000e+05 1.083140315986768382e-75
