2.048000000000000000e+03 1.593589767377318056e-02
4.096000000000000000e+03 1.141424144523592245e-04
6.144000000000000000e+03 1.141424144523592245e-04
8.192000000000000000e+03 1.141424144523592245e-04
1.024000000000000000e+04 1.141424144523592245e-04
1.228800000000000000e+04 1.105671882829537087e-04
1.433600000000000000e+04 1.105671882829537087e-04
1.638400000000000000e+04 1.105671882829537087e-04
1.843200000000000000e+04 1.105671882829537087e-04
2.048000000000000000e+04 1.105671882829537087e-04
2.252800000000000000e+04 1.105671882829537087e-04
2.457600000000000000e+04 1.105671882829537087e-04
2.662400000000000000e+04 1.105671882829537087e-04
2.867200000000000000e+04 1.105671882829537087e-04
3.072000000000000000e+04 9.803024483811222231e-05
3.276800000000000000e+04 4.836947910170721774e-05
3.481600000000000000e+04 6.236929291985245014e-06
3.686400000000000000e+04 6.236929291985245014e-06
3.891200000000000000e+04 5.783402503674415944e-06
4.096000000000000000e+04 5.783402503674415944e-06
4.300800000000000000e+04 5.783402503674415944e-06
4.505600000000000000e+04 2.383193368812080962e-06
4.710400000000000000e+04 5.750135649272488432e-07
4.915200000000000000e+04 5.750135649272488432e-07
5.120000000000000000e+04 1.553002687319970987e-07
5.324800000000000000e+04 1.553002687319970987e-07
5.529600000000000000e+04 1.553002687319970987e-07
5.734400000000000000e+04 1.553002687319970987e-07
5.939200000000000000e+04 1.553002687319970987e-07
6.144000000000000000e+04 6.287392949169738975e-08
6.348800000000000000e+04 2.904944937932756725e-09
6.553600000000000000e+04 2.904944937932756725e-09
6.758400000000000000e+04 2.675782180625242901e-09
6.963200000000000000e+04 2.675782180625242901e-09
7.168000000000000000e+04 2.675782180625242901e-09
7.372800000000000000e+04 2.675782180625242901e-09
7.577600000000000000e+04 2.675782180625242901e-09
7.782400000000000000e+04 2.675782180625242901e-09
7.987200000000000000e+04 1.755898883825536295e-09
8.192000000000000000e+04 1.755898883825536295e-09
8.396800000000000000e+04 1.755898883825536295e-09
8.601600000000000000e+04 1.396156597403856649e-09
8.806400000000000000e+04 2.640637229354092021e-11
9.011200000000000000e+04 2.640637229354092021e-11
9.216000000000000000e+04 2.640637229354092021e-11
9.420800000000000000e+04 2.640637229354092021e-11
9.625600000000000000e+04 2.640637229354092021e-11
9.830400000000000000e+04 1.224720424324348676e-11
1.003520000000000000e+05 1.224720424324348676e-11
