2.048000000000000000e+03 5.470929398435854865e-03
4.096000000000000000e+03 5.470929398435854865e-03
6.144000000000000000e+03 2.605141776497304443e-03
8.192000000000000000e+03 2.605141776497304443e-03
1.024000000000000000e+04 1.449325409155917052e-03
1.228800000000000000e+04 5.301129969032990696e-04
1.433600000000000000e+04 5.301129969032990696e-04
1.638400000000000000e+04 5.481733962888626037e-05
1.843200000000000000e+04 2.903459290316480466e-06
2.048000000000000000e+04 2.903459290316480466e-06
2.252800000000000000e+04 2.903459290316480466e-06
2.457600000000000000e+04 2.903459290316480466e-06
2.662400000000000000e+04 2.903459290316480466e-06
2.867200000000000000e+04 2.903459290316480466e-06
3.072000000000000000e+04 2.903459290316480466e-06
3.276800000000000000e+04 2.903459290316480466e-06
3.481600000000000000e+04 2.903459290316480466e-06
3.686400000000000000e+04 2.903459290316480466e-06
3.891200000000000000e+04 2.903459290316480466e-06
4.096000000000000000e+04 2.903459290316480466e-06
4.300800000000000000e+04 2.903459290316480466e-06
4.505600000000000000e+04 2.903459290316480466e-06
4.710400000000000000e+04 1.189133528296822627e-06
4.915200000000000000e+04 3.373156262948959443e-08
5.120000000000000000e+04 3.373156262948959443e-08
5.324800000000000000e+04 3.373156262948959443e-08
5.529600000000000000e+04 3.373156262948959443e-08
5.734400000000000000e+04 3.373156262948959443e-08
5.939200000000000000e+04 3.373156262948959443e-08
6.144000000000000000e+04 3.238602552658532960e-08
6.348800000000000000e+04 3.238602552658532960e-08
6.553600000000000000e+04 1.535251541300149544e-08
6.758400000000000000e+04 1.298106023398856507e-08
6.963200000000000000e+04 8.588617008647086738e-09
7.168000000000000000e+04 8.588617008647086738e-09
7.372800000000000000e+04 8.588617008647086738e-09
7.577600000000000000e+04 1.177538185212511105e-09
7.782400000000000000e+04 6.430172447434543265e-10
7.987200000000000000e+04 6.430172447434543265e-10
8.192000000000000000e+04 5.149079458330432342e-10
8.396800000000000000e+04 5.149079458330432342e-10
8.601600000000000000e+04 4.155338429346974387e-10
8.806400000000000000e+04 4.093897125964084495e-10
9.011200000000000000e+04 1.638416549258678461e-10
9.216000000000000000e+04 1.427117655694536180e-10
9.420800000000000000e+04 2.623294350949494038e-11
9.625600000000000000e+04 3.449642109149785070e-12
9.830400000000000000e+04 3.449642109149785070e-12
1.003520000000000000e+05 3.449642109149785070e-12
