2.048000000000000000e+03 1.194880947537147083e-02
4.096000000000000000e+03 1.194880947537147083e-02
6.144000000000000000e+03 3.634578993596989695e-03
8.192000000000000000e+03 2.746220865144124480e-03
1.024000000000000000e+04 2.746220865144124480e-03
1.228800000000000000e+04 2.746220865144124480e-03
1.433600000000000000e+04 2.746220865144124480e-03
1.638400000000000000e+04 1.923480299781375486e-03
1.843200000000000000e+04 1.923480299781375486e-03
2.048000000000000000e+04 1.923480299781375486e-03
2.252800000000000000e+04 8.907546864135415423e-05
2.457600000000000000e+04 8.907546864135415423e-05
2.662400000000000000e+04 4.508155300528013599e-05
2.867200000000000000e+04 4.508155300528013599e-05
3.072000000000000000e+04 9.900049475752167885e-06
3.276800000000000000e+04 9.900049475752167885e-06
3.481600000000000000e+04 9.900049475752167885e-06
3.686400000000000000e+04 1.708272689909124853e-06
3.891200000000000000e+04 1.708272689909124853e-06
4.096000000000000000e+04 1.708272689909124853e-06
4.300800000000000000e+04 3.927187512319438336e-07
4.505600000000000000e+04 3.927187512319438336e-07
4.710400000000000000e+04 3.927187512319438336e-07
4.915200000000000000e+04 3.927187512319438336e-07
5.120000000000000000e+04 3.170672323715228756e-07
5.324800000000000000e+04 2.288865910327461899e-07
5.529600000000000000e+04 2.288865910327461899e-07
5.734400000000000000e+04 2.288865910327461899e-07
5.939200000000000000e+04 4.775271283411611670e-08
6.144000000000000000e+04 4.775271283411611670e-08
6.348800000000000000e+04 4.775271283411611670e-08
6.553600000000000000e+04 4.775271283411611670e-08
6.758400000000000000e+04 2.934933791890549048e-09
6.963200000000000000e+04 2.934933791890549048e-09
7.168000000000000000e+04 2.934933791890549048e-09
7.372800000000000000e+04 2.934933791890549048e-09
7.577600000000000000e+04 1.319009010342492595e-10
7.782400000000000000e+04 1.319009010342492595e-10
7.987200000000000000e+04 1.319009010342492595e-10
8.192000000000000000e+04 1.319009010342492595e-10
8.396800000000000000e+04 1.319009010342492595e-10
8.601600000000000000e+04 1.319009010342492595e-10
8.806400000000000000e+04 1.057676056911438661e-10
9.011200000000000000e+04 4.969336015313534521e-12
9.216000000000000000e+04 4.969336015313534521e-12
9.420800000000000000e+04 4.969336015313534521e-12
9.625600000000000000e+04 4.969336015313534521e-12
9.830400000000000000e+04 4.969336015313534521e-12
1.003520000000000000e+05 4.969336015313534521e-12
