2.048000000000000000e+03 1.728397557719148214e-02
4.096000000000000000e+03 1.728397557719148214e-02
6.144000000000000000e+03 1.728397557719148214e-02
8.192000000000000000e+03 1.100484709449383799e-02
1.024000000000000000e+04 4.249516948330674462e-03
1.228800000000000000e+04 4.249516948330674462e-03
1.433600000000000000e+04 3.493024175574011882e-03
1.638400000000000000e+04 2.739815640597499137e-03
1.843200000000000000e+04 9.637008894496035477e-04
2.048000000000000000e+04 2.701041549602829013e-04
2.252800000000000000e+04 2.701041549602829013e-04
2.457600000000000000e+04 1.649815389687221353e-04
2.662400000000000000e+04 1.649815389687221353e-04
2.867200000000000000e+04 1.649815389687221353e-04
3.072000000000000000e+04 8.294861384698008853e-05
3.276800000000000000e+04 8.294861384698008853e-05
3.481600000000000000e+04 4.633438035966006246e-05
3.686400000000000000e+04 4.633438035966006246e-05
3.891200000000000000e+04 4.633438035966006246e-05
4.096000000000000000e+04 1.100508462777273304e-05
4.300800000000000000e+04 3.750598846334138805e-06
4.505600000000000000e+04 2.600850970286528982e-06
4.710400000000000000e+04 6.544775251217195245e-07
4.915200000000000000e+04 6.544775251217195245e-07
5.120000000000000000e+04 5.658182090839490468e-07
5.324800000000000000e+04 5.658182090839490468e-07
5.529600000000000000e+04 5.658182090839490468e-07
5.734400000000000000e+04 2.417685535052562175e-08
5.939200000000000000e+04 2.417685535052562175e-08
6.144000000000000000e+04 1.330223836611111390e-08
6.348800000000000000e+04 1.330223836611111390e-08
6.553600000000000000e+04 4.930617644583819205e-09
6.758400000000000000e+04 4.930617644583819205e-09
6.963200000000000000e+04 2.434160143443150882e-09
7.168000000000000000e+04 2.434160143443150882e-09
7.372800000000000000e+04 1.244675435034256361e-09
7.577600000000000000e+04 1.244675435034256361e-09
7.782400000000000000e+04 1.244675435034256361e-09
7.987200000000000000e+04 4.537294276854972450e-10
8.192000000000000000e+04 4.537294276854972450e-10
8.396800000000000000e+04 4.537294276854972450e-10
8.601600000000000000e+04 4.537294276854972450e-10
8.806400000000000000e+04 4.537294276854972450e-10
9.011200000000000000e+04 4.537294276854972450e-10
9.216000000000000000e+04 4.537294276854972450e-10
9.420800000000000000e+04 2.114036106570273550e-11
9.625600000000000000e+04 2.114036106570273550e-11
9.830400000000000000e+04 2.114036106570273550e-11
1.003520000000000000e+05 2.114036106570273550e-11
