6.400000000000000000e+01 1.985353142918938260e-02
1.280000000000000000e+02 1.985353142918938260e-02
1.920000000000000000e+02 1.985353142918938260e-02
2.560000000000000000e+02 1.985353142918938260e-02
3.200000000000000000e+02 1.985353142918938260e-02
3.840000000000000000e+02 1.985353142918938260e-02
4.480000000000000000e+02 1.985353142918938260e-02
5.120000000000000000e+02 1.985353142918938260e-02
5.760000000000000000e+02 1.985353142918938260e-02
6.400000000000000000e+02 1.985353142918938260e-02
7.040000000000000000e+02 1.985353142918938260e-02
7.680000000000000000e+02 1.698665729470140093e-02
8.320000000000000000e+02 1.698665729470140093e-02
8.960000000000000000e+02 1.591565849014018458e-02
9.600000000000000000e+02 1.591565849014018458e-02
1.024000000000000000e+03 1.075752894420986538e-02
1.088000000000000000e+03 1.075752894420986538e-02
1.152000000000000000e+03 4.477929027976756612e-03
1.216000000000000000e+03 2.012113019916801117e-03
1.280000000000000000e+03 2.012113019916801117e-03
1.344000000000000000e+03 5.957298525232746595e-04
1.408000000000000000e+03 1.518487761101936363e-04
1.472000000000000000e+03 1.518487761101936363e-04
1.536000000000000000e+03 1.518487761101936363e-04
1.600000000000000000e+03 1.518487761101936363e-04
1.664000000000000000e+03 9.017526140913295673e-05
1.728000000000000000e+03 6.327559961754701393e-05
1.792000000000000000e+03 1.491492703609652824e-05
1.856000000000000000e+03 1.440265924894820231e-05
1.920000000000000000e+03 1.440265924894820231e-05
1.984000000000000000e+03 2.082619047241219241e-06
2.048000000000000000e+03 2.082619047241219241e-06
2.112000000000000000e+03 2.082619047241219241e-06
2.176000000000000000e+03 5.845641086634457299e-08
2.240000000000000000e+03 5.845641086634457299e-08
2.304000000000000000e+03 5.845641086634457299e-08
2.368000000000000000e+03 5.845641086634457299e-08
2.432000000000000000e+03 5.845641086634457299e-08
2.496000000000000000e+03 5.845641086634457299e-08
2.560000000000000000e+03 1.820640734119126864e-08
2.624000000000000000e+03 1.615651204928365115e-09
2.688000000000000000e+03 1.615651204928365115e-09
2.752000000000000000e+03 1.615651204928365115e-09
2.816000000000000000e+03 1.615651204928365115e-09
2.880000000000000000e+03 1.615651204928365115e-09
2.944000000000000000e+03 1.615651204928365115e-09
3.008000000000000000e+03 1.207841289179019567e-10
3.072000000000000000e+03 1.207841289179019567e-10
3.136000000000000000e+03 1.207841289179019567e-10
3.200000000000000000e+03 1.207841289179019567e-10
3.264000000000000000e+03 1.207841289179019567e-10
3.328000000000000000e+03 7.332196078398127866e-11
3.392000000000000000e+03 7.332196078398127866e-11
3.456000000000000000e+03 4.003706630502887791e-11
3.520000000000000000e+03 4.003706630502887791e-11
3.584000000000000000e+03 1.532526853205242088e-11
3.648000000000000000e+03 1.182701560774862460e-11
3.712000000000000000e+03 2.165248970324535366e-12
3.776000000000000000e+03 2.143385722768621908e-12
3.840000000000000000e+03 1.371090585532346443e-12
3.904000000000000000e+03 1.184958399051029277e-12
3.968000000000000000e+03 1.184958399051029277e-12
4.032000000000000000e+03 2.789190872619615276e-13
4.096000000000000000e+03 2.789190872619615276e-13
4.160000000000000000e+03 2.789190872619615276e-13
4.224000000000000000e+03 1.421199576278493767e-13
4.288000000000000000e+03 1.421199576278493767e-13
4.352000000000000000e+03 1.421199576278493767e-13
4.416000000000000000e+03 1.339910894963387528e-13
4.480000000000000000e+03 1.339910894963387528e-13
4.544000000000000000e+03 3.868004104724417547e-15
4.608000000000000000e+03 3.868004104724417547e-15
4.672000000000000000e+03 3.868004104724417547e-15
4.736000000000000000e+03 3.868004104724417547e-15
4.800000000000000000e+03 3.868004104724417547e-15
4.864000000000000000e+03 1.930732108341850007e-15
4.928000000000000000e+03 1.930732108341850007e-15
4.992000000000000000e+03 1.930732108341850007e-15
5.056000000000000000e+03 1.389963440050148263e-15
5.120000000000000000e+03 8.763992367516716962e-16
5.184000000000000000e+03 3.682433869163089239e-16
5.248000000000000000e+03 3.682433869163089239e-16
5.312000000000000000e+03 3.682433869163089239e-16
5.376000000000000000e+03 2.247977941997605424e-16
5.440000000000000000e+03 1.019222775956242982e-16
5.504000000000000000e+03 5.900276446511275712e-17
5.568000000000000000e+03 5.900276446511275712e-17
5.632000000000000000e+03 2.823359860334538126e-17
5.696000000000000000e+03 1.716295432082926293e-17
5.760000000000000000e+03 1.210235048620592575e-17
5.824000000000000000e+03 7.891550955304524408e-18
5.888000000000000000e+03 3.541373460848125419e-18
5.952000000000000000e+03 3.541373460848125419e-18
6.016000000000000000e+03 3.541373460848125419e-18
6.080000000000000000e+03 1.377364348090272171e-18
6.144000000000000000e+03 9.757462588019596514e-19
6.208000000000000000e+03 3.318822641613444313e-19
6.272000000000000000e+03 3.318822641613444313e-19
6.336000000000000000e+03 2.701895710787497317e-19
6.400000000000000000e+03 2.701895710787497317e-19
6.464000000000000000e+03 7.827213493286709094e-20
6.528000000000000000e+03 4.231118425767857821e-21
6.592000000000000000e+03 4.231118425767857821e-21
6.656000000000000000e+03 4.231118425767857821e-21
6.720000000000000000e+03 4.231118425767857821e-21
6.784000000000000000e+03 4.231118425767857821e-21
6.848000000000000000e+03 4.231118425767857821e-21
6.912000000000000000e+03 4.231118425767857821e-21
6.976000000000000000e+03 4.231118425767857821e-21
7.040000000000000000e+03 4.726645599711387995e-22
7.104000000000000000e+03 4.726645599711387995e-22
7.168000000000000000e+03 4.726645599711387995e-22
7.232000000000000000e+03 4.726645599711387995e-22
7.296000000000000000e+03 4.181258251745769660e-22
7.360000000000000000e+03 4.181258251745769660e-22
7.424000000000000000e+03 4.181258251745769660e-22
7.488000000000000000e+03 4.181258251745769660e-22
7.552000000000000000e+03 1.046723563332282020e-22
7.616000000000000000e+03 4.018345928156959727e-23
7.680000000000000000e+03 4.018345928156959727e-23
7.744000000000000000e+03 1.729439320213404211e-23
7.808000000000000000e+03 1.781954547819051228e-24
7.872000000000000000e+03 5.912988804874628335e-25
7.936000000000000000e+03 5.912988804874628335e-25
8.000000000000000000e+03 8.402663730380441405e-26
8.064000000000000000e+03 8.402663730380441405e-26
8.128000000000000000e+03 8.402663730380441405e-26
8.192000000000000000e+03 8.402663730380441405e-26
8.256000000000000000e+03 8.402663730380441405e-26
8.320000000000000000e+03 3.368594880055390623e-26
8.384000000000000000e+03 3.368594880055390623e-26
8.448000000000000000e+03 3.368594880055390623e-26
8.512000000000000000e+03 3.001972505380417446e-26
8.576000000000000000e+03 3.001972505380417446e-26
8.640000000000000000e+03 1.361100933875017693e-27
8.704000000000000000e+03 1.361100933875017693e-27
8.768000000000000000e+03 1.361100933875017693e-27
8.832000000000000000e+03 1.361100933875017693e-27
8.896000000000000000e+03 1.361100933875017693e-27
8.960000000000000000e+03 1.361100933875017693e-27
9.024000000000000000e+03 5.892805311121857567e-28
9.088000000000000000e+03 5.892805311121857567e-28
9.152000000000000000e+03 5.648458694596574041e-28
9.216000000000000000e+03 2.301378285045821339e-28
9.280000000000000000e+03 2.161825899964441859e-28
9.344000000000000000e+03 2.557878577353620792e-29
9.408000000000000000e+03 2.557878577353620792e-29
9.472000000000000000e+03 2.557878577353620792e-29
9.536000000000000000e+03 2.557878577353620792e-29
9.600000000000000000e+03 1.504587220034868752e-29
9.664000000000000000e+03 1.504587220034868752e-29
9.728000000000000000e+03 8.999036735911954865e-31
9.792000000000000000e+03 8.999036735911954865e-31
9.856000000000000000e+03 8.999036735911954865e-31
9.920000000000000000e+03 8.999036735911954865e-31
9.984000000000000000e+03 5.823355298291407947e-31
1.004800000000000000e+04 3.089219424976317476e-31
1.011200000000000000e+04 3.089219424976317476e-31
1.017600000000000000e+04 3.089219424976317476e-31
1.024000000000000000e+04 3.089219424976317476e-31
1.030400000000000000e+04 1.159830343328924260e-31
1.036800000000000000e+04 4.752280408610517174e-32
1.043200000000000000e+04 5.071264913154778520e-33
1.049600000000000000e+04 5.071264913154778520e-33
1.056000000000000000e+04 5.071264913154778520e-33
1.062400000000000000e+04 5.071264913154778520e-33
1.068800000000000000e+04 5.071264913154778520e-33
1.075200000000000000e+04 5.071264913154778520e-33
1.081600000000000000e+04 5.071264913154778520e-33
1.088000000000000000e+04 3.491199678756680611e-33
1.094400000000000000e+04 3.491199678756680611e-33
1.100800000000000000e+04 8.178960254816610365e-34
1.107200000000000000e+04 8.178960254816610365e-34
1.113600000000000000e+04 8.178960254816610365e-34
1.120000000000000000e+04 6.341872851789935776e-35
1.126400000000000000e+04 6.341872851789935776e-35
1.132800000000000000e+04 6.341872851789935776e-35
1.139200000000000000e+04 5.964662735919683626e-35
1.145600000000000000e+04 1.028403160330505721e-35
1.152000000000000000e+04 1.028403160330505721e-35
1.158400000000000000e+04 7.465076935882939712e-36
1.164800000000000000e+04 7.465076935882939712e-36
1.171200000000000000e+04 7.465076935882939712e-36
1.177600000000000000e+04 5.588592601132021010e-36
1.184000000000000000e+04 2.498621935366045352e-36
1.190400000000000000e+04 1.140372203264814940e-36
1.196800000000000000e+04 1.140372203264814940e-36
1.203200000000000000e+04 8.151840377048360377e-38
1.209600000000000000e+04 8.151840377048360377e-38
1.216000000000000000e+04 8.151840377048360377e-38
1.222400000000000000e+04 2.312714351500426298e-38
1.228800000000000000e+04 2.312714351500426298e-38
1.235200000000000000e+04 2.312714351500426298e-38
1.241600000000000000e+04 1.133734223138937010e-38
1.248000000000000000e+04 1.133734223138937010e-38
1.254400000000000000e+04 1.133734223138937010e-38
1.260800000000000000e+04 1.133734223138937010e-38
1.267200000000000000e+04 1.133734223138937010e-38
1.273600000000000000e+04 6.606472961218053476e-40
1.280000000000000000e+04 6.606472961218053476e-40
1.286400000000000000e+04 6.606472961218053476e-40
1.292800000000000000e+04 6.606472961218053476e-40
1.299200000000000000e+04 3.823927862116532469e-40
1.305600000000000000e+04 3.823927862116532469e-40
1.312000000000000000e+04 1.443302770780195402e-40
1.318400000000000000e+04 1.265452471825339124e-40
1.324800000000000000e+04 1.265452471825339124e-40
1.331200000000000000e+04 1.265452471825339124e-40
1.337600000000000000e+04 1.120444233056204651e-40
1.344000000000000000e+04 1.012634841599294357e-41
1.350400000000000000e+04 1.012634841599294357e-41
1.356800000000000000e+04 1.012634841599294357e-41
1.363200000000000000e+04 1.012634841599294357e-41
1.369600000000000000e+04 1.012634841599294357e-41
1.376000000000000000e+04 1.012634841599294357e-41
1.382400000000000000e+04 9.168866485701858025e-43
1.388800000000000000e+04 9.168866485701858025e-43
1.395200000000000000e+04 9.168866485701858025e-43
1.401600000000000000e+04 9.168866485701858025e-43
1.408000000000000000e+04 9.168866485701858025e-43
1.414400000000000000e+04 1.589669429102236051e-43
1.420800000000000000e+04 1.589669429102236051e-43
1.427200000000000000e+04 1.589669429102236051e-43
1.433600000000000000e+04 1.589669429102236051e-43
1.440000000000000000e+04 1.083113641385096145e-45
1.446400000000000000e+04 1.083113641385096145e-45
1.452800000000000000e+04 1.083113641385096145e-45
1.459200000000000000e+04 1.083113641385096145e-45
1.465600000000000000e+04 1.083113641385096145e-45
1.472000000000000000e+04 1.083113641385096145e-45
1.478400000000000000e+04 1.083113641385096145e-45
1.484800000000000000e+04 1.083113641385096145e-45
1.491200000000000000e+04 9.111366713412620297e-46
1.497600000000000000e+04 2.770407587856649578e-46
1.504000000000000000e+04 2.770407587856649578e-46
1.510400000000000000e+04 1.879941615044668706e-46
1.516800000000000000e+04 1.984289905548811733e-47
1.523200000000000000e+04 1.984289905548811733e-47
1.529600000000000000e+04 1.984289905548811733e-47
1.536000000000000000e+04 1.984289905548811733e-47
1.542400000000000000e+04 1.984289905548811733e-47
1.548800000000000000e+04 1.511152700955576340e-48
1.555200000000000000e+04 1.177081753705921052e-48
1.561600000000000000e+04 1.177081753705921052e-48
1.568000000000000000e+04 1.177081753705921052e-48
1.574400000000000000e+04 1.177081753705921052e-48
1.580800000000000000e+04 1.177081753705921052e-48
1.587200000000000000e+04 1.177081753705921052e-48
1.593600000000000000e+04 3.352916204179293899e-49
1.600000000000000000e+04 3.352916204179293899e-49
1.606400000000000000e+04 2.999047877925617324e-50
1.612800000000000000e+04 2.999047877925617324e-50
1.619200000000000000e+04 2.999047877925617324e-50
1.625600000000000000e+04 2.999047877925617324e-50
1.632000000000000000e+04 2.885223872446997614e-51
1.638400000000000000e+04 2.477293047368513219e-51
1.644800000000000000e+04 2.477293047368513219e-51
1.651200000000000000e+04 2.477293047368513219e-51
1.657600000000000000e+04 1.883417733274658274e-51
1.664000000000000000e+04 1.883417733274658274e-51
1.670400000000000000e+04 1.883417733274658274e-51
1.676800000000000000e+04 4.272942349105402436e-52
1.683200000000000000e+04 4.272942349105402436e-52
1.689600000000000000e+04 3.462190977068447932e-52
1.696000000000000000e+04 3.839430643559622289e-53
1.702400000000000000e+04 3.839430643559622289e-53
1.708800000000000000e+04 3.839430643559622289e-53
1.715200000000000000e+04 3.839430643559622289e-53
1.721600000000000000e+04 1.067354930549941808e-53
1.728000000000000000e+04 1.067354930549941808e-53
1.734400000000000000e+04 3.855791932986774899e-54
1.740800000000000000e+04 3.855791932986774899e-54
1.747200000000000000e+04 1.701713470662539320e-54
1.753600000000000000e+04 1.701713470662539320e-54
1.760000000000000000e+04 1.701713470662539320e-54
1.766400000000000000e+04 3.547508496311850439e-55
1.772800000000000000e+04 3.547508496311850439e-55
1.779200000000000000e+04 3.539059420383200617e-55
1.785600000000000000e+04 2.693990596409492212e-55
1.792000000000000000e+04 2.693990596409492212e-55
1.798400000000000000e+04 1.067741443248526593e-55
1.804800000000000000e+04 1.413131186340903374e-56
1.811200000000000000e+04 1.413131186340903374e-56
1.817600000000000000e+04 1.413131186340903374e-56
1.824000000000000000e+04 2.837872952334234495e-57
1.830400000000000000e+04 2.837872952334234495e-57
1.836800000000000000e+04 2.837872952334234495e-57
1.843200000000000000e+04 2.837872952334234495e-57
1.849600000000000000e+04 2.837872952334234495e-57
1.856000000000000000e+04 1.187921120950537921e-57
1.862400000000000000e+04 6.651613821478539715e-58
1.868800000000000000e+04 1.244246349578649434e-58
1.875200000000000000e+04 1.028854001226122948e-58
1.881600000000000000e+04 7.192987597726035857e-60
1.888000000000000000e+04 7.192987597726035857e-60
1.894400000000000000e+04 7.192987597726035857e-60
1.900800000000000000e+04 7.192987597726035857e-60
1.907200000000000000e+04 7.192987597726035857e-60
1.913600000000000000e+04 4.807096587870285601e-60
1.920000000000000000e+04 4.807096587870285601e-60
1.926400000000000000e+04 4.807096587870285601e-60
1.932800000000000000e+04 4.153633783455218200e-60
1.939200000000000000e+04 4.153633783455218200e-60
1.945600000000000000e+04 2.195486063593991195e-60
1.952000000000000000e+04 2.195486063593991195e-60
1.958400000000000000e+04 5.824114153457053075e-61
1.964800000000000000e+04 5.824114153457053075e-61
1.971200000000000000e+04 3.771633870243895845e-61
1.977600000000000000e+04 3.771633870243895845e-61
1.984000000000000000e+04 1.922027700297696319e-61
1.990400000000000000e+04 1.922027700297696319e-61
1.996800000000000000e+04 1.922027700297696319e-61
2.003200000000000000e+04 4.050408693954713252e-62
2.009600000000000000e+04 4.050408693954713252e-62
2.016000000000000000e+04 1.793438462560762310e-62
2.022400000000000000e+04 1.030739873026661043e-62
2.028800000000000000e+04 8.760852802037349195e-63
2.035200000000000000e+04 8.099914817309845327e-66
2.041600000000000000e+04 8.099914817309845327e-66
2.048000000000000000e+04 8.099914817309845327e-66
2.054400000000000000e+04 8.099914817309845327e-66
2.060800000000000000e+04 8.099914817309845327e-66
2.067200000000000000e+04 8.099914817309845327e-66
2.073600000000000000e+04 8.099914817309845327e-66
2.080000000000000000e+04 8.099914817309845327e-66
2.086400000000000000e+04 8.099914817309845327e-66
2.092800000000000000e+04 8.099914817309845327e-66
2.099200000000000000e+04 8.099914817309845327e-66
2.105600000000000000e+04 8.099914817309845327e-66
2.112000000000000000e+04 8.099914817309845327e-66
2.118400000000000000e+04 3.335516320718884737e-66
2.124800000000000000e+04 3.335516320718884737e-66
2.131200000000000000e+04 3.236865468999366468e-67
2.137600000000000000e+04 1.073567894143108375e-67
2.144000000000000000e+04 1.073567894143108375e-67
2.150400000000000000e+04 1.073567894143108375e-67
2.156800000000000000e+04 1.073567894143108375e-67
2.163200000000000000e+04 1.073567894143108375e-67
2.169600000000000000e+04 1.073567894143108375e-67
2.176000000000000000e+04 1.073567894143108375e-67
2.182400000000000000e+04 3.003996186256164302e-68
2.188800000000000000e+04 3.003996186256164302e-68
2.195200000000000000e+04 1.542466143821283442e-68
2.201600000000000000e+04 3.543618225997728258e-70
2.208000000000000000e+04 3.543618225997728258e-70
2.214400000000000000e+04 3.543618225997728258e-70
2.220800000000000000e+04 3.543618225997728258e-70
2.227200000000000000e+04 3.543618225997728258e-70
2.233600000000000000e+04 3.543618225997728258e-70
2.240000000000000000e+04 1.492369525582633069e-70
2.246400000000000000e+04 1.492369525582633069e-70
2.252800000000000000e+04 1.465303439440989690e-70
2.259200000000000000e+04 4.061621496004024565e-71
2.265600000000000000e+04 4.061621496004024565e-71
2.272000000000000000e+04 4.061621496004024565e-71
2.278400000000000000e+04 4.061621496004024565e-71
2.284800000000000000e+04 2.252427233830697199e-71
2.291200000000000000e+04 2.252427233830697199e-71
2.297600000000000000e+04 7.834927690944891403e-73
2.304000000000000000e+04 7.834927690944891403e-73
2.310400000000000000e+04 7.834927690944891403e-73
2.316800000000000000e+04 7.834927690944891403e-73
2.323200000000000000e+04 7.834927690944891403e-73
2.329600000000000000e+04 7.834927690944891403e-73
2.336000000000000000e+04 7.834927690944891403e-73
2.342400000000000000e+04 7.834927690944891403e-73
2.348800000000000000e+04 4.435787112904172788e-73
2.355200000000000000e+04 3.877741058468372092e-73
2.361600000000000000e+04 3.363935888616079705e-73
2.368000000000000000e+04 1.290915363111626170e-73
2.374400000000000000e+04 1.250919169377737314e-75
2.380800000000000000e+04 1.250919169377737314e-75
2.387200000000000000e+04 1.250919169377737314e-75
2.393600000000000000e+04 1.250919169377737314e-75
2.400000000000000000e+04 1.250919169377737314e-75
2.406400000000000000e+04 1.250919169377737314e-75
2.412800000000000000e+04 3.506653052233554831e-76
2.419200000000000000e+04 3.285595520262648279e-78
2.425600000000000000e+04 3.285595520262648279e-78
2.432000000000000000e+04 3.285595520262648279e-78
2.438400000000000000e+04 3.285595520262648279e-78
2.444800000000000000e+04 2.409665745986074845e-78
2.451200000000000000e+04 2.409665745986074845e-78
2.457600000000000000e+04 1.631895508475288908e-78
2.464000000000000000e+04 1.631895508475288908e-78
2.470400000000000000e+04 1.631895508475288908e-78
2.476800000000000000e+04 1.631895508475288908e-78
2.483200000000000000e+04 1.631895508475288908e-78
2.489600000000000000e+04 1.631895508475288908e-78
2.496000000000000000e+04 4.843805697887574723e-80
2.502400000000000000e+04 4.843805697887574723e-80
2.508800000000000000e+04 2.987991335572636307e-80
2.515200000000000000e+04 2.987991335572636307e-80
2.521600000000000000e+04 2.987991335572636307e-80
2.528000000000000000e+04 2.987991335572636307e-80
2.534400000000000000e+04 2.987991335572636307e-80
2.540800000000000000e+04 2.255214725401068561e-80
2.547200000000000000e+04 2.255214725401068561e-80
2.553600000000000000e+04 1.335221021172488671e-80
2.560000000000000000e+04 7.367802553911572943e-81
2.566400000000000000e+04 7.367802553911572943e-81
2.572800000000000000e+04 2.674021278339562976e-81
2.579200000000000000e+04 6.967574768485097638e-82
2.585600000000000000e+04 6.967574768485097638e-82
2.592000000000000000e+04 6.967574768485097638e-82
2.598400000000000000e+04 6.967574768485097638e-82
2.604800000000000000e+04 4.656066818080846812e-82
2.611200000000000000e+04 4.656066818080846812e-82
2.617600000000000000e+04 3.755058554061375643e-82
2.624000000000000000e+04 7.235774737766581395e-83
2.630400000000000000e+04 3.724729573888249095e-83
2.636800000000000000e+04 3.724729573888249095e-83
2.643200000000000000e+04 3.724729573888249095e-83
2.649600000000000000e+04 3.724729573888249095e-83
2.656000000000000000e+04 7.119293533880685674e-84
2.662400000000000000e+04 7.119293533880685674e-84
2.668800000000000000e+04 1.138725461921989463e-84
2.675200000000000000e+04 3.145051410069568569e-85
2.681600000000000000e+04 3.145051410069568569e-85
2.688000000000000000e+04 3.145051410069568569e-85
2.694400000000000000e+04 3.145051410069568569e-85
2.700800000000000000e+04 3.145051410069568569e-85
2.707200000000000000e+04 3.145051410069568569e-85
2.713600000000000000e+04 3.145051410069568569e-85
2.720000000000000000e+04 2.792998691860674163e-85
2.726400000000000000e+04 2.792998691860674163e-85
2.732800000000000000e+04 1.188962405472452485e-85
2.739200000000000000e+04 1.188962405472452485e-85
2.745600000000000000e+04 1.188962405472452485e-85
2.752000000000000000e+04 2.162679773296506495e-86
2.758400000000000000e+04 1.287373767070364808e-86
2.764800000000000000e+04 7.161723358373710352e-87
2.771200000000000000e+04 2.597061732576844906e-87
2.777600000000000000e+04 2.597061732576844906e-87
2.784000000000000000e+04 1.872822575597178815e-87
2.790400000000000000e+04 1.870662308267275917e-87
2.796800000000000000e+04 4.847016744977930063e-88
2.803200000000000000e+04 7.095365746034176746e-89
2.809600000000000000e+04 7.095365746034176746e-89
2.816000000000000000e+04 5.568164431787013145e-89
2.822400000000000000e+04 3.676848337590386733e-89
2.828800000000000000e+04 3.676848337590386733e-89
2.835200000000000000e+04 2.218127070165794532e-90
2.841600000000000000e+04 2.218127070165794532e-90
2.848000000000000000e+04 2.218127070165794532e-90
2.854400000000000000e+04 1.478637164621873869e-91
2.860800000000000000e+04 1.478637164621873869e-91
2.867200000000000000e+04 1.478637164621873869e-91
2.873600000000000000e+04 1.478637164621873869e-91
2.880000000000000000e+04 1.478637164621873869e-91
2.886400000000000000e+04 1.478637164621873869e-91
2.892800000000000000e+04 1.478637164621873869e-91
2.899200000000000000e+04 1.478637164621873869e-91
2.905600000000000000e+04 1.470622817268099590e-91
2.912000000000000000e+04 1.153533171725748178e-91
2.918400000000000000e+04 1.153533171725748178e-91
2.924800000000000000e+04 1.692728384684539874e-92
2.931200000000000000e+04 4.134630290435317172e-93
2.937600000000000000e+04 7.528273988475037980e-94
2.944000000000000000e+04 7.528273988475037980e-94
2.950400000000000000e+04 7.528273988475037980e-94
2.956800000000000000e+04 7.528273988475037980e-94
2.963200000000000000e+04 5.334892694982065165e-94
2.969600000000000000e+04 5.334892694982065165e-94
2.976000000000000000e+04 4.926426114151476466e-94
2.982400000000000000e+04 2.399842913469731933e-94
2.988800000000000000e+04 4.119974526652213555e-95
2.995200000000000000e+04 4.119974526652213555e-95
3.001600000000000000e+04 4.119974526652213555e-95
3.008000000000000000e+04 1.197699318250701651e-95
3.014400000000000000e+04 1.197699318250701651e-95
3.020800000000000000e+04 9.979828670382960014e-96
3.027200000000000000e+04 9.979828670382960014e-96
3.033600000000000000e+04 8.261571957639109995e-96
3.040000000000000000e+04 6.610538662062336703e-96
3.046400000000000000e+04 1.100390618349806142e-96
3.052800000000000000e+04 1.931566357517986416e-97
3.059200000000000000e+04 1.170737308730789594e-97
3.065600000000000000e+04 1.279394000437967589e-98
3.072000000000000000e+04 1.279394000437967589e-98
3.078400000000000000e+04 1.279394000437967589e-98
3.084800000000000000e+04 1.279394000437967589e-98
3.091200000000000000e+04 1.279394000437967589e-98
3.097600000000000000e+04 1.279394000437967589e-98
3.104000000000000000e+04 1.279394000437967589e-98
3.110400000000000000e+04 1.279394000437967589e-98
3.116800000000000000e+04 1.279394000437967589e-98
3.123200000000000000e+04 1.279394000437967589e-98
3.129600000000000000e+04 8.406703262386446489e-99
3.136000000000000000e+04 8.406703262386446489e-99
3.142400000000000000e+04 6.786491747148373097e-99
3.148800000000000000e+04 2.786372530827258133e-99
3.155200000000000000e+04 2.786372530827258133e-99
3.161600000000000000e+04 1.506531569385811804e-99
3.168000000000000000e+04 4.925500014344847057e-100
3.174400000000000000e+04 4.925500014344847057e-100
3.180800000000000000e+04 4.925500014344847057e-100
3.187200000000000000e+04 2.864528199496645832e-100
3.193600000000000000e+04 1.712258451082022403e-100
3.200000000000000000e+04 1.712258451082022403e-100
3.206400000000000000e+04 7.533464265550150135e-101
3.212800000000000000e+04 1.985430802882151837e-101
3.219200000000000000e+04 1.985430802882151837e-101
3.225600000000000000e+04 2.081303542312270052e-102
3.232000000000000000e+04 2.081303542312270052e-102
3.238400000000000000e+04 2.081303542312270052e-102
3.244800000000000000e+04 2.081303542312270052e-102
3.251200000000000000e+04 1.744813029135842548e-102
3.257600000000000000e+04 8.065954194970013114e-103
3.264000000000000000e+04 3.818357295624810649e-103
3.270400000000000000e+04 9.758573546122555432e-106
3.276800000000000000e+04 9.758573546122555432e-106
3.283200000000000000e+04 9.758573546122555432e-106
3.289600000000000000e+04 9.758573546122555432e-106
3.296000000000000000e+04 9.758573546122555432e-106
3.302400000000000000e+04 9.758573546122555432e-106
3.308800000000000000e+04 9.758573546122555432e-106
3.315200000000000000e+04 9.758573546122555432e-106
3.321600000000000000e+04 9.758573546122555432e-106
3.328000000000000000e+04 9.758573546122555432e-106
3.334400000000000000e+04 9.741345784966405661e-108
3.340800000000000000e+04 9.741345784966405661e-108
3.347200000000000000e+04 9.741345784966405661e-108
3.353600000000000000e+04 9.741345784966405661e-108
3.360000000000000000e+04 9.741345784966405661e-108
3.366400000000000000e+04 9.741345784966405661e-108
3.372800000000000000e+04 9.741345784966405661e-108
3.379200000000000000e+04 9.741345784966405661e-108
3.385600000000000000e+04 9.741345784966405661e-108
3.392000000000000000e+04 9.741345784966405661e-108
3.398400000000000000e+04 3.133338385022228906e-108
3.404800000000000000e+04 3.133338385022228906e-108
3.411200000000000000e+04 1.019682608410030264e-108
3.417600000000000000e+04 1.019682608410030264e-108
3.424000000000000000e+04 1.019682608410030264e-108
3.430400000000000000e+04 1.019682608410030264e-108
3.436800000000000000e+04 1.019682608410030264e-108
3.443200000000000000e+04 3.202474543901471673e-109
3.449600000000000000e+04 1.466608914636322798e-109
3.456000000000000000e+04 1.466608914636322798e-109
3.462400000000000000e+04 1.466608914636322798e-109
3.468800000000000000e+04 1.466608914636322798e-109
3.475200000000000000e+04 7.361307513035017740e-110
3.481600000000000000e+04 1.501747193684781995e-110
3.488000000000000000e+04 1.501747193684781995e-110
3.494400000000000000e+04 2.090744051216962782e-111
3.500800000000000000e+04 1.667311353266030332e-111
3.507200000000000000e+04 1.667311353266030332e-111
3.513600000000000000e+04 1.667311353266030332e-111
3.520000000000000000e+04 1.667311353266030332e-111
3.526400000000000000e+04 1.757709143902866310e-112
3.532800000000000000e+04 1.128056563616604786e-112
3.539200000000000000e+04 1.128056563616604786e-112
3.545600000000000000e+04 6.132750394441004996e-113
3.552000000000000000e+04 6.132750394441004996e-113
3.558400000000000000e+04 5.002558961951029621e-113
3.564800000000000000e+04 5.002558961951029621e-113
3.571200000000000000e+04 5.231263874340510460e-114
3.577600000000000000e+04 5.231263874340510460e-114
3.584000000000000000e+04 2.164001914799349126e-114
3.590400000000000000e+04 2.103129504845820161e-114
3.596800000000000000e+04 2.103129504845820161e-114
3.603200000000000000e+04 2.103129504845820161e-114
3.609600000000000000e+04 5.790033451315682726e-115
3.616000000000000000e+04 5.790033451315682726e-115
3.622400000000000000e+04 5.790033451315682726e-115
3.628800000000000000e+04 5.790033451315682726e-115
3.635200000000000000e+04 2.601338501645523055e-115
3.641600000000000000e+04 8.774244868582256228e-116
3.648000000000000000e+04 8.774244868582256228e-116
3.654400000000000000e+04 2.817823801687133324e-116
3.660800000000000000e+04 3.121768036297999007e-117
3.667200000000000000e+04 3.121768036297999007e-117
3.673600000000000000e+04 3.121768036297999007e-117
3.680000000000000000e+04 3.121768036297999007e-117
3.686400000000000000e+04 3.121768036297999007e-117
3.692800000000000000e+04 3.121768036297999007e-117
3.699200000000000000e+04 3.121768036297999007e-117
3.705600000000000000e+04 3.121768036297999007e-117
3.712000000000000000e+04 2.736196642375697059e-117
3.718400000000000000e+04 1.656210949593755402e-117
3.724800000000000000e+04 5.106999825376173741e-118
3.731200000000000000e+04 3.162359980856442700e-118
3.737600000000000000e+04 3.162359980856442700e-118
3.744000000000000000e+04 2.565594315758739571e-118
3.750400000000000000e+04 4.813767460616264811e-120
3.756800000000000000e+04 4.813767460616264811e-120
3.763200000000000000e+04 4.813767460616264811e-120
3.769600000000000000e+04 4.813767460616264811e-120
3.776000000000000000e+04 4.470082401078498180e-120
3.782400000000000000e+04 4.470082401078498180e-120
3.788800000000000000e+04 4.470082401078498180e-120
3.795200000000000000e+04 1.269302242165087848e-121
3.801600000000000000e+04 1.269302242165087848e-121
3.808000000000000000e+04 1.269302242165087848e-121
3.814400000000000000e+04 1.269302242165087848e-121
3.820800000000000000e+04 1.269302242165087848e-121
3.827200000000000000e+04 1.269302242165087848e-121
3.833600000000000000e+04 6.111679786872762512e-122
3.840000000000000000e+04 2.524607857040994295e-122
3.846400000000000000e+04 1.205130919647628763e-122
3.852800000000000000e+04 6.752093486374198816e-123
3.859200000000000000e+04 6.752093486374198816e-123
3.865600000000000000e+04 2.681784718324191068e-123
3.872000000000000000e+04 1.740236049062328069e-123
3.878400000000000000e+04 7.538957006588416465e-124
3.884800000000000000e+04 2.030026277567791854e-124
3.891200000000000000e+04 1.064632798401013673e-124
3.897600000000000000e+04 1.064632798401013673e-124
3.904000000000000000e+04 1.064632798401013673e-124
3.910400000000000000e+04 1.064632798401013673e-124
3.916800000000000000e+04 8.261233121098015907e-125
3.923200000000000000e+04 6.576635582595803534e-126
3.929600000000000000e+04 6.576635582595803534e-126
3.936000000000000000e+04 6.576635582595803534e-126
3.942400000000000000e+04 6.576635582595803534e-126
3.948800000000000000e+04 6.576635582595803534e-126
3.955200000000000000e+04 4.111866186079522672e-126
3.961600000000000000e+04 4.111866186079522672e-126
3.968000000000000000e+04 1.570891542591401926e-126
3.974400000000000000e+04 1.169790701450662248e-126
3.980800000000000000e+04 6.613765630417714150e-127
3.987200000000000000e+04 6.613765630417714150e-127
3.993600000000000000e+04 5.325604018718597929e-127
4.000000000000000000e+04 2.769802838870743199e-128
4.006400000000000000e+04 2.769802838870743199e-128
4.012800000000000000e+04 2.769802838870743199e-128
4.019200000000000000e+04 2.769802838870743199e-128
4.025600000000000000e+04 2.769802838870743199e-128
4.032000000000000000e+04 2.769802838870743199e-128
4.038400000000000000e+04 1.304489436029458386e-128
4.044800000000000000e+04 1.304489436029458386e-128
4.051200000000000000e+04 4.079754170235824848e-130
4.057600000000000000e+04 4.079754170235824848e-130
4.064000000000000000e+04 4.079754170235824848e-130
4.070400000000000000e+04 4.079754170235824848e-130
4.076800000000000000e+04 4.079754170235824848e-130
4.083200000000000000e+04 4.079754170235824848e-130
4.089600000000000000e+04 4.079754170235824848e-130
4.096000000000000000e+04 4.079754170235824848e-130
4.102400000000000000e+04 4.079754170235824848e-130
4.108800000000000000e+04 4.079754170235824848e-130
4.115200000000000000e+04 4.079754170235824848e-130
4.121600000000000000e+04 4.079754170235824848e-130
4.128000000000000000e+04 6.709955675797592029e-131
4.134400000000000000e+04 6.709955675797592029e-131
4.140800000000000000e+04 3.480846564895051914e-131
4.147200000000000000e+04 3.055651257061299169e-131
4.153600000000000000e+04 1.502103491371367748e-131
4.160000000000000000e+04 1.502103491371367748e-131
4.166400000000000000e+04 1.502103491371367748e-131
4.172800000000000000e+04 7.935495585557900579e-132
4.179200000000000000e+04 7.935495585557900579e-132
4.185600000000000000e+04 1.933343450196140932e-132
4.192000000000000000e+04 1.933343450196140932e-132
4.198400000000000000e+04 2.589252876124923519e-133
4.204800000000000000e+04 2.589252876124923519e-133
4.211200000000000000e+04 1.061321928796471365e-134
4.217600000000000000e+04 1.061321928796471365e-134
4.224000000000000000e+04 1.061321928796471365e-134
4.230400000000000000e+04 1.061321928796471365e-134
4.236800000000000000e+04 1.061321928796471365e-134
4.243200000000000000e+04 1.061321928796471365e-134
4.249600000000000000e+04 1.061321928796471365e-134
4.256000000000000000e+04 6.283757191001801540e-135
4.262400000000000000e+04 6.283757191001801540e-135
4.268800000000000000e+04 1.709850223210413405e-135
4.275200000000000000e+04 1.709850223210413405e-135
4.281600000000000000e+04 1.709850223210413405e-135
4.288000000000000000e+04 6.098266310859153670e-136
4.294400000000000000e+04 6.098266310859153670e-136
4.300800000000000000e+04 1.467439025893353415e-137
4.307200000000000000e+04 1.467439025893353415e-137
4.313600000000000000e+04 1.467439025893353415e-137
4.320000000000000000e+04 1.467439025893353415e-137
4.326400000000000000e+04 1.467439025893353415e-137
4.332800000000000000e+04 1.467439025893353415e-137
4.339200000000000000e+04 4.500644915215751161e-138
4.345600000000000000e+04 4.500644915215751161e-138
4.352000000000000000e+04 4.500644915215751161e-138
4.358400000000000000e+04 4.500644915215751161e-138
4.364800000000000000e+04 4.500644915215751161e-138
4.371200000000000000e+04 1.528194245036891037e-138
4.377600000000000000e+04 1.528194245036891037e-138
4.384000000000000000e+04 1.528194245036891037e-138
4.390400000000000000e+04 1.528194245036891037e-138
4.396800000000000000e+04 1.658756121778678956e-139
4.403200000000000000e+04 1.658756121778678956e-139
4.409600000000000000e+04 1.658756121778678956e-139
4.416000000000000000e+04 1.658756121778678956e-139
4.422400000000000000e+04 1.658756121778678956e-139
4.428800000000000000e+04 5.536054507375508443e-140
4.435200000000000000e+04 5.536054507375508443e-140
4.441600000000000000e+04 1.595449963359493561e-140
4.448000000000000000e+04 1.595449963359493561e-140
4.454400000000000000e+04 1.378017435337294987e-140
4.460800000000000000e+04 1.378017435337294987e-140
4.467200000000000000e+04 4.409827658961749160e-142
4.473600000000000000e+04 4.409827658961749160e-142
4.480000000000000000e+04 4.409827658961749160e-142
4.486400000000000000e+04 4.124741695957074088e-142
4.492800000000000000e+04 4.124741695957074088e-142
4.499200000000000000e+04 5.426707747359371077e-143
4.505600000000000000e+04 5.426707747359371077e-143
4.512000000000000000e+04 5.426707747359371077e-143
4.518400000000000000e+04 5.426707747359371077e-143
4.524800000000000000e+04 5.426707747359371077e-143
4.531200000000000000e+04 8.257666597676201540e-144
4.537600000000000000e+04 8.257666597676201540e-144
4.544000000000000000e+04 8.257666597676201540e-144
4.550400000000000000e+04 8.257666597676201540e-144
4.556800000000000000e+04 8.257666597676201540e-144
4.563200000000000000e+04 8.257666597676201540e-144
4.569600000000000000e+04 8.257666597676201540e-144
4.576000000000000000e+04 8.257666597676201540e-144
4.582400000000000000e+04 1.310328025263978587e-144
4.588800000000000000e+04 1.310328025263978587e-144
4.595200000000000000e+04 1.302479702830647583e-144
4.601600000000000000e+04 1.302479702830647583e-144
4.608000000000000000e+04 2.554932612375498619e-145
4.614400000000000000e+04 2.554932612375498619e-145
4.620800000000000000e+04 1.284569916859998911e-145
4.627200000000000000e+04 1.284569916859998911e-145
4.633600000000000000e+04 8.550564907747688235e-146
4.640000000000000000e+04 7.025729183960777471e-146
4.646400000000000000e+04 5.577597289795151235e-146
4.652800000000000000e+04 7.458259931635244884e-147
4.659200000000000000e+04 7.458259931635244884e-147
4.665600000000000000e+04 7.458259931635244884e-147
4.672000000000000000e+04 5.752984057539151415e-148
4.678400000000000000e+04 5.752984057539151415e-148
4.684800000000000000e+04 5.752984057539151415e-148
4.691200000000000000e+04 5.752984057539151415e-148
4.697600000000000000e+04 5.752984057539151415e-148
4.704000000000000000e+04 5.752984057539151415e-148
4.710400000000000000e+04 2.501267285555614140e-148
4.716800000000000000e+04 1.929406372076072586e-148
4.723200000000000000e+04 1.375505761756432831e-149
4.729600000000000000e+04 1.375505761756432831e-149
4.736000000000000000e+04 1.375505761756432831e-149
4.742400000000000000e+04 1.375505761756432831e-149
4.748800000000000000e+04 5.472850068984442215e-150
4.755200000000000000e+04 5.472850068984442215e-150
4.761600000000000000e+04 5.472850068984442215e-150
4.768000000000000000e+04 4.465747880457603045e-150
4.774400000000000000e+04 4.309752938056743963e-150
4.780800000000000000e+04 4.309752938056743963e-150
4.787200000000000000e+04 4.309752938056743963e-150
4.793600000000000000e+04 4.309752938056743963e-150
4.800000000000000000e+04 7.693859101919098988e-151
4.806400000000000000e+04 7.693859101919098988e-151
4.812800000000000000e+04 2.596739576714016042e-151
4.819200000000000000e+04 2.596739576714016042e-151
4.825600000000000000e+04 2.158169277470523870e-151
4.832000000000000000e+04 2.949436482847512041e-154
4.838400000000000000e+04 2.949436482847512041e-154
4.844800000000000000e+04 2.949436482847512041e-154
4.851200000000000000e+04 2.949436482847512041e-154
4.857600000000000000e+04 2.949436482847512041e-154
4.864000000000000000e+04 2.949436482847512041e-154
4.870400000000000000e+04 2.949436482847512041e-154
4.876800000000000000e+04 2.949436482847512041e-154
4.883200000000000000e+04 2.949436482847512041e-154
4.889600000000000000e+04 2.949436482847512041e-154
4.896000000000000000e+04 2.949436482847512041e-154
4.902400000000000000e+04 2.949436482847512041e-154
4.908800000000000000e+04 2.093345560395775285e-155
4.915200000000000000e+04 2.093345560395775285e-155
4.921600000000000000e+04 2.093345560395775285e-155
4.928000000000000000e+04 2.093345560395775285e-155
4.934400000000000000e+04 2.195233455859339551e-156
4.940800000000000000e+04 2.195233455859339551e-156
4.947200000000000000e+04 2.195233455859339551e-156
4.953600000000000000e+04 1.662638872209285728e-156
4.960000000000000000e+04 8.369231106931063669e-157
4.966400000000000000e+04 8.369231106931063669e-157
4.972800000000000000e+04 8.369231106931063669e-157
4.979200000000000000e+04 8.369231106931063669e-157
4.985600000000000000e+04 1.362165145307695408e-157
4.992000000000000000e+04 1.362165145307695408e-157
4.998400000000000000e+04 1.362165145307695408e-157
5.004800000000000000e+04 1.362165145307695408e-157
5.011200000000000000e+04 1.362165145307695408e-157
5.017600000000000000e+04 2.018858659948082219e-158
5.024000000000000000e+04 2.750383859659419408e-159
5.030400000000000000e+04 2.750383859659419408e-159
5.036800000000000000e+04 2.750383859659419408e-159
5.043200000000000000e+04 2.750383859659419408e-159
5.049600000000000000e+04 2.750383859659419408e-159
5.056000000000000000e+04 2.750383859659419408e-159
5.062400000000000000e+04 2.750383859659419408e-159
5.068800000000000000e+04 3.784800656317700371e-161
5.075200000000000000e+04 3.784800656317700371e-161
5.081600000000000000e+04 3.784800656317700371e-161
5.088000000000000000e+04 3.784800656317700371e-161
5.094400000000000000e+04 3.784800656317700371e-161
5.100800000000000000e+04 3.784800656317700371e-161
5.107200000000000000e+04 3.784800656317700371e-161
5.113600000000000000e+04 3.784800656317700371e-161
5.120000000000000000e+04 3.784800656317700371e-161
5.126400000000000000e+04 3.601733183437351040e-161
5.132800000000000000e+04 3.601733183437351040e-161
5.139200000000000000e+04 1.173720867807131490e-161
5.145600000000000000e+04 1.898878449645282542e-162
5.152000000000000000e+04 9.767142611671968542e-163
5.158400000000000000e+04 9.767142611671968542e-163
5.164800000000000000e+04 9.767142611671968542e-163
5.171200000000000000e+04 8.508404739444221923e-163
5.177600000000000000e+04 8.508404739444221923e-163
5.184000000000000000e+04 3.476181919883403461e-163
5.190400000000000000e+04 7.997586122827950634e-164
5.196800000000000000e+04 7.997586122827950634e-164
5.203200000000000000e+04 7.997586122827950634e-164
5.209600000000000000e+04 1.858215051049216265e-164
5.216000000000000000e+04 1.858215051049216265e-164
5.222400000000000000e+04 1.858215051049216265e-164
5.228800000000000000e+04 1.858215051049216265e-164
5.235200000000000000e+04 1.292613851644552331e-164
5.241600000000000000e+04 2.129519667211908185e-165
5.248000000000000000e+04 2.129519667211908185e-165
5.254400000000000000e+04 2.129519667211908185e-165
5.260800000000000000e+04 1.536847436740994348e-165
5.267200000000000000e+04 3.623744745415664481e-166
5.273600000000000000e+04 3.623744745415664481e-166
5.280000000000000000e+04 3.623744745415664481e-166
5.286400000000000000e+04 1.574078526091806532e-166
5.292800000000000000e+04 1.624399710438176039e-167
5.299200000000000000e+04 1.624399710438176039e-167
5.305600000000000000e+04 4.923601368135247507e-169
5.312000000000000000e+04 4.923601368135247507e-169
5.318400000000000000e+04 8.642390053564880591e-170
5.324800000000000000e+04 8.642390053564880591e-170
5.331200000000000000e+04 8.642390053564880591e-170
5.337600000000000000e+04 8.642390053564880591e-170
5.344000000000000000e+04 8.642390053564880591e-170
5.350400000000000000e+04 8.642390053564880591e-170
5.356800000000000000e+04 8.642390053564880591e-170
5.363200000000000000e+04 8.642390053564880591e-170
5.369600000000000000e+04 8.642390053564880591e-170
5.376000000000000000e+04 4.563617585605087018e-170
5.382400000000000000e+04 1.129382350324289235e-170
5.388800000000000000e+04 1.129382350324289235e-170
5.395200000000000000e+04 1.129382350324289235e-170
5.401600000000000000e+04 1.198672739195154068e-171
5.408000000000000000e+04 1.198672739195154068e-171
5.414400000000000000e+04 5.080782224028389385e-172
5.420800000000000000e+04 5.080782224028389385e-172
5.427200000000000000e+04 5.080782224028389385e-172
5.433600000000000000e+04 5.080782224028389385e-172
5.440000000000000000e+04 1.948554068910580254e-172
5.446400000000000000e+04 1.948554068910580254e-172
5.452800000000000000e+04 1.948554068910580254e-172
5.459200000000000000e+04 1.948554068910580254e-172
5.465600000000000000e+04 1.948554068910580254e-172
5.472000000000000000e+04 1.541995750090977222e-172
5.478400000000000000e+04 5.789976809251987159e-173
5.484800000000000000e+04 5.789976809251987159e-173
5.491200000000000000e+04 7.291469020570237468e-174
5.497600000000000000e+04 3.951885174308052695e-174
5.504000000000000000e+04 3.951885174308052695e-174
5.510400000000000000e+04 3.951885174308052695e-174
5.516800000000000000e+04 3.951885174308052695e-174
5.523200000000000000e+04 3.951885174308052695e-174
5.529600000000000000e+04 3.951885174308052695e-174
5.536000000000000000e+04 3.557641710060172781e-174
5.542400000000000000e+04 1.935566399797935196e-174
5.548800000000000000e+04 7.538990459158595980e-175
5.555200000000000000e+04 7.538990459158595980e-175
5.561600000000000000e+04 5.427614964744380803e-175
5.568000000000000000e+04 8.951207315362135355e-176
5.574400000000000000e+04 7.525029746456728441e-176
5.580800000000000000e+04 7.525029746456728441e-176
5.587200000000000000e+04 2.024702813241966102e-176
5.593600000000000000e+04 2.024702813241966102e-176
5.600000000000000000e+04 2.024702813241966102e-176
5.606400000000000000e+04 2.440002244413922258e-177
5.612800000000000000e+04 2.440002244413922258e-177
5.619200000000000000e+04 1.056245991035919886e-177
5.625600000000000000e+04 1.056245991035919886e-177
5.632000000000000000e+04 1.056245991035919886e-177
5.638400000000000000e+04 1.056245991035919886e-177
5.644800000000000000e+04 5.613062780879297097e-179
5.651200000000000000e+04 5.613062780879297097e-179
5.657600000000000000e+04 5.613062780879297097e-179
5.664000000000000000e+04 5.613062780879297097e-179
5.670400000000000000e+04 5.613062780879297097e-179
5.676800000000000000e+04 4.728758954771272596e-179
5.683200000000000000e+04 4.728758954771272596e-179
5.689600000000000000e+04 1.253840675404043856e-179
5.696000000000000000e+04 8.084635085385895436e-180
5.702400000000000000e+04 8.084635085385895436e-180
5.708800000000000000e+04 8.084635085385895436e-180
5.715200000000000000e+04 8.160930935427066217e-181
5.721600000000000000e+04 8.160930935427066217e-181
5.728000000000000000e+04 1.377591786796723457e-181
5.734400000000000000e+04 1.377591786796723457e-181
5.740800000000000000e+04 1.377591786796723457e-181
5.747200000000000000e+04 1.377591786796723457e-181
5.753600000000000000e+04 4.258541874250967174e-182
5.760000000000000000e+04 4.258541874250967174e-182
5.766400000000000000e+04 4.258541874250967174e-182
5.772800000000000000e+04 4.258541874250967174e-182
5.779200000000000000e+04 4.258541874250967174e-182
5.785600000000000000e+04 4.258541874250967174e-182
5.792000000000000000e+04 4.258541874250967174e-182
5.798400000000000000e+04 9.793839445888631474e-183
5.804800000000000000e+04 9.793839445888631474e-183
5.811200000000000000e+04 9.793839445888631474e-183
5.817600000000000000e+04 9.793839445888631474e-183
5.824000000000000000e+04 5.033697006970975684e-183
5.830400000000000000e+04 3.500471231810816660e-183
5.836800000000000000e+04 3.500471231810816660e-183
5.843200000000000000e+04 1.750977978976502159e-184
5.849600000000000000e+04 1.694121993307357933e-184
5.856000000000000000e+04 1.485268125646993717e-184
5.862400000000000000e+04 4.014049652333895583e-185
5.868800000000000000e+04 4.014049652333895583e-185
5.875200000000000000e+04 4.014049652333895583e-185
5.881600000000000000e+04 4.014049652333895583e-185
5.888000000000000000e+04 1.318038941167845590e-185
5.894400000000000000e+04 1.318038941167845590e-185
5.900800000000000000e+04 1.318038941167845590e-185
5.907200000000000000e+04 1.318038941167845590e-185
5.913600000000000000e+04 1.318038941167845590e-185
5.920000000000000000e+04 1.318038941167845590e-185
5.926400000000000000e+04 7.995980416122562990e-186
5.932800000000000000e+04 1.581606697262084979e-186
5.939200000000000000e+04 1.581606697262084979e-186
5.945600000000000000e+04 6.943543569397349893e-187
5.952000000000000000e+04 9.628468172195923976e-188
5.958400000000000000e+04 9.628468172195923976e-188
5.964800000000000000e+04 9.628468172195923976e-188
5.971200000000000000e+04 9.628468172195923976e-188
5.977600000000000000e+04 2.944516290419499855e-188
5.984000000000000000e+04 2.944516290419499855e-188
5.990400000000000000e+04 2.944516290419499855e-188
5.996800000000000000e+04 9.559313322729818170e-189
6.003200000000000000e+04 1.930142495860205689e-189
6.009600000000000000e+04 1.930142495860205689e-189
6.016000000000000000e+04 1.697704899573912912e-190
6.022400000000000000e+04 1.697704899573912912e-190
6.028800000000000000e+04 1.697704899573912912e-190
6.035200000000000000e+04 1.697704899573912912e-190
6.041600000000000000e+04 1.697704899573912912e-190
6.048000000000000000e+04 1.697704899573912912e-190
6.054400000000000000e+04 3.604374763777816639e-191
6.060800000000000000e+04 3.604374763777816639e-191
6.067200000000000000e+04 3.604374763777816639e-191
6.073600000000000000e+04 3.604374763777816639e-191
6.080000000000000000e+04 3.604374763777816639e-191
6.086400000000000000e+04 3.604374763777816639e-191
6.092800000000000000e+04 3.604374763777816639e-191
6.099200000000000000e+04 1.492610845585712377e-191
6.105600000000000000e+04 3.531865609598750249e-193
6.112000000000000000e+04 3.531865609598750249e-193
6.118400000000000000e+04 3.531865609598750249e-193
6.124800000000000000e+04 2.102031363523066012e-193
6.131200000000000000e+04 2.102031363523066012e-193
6.137600000000000000e+04 2.102031363523066012e-193
6.144000000000000000e+04 2.102031363523066012e-193
6.150400000000000000e+04 2.102031363523066012e-193
6.156800000000000000e+04 1.421470183530551647e-193
6.163200000000000000e+04 1.421470183530551647e-193
6.169600000000000000e+04 1.421470183530551647e-193
6.176000000000000000e+04 3.802543081293713920e-195
6.182400000000000000e+04 3.802543081293713920e-195
6.188800000000000000e+04 3.802543081293713920e-195
6.195200000000000000e+04 3.802543081293713920e-195
6.201600000000000000e+04 3.802543081293713920e-195
6.208000000000000000e+04 3.802543081293713920e-195
6.214400000000000000e+04 3.802543081293713920e-195
6.220800000000000000e+04 2.328220068333778549e-195
6.227200000000000000e+04 5.272830137591162713e-196
6.233600000000000000e+04 5.272830137591162713e-196
6.240000000000000000e+04 5.272830137591162713e-196
6.246400000000000000e+04 3.140646869160153370e-196
6.252800000000000000e+04 9.770666448860871432e-197
6.259200000000000000e+04 9.770666448860871432e-197
6.265600000000000000e+04 9.770666448860871432e-197
6.272000000000000000e+04 9.770666448860871432e-197
6.278400000000000000e+04 9.770666448860871432e-197
6.284800000000000000e+04 6.547807020757836851e-197
6.291200000000000000e+04 5.958367310857899491e-197
6.297600000000000000e+04 1.256477632909614032e-198
6.304000000000000000e+04 1.256477632909614032e-198
6.310400000000000000e+04 1.256477632909614032e-198
6.316800000000000000e+04 1.256477632909614032e-198
6.323200000000000000e+04 1.442236673257637021e-199
6.329600000000000000e+04 1.442236673257637021e-199
6.336000000000000000e+04 1.442236673257637021e-199
6.342400000000000000e+04 1.442236673257637021e-199
6.348800000000000000e+04 1.442236673257637021e-199
6.355200000000000000e+04 1.318289715346661127e-199
6.361600000000000000e+04 1.318289715346661127e-199
6.368000000000000000e+04 5.041716289510276434e-200
6.374400000000000000e+04 5.041716289510276434e-200
6.380800000000000000e+04 5.041716289510276434e-200
6.387200000000000000e+04 3.403820502426435425e-200
6.393600000000000000e+04 2.116615262357696194e-200
6.400000000000000000e+04 3.062385827481186071e-201
6.406400000000000000e+04 2.520192741950131230e-201
6.412800000000000000e+04 2.520192741950131230e-201
6.419200000000000000e+04 3.985026368879443973e-202
6.425600000000000000e+04 3.985026368879443973e-202
6.432000000000000000e+04 3.985026368879443973e-202
6.438400000000000000e+04 3.985026368879443973e-202
6.444800000000000000e+04 1.641044909929115443e-202
6.451200000000000000e+04 1.641044909929115443e-202
6.457600000000000000e+04 1.641044909929115443e-202
6.464000000000000000e+04 4.488302959805548990e-204
6.470400000000000000e+04 4.488302959805548990e-204
6.476800000000000000e+04 4.488302959805548990e-204
6.483200000000000000e+04 4.488302959805548990e-204
6.489600000000000000e+04 4.488302959805548990e-204
6.496000000000000000e+04 4.488302959805548990e-204
6.502400000000000000e+04 4.488302959805548990e-204
6.508800000000000000e+04 4.488302959805548990e-204
6.515200000000000000e+04 2.267312614182401833e-204
6.521600000000000000e+04 5.163958218164307825e-205
6.528000000000000000e+04 5.163958218164307825e-205
6.534400000000000000e+04 5.163958218164307825e-205
6.540800000000000000e+04 5.163958218164307825e-205
6.547200000000000000e+04 5.163958218164307825e-205
6.553600000000000000e+04 5.163958218164307825e-205
6.560000000000000000e+04 5.163958218164307825e-205
6.566400000000000000e+04 7.373676641031815302e-206
6.572800000000000000e+04 7.373676641031815302e-206
6.579200000000000000e+04 1.812311303864414923e-206
6.585600000000000000e+04 1.812311303864414923e-206
6.592000000000000000e+04 1.812311303864414923e-206
6.598400000000000000e+04 1.812311303864414923e-206
6.604800000000000000e+04 1.812311303864414923e-206
6.611200000000000000e+04 9.213331946760714414e-207
6.617600000000000000e+04 1.521196898585095533e-207
6.624000000000000000e+04 1.314194625430283154e-207
6.630400000000000000e+04 1.314194625430283154e-207
6.636800000000000000e+04 9.280627372358828741e-208
6.643200000000000000e+04 9.280627372358828741e-208
6.649600000000000000e+04 9.945495903327446165e-209
6.656000000000000000e+04 9.945495903327446165e-209
6.662400000000000000e+04 1.735843971107687852e-209
6.668800000000000000e+04 1.735843971107687852e-209
6.675200000000000000e+04 1.735843971107687852e-209
6.681600000000000000e+04 1.735843971107687852e-209
6.688000000000000000e+04 1.735843971107687852e-209
6.694400000000000000e+04 2.880989207173340175e-210
6.700800000000000000e+04 1.418556994210828673e-210
6.707200000000000000e+04 1.418556994210828673e-210
6.713600000000000000e+04 1.418556994210828673e-210
6.720000000000000000e+04 1.418556994210828673e-210
6.726400000000000000e+04 1.418556994210828673e-210
6.732800000000000000e+04 1.049390899821346030e-210
6.739200000000000000e+04 1.049390899821346030e-210
6.745600000000000000e+04 7.840384829238094014e-212
6.752000000000000000e+04 7.840384829238094014e-212
6.758400000000000000e+04 7.840384829238094014e-212
6.764800000000000000e+04 3.477324727200508534e-212
6.771200000000000000e+04 1.428994928329588225e-212
6.777600000000000000e+04 1.428994928329588225e-212
6.784000000000000000e+04 1.428994928329588225e-212
6.790400000000000000e+04 2.332317995272484502e-213
6.796800000000000000e+04 2.332317995272484502e-213
6.803200000000000000e+04 2.332317995272484502e-213
6.809600000000000000e+04 2.238043679216603502e-213
6.816000000000000000e+04 2.238043679216603502e-213
6.822400000000000000e+04 1.374766509704920398e-213
6.828800000000000000e+04 4.023390305221964258e-216
6.835200000000000000e+04 4.023390305221964258e-216
6.841600000000000000e+04 4.023390305221964258e-216
6.848000000000000000e+04 4.023390305221964258e-216
6.854400000000000000e+04 4.023390305221964258e-216
6.860800000000000000e+04 4.023390305221964258e-216
6.867200000000000000e+04 4.023390305221964258e-216
6.873600000000000000e+04 4.023390305221964258e-216
6.880000000000000000e+04 2.680990617610514239e-216
6.886400000000000000e+04 2.680990617610514239e-216
6.892800000000000000e+04 2.680990617610514239e-216
6.899200000000000000e+04 2.578650912700495364e-216
6.905600000000000000e+04 2.249841171277696555e-216
6.912000000000000000e+04 2.219348727928526215e-217
6.918400000000000000e+04 2.219348727928526215e-217
6.924800000000000000e+04 2.219348727928526215e-217
6.931200000000000000e+04 2.219348727928526215e-217
6.937600000000000000e+04 1.150981362161912085e-217
6.944000000000000000e+04 1.150981362161912085e-217
6.950400000000000000e+04 7.477250506454966943e-218
6.956800000000000000e+04 6.854814250227470646e-218
6.963200000000000000e+04 8.121675759390860411e-219
6.969600000000000000e+04 8.121675759390860411e-219
6.976000000000000000e+04 7.770496415144326373e-219
6.982400000000000000e+04 7.115983823719364598e-219
6.988800000000000000e+04 7.115983823719364598e-219
6.995200000000000000e+04 1.049363423191372368e-219
7.001600000000000000e+04 1.049363423191372368e-219
7.008000000000000000e+04 1.049363423191372368e-219
7.014400000000000000e+04 3.341634033879911986e-220
7.020800000000000000e+04 3.341634033879911986e-220
7.027200000000000000e+04 3.341634033879911986e-220
7.033600000000000000e+04 6.371052266548685008e-221
7.040000000000000000e+04 6.371052266548685008e-221
7.046400000000000000e+04 5.980191380235991254e-221
7.052800000000000000e+04 2.845534381528431549e-221
7.059200000000000000e+04 2.845534381528431549e-221
7.065600000000000000e+04 2.845534381528431549e-221
7.072000000000000000e+04 1.515946034383397704e-221
7.078400000000000000e+04 9.678587617763442759e-222
7.084800000000000000e+04 6.361319982881631241e-223
7.091200000000000000e+04 6.361319982881631241e-223
7.097600000000000000e+04 5.029253033213059846e-223
7.104000000000000000e+04 5.029253033213059846e-223
7.110400000000000000e+04 5.029253033213059846e-223
7.116800000000000000e+04 4.684947654800955581e-223
7.123200000000000000e+04 3.998870789416247617e-223
7.129600000000000000e+04 2.548691379433238293e-223
7.136000000000000000e+04 1.703994526959374213e-224
7.142400000000000000e+04 1.703994526959374213e-224
7.148800000000000000e+04 4.745243997047878883e-226
7.155200000000000000e+04 4.745243997047878883e-226
7.161600000000000000e+04 4.745243997047878883e-226
7.168000000000000000e+04 4.745243997047878883e-226
7.174400000000000000e+04 4.745243997047878883e-226
7.180800000000000000e+04 4.745243997047878883e-226
7.187200000000000000e+04 4.745243997047878883e-226
7.193600000000000000e+04 4.745243997047878883e-226
7.200000000000000000e+04 4.745243997047878883e-226
7.206400000000000000e+04 4.745243997047878883e-226
7.212800000000000000e+04 4.745243997047878883e-226
7.219200000000000000e+04 1.469335388805862362e-226
7.225600000000000000e+04 7.259843696092268820e-227
7.232000000000000000e+04 7.259843696092268820e-227
7.238400000000000000e+04 5.533177608348616166e-227
7.244800000000000000e+04 5.533177608348616166e-227
7.251200000000000000e+04 2.159927916934845960e-227
7.257600000000000000e+04 1.045426110601774442e-227
7.264000000000000000e+04 7.076066055483130576e-228
7.270400000000000000e+04 6.974914456451238651e-228
7.276800000000000000e+04 5.291465893912329670e-228
7.283200000000000000e+04 5.291465893912329670e-228
7.289600000000000000e+04 5.248847572730437117e-228
7.296000000000000000e+04 5.248847572730437117e-228
7.302400000000000000e+04 7.242730127989595786e-229
7.308800000000000000e+04 3.474159109220831500e-229
7.315200000000000000e+04 3.474159109220831500e-229
7.321600000000000000e+04 1.263094106835931959e-229
7.328000000000000000e+04 3.605571797728015983e-231
7.334400000000000000e+04 3.605571797728015983e-231
7.340800000000000000e+04 3.605571797728015983e-231
7.347200000000000000e+04 3.605571797728015983e-231
7.353600000000000000e+04 3.605571797728015983e-231
7.360000000000000000e+04 3.605571797728015983e-231
7.366400000000000000e+04 3.605571797728015983e-231
7.372800000000000000e+04 3.605571797728015983e-231
7.379200000000000000e+04 3.605571797728015983e-231
7.385600000000000000e+04 1.641056055094900801e-231
7.392000000000000000e+04 1.641056055094900801e-231
7.398400000000000000e+04 4.610655334928022967e-233
7.404800000000000000e+04 4.610655334928022967e-233
7.411200000000000000e+04 4.610655334928022967e-233
7.417600000000000000e+04 2.096423220311255779e-233
7.424000000000000000e+04 2.096423220311255779e-233
7.430400000000000000e+04 2.096423220311255779e-233
7.436800000000000000e+04 1.901779868110403021e-234
7.443200000000000000e+04 1.901779868110403021e-234
7.449600000000000000e+04 1.901779868110403021e-234
7.456000000000000000e+04 1.901779868110403021e-234
7.462400000000000000e+04 1.901779868110403021e-234
7.468800000000000000e+04 1.035316940308549158e-234
7.475200000000000000e+04 1.035316940308549158e-234
7.481600000000000000e+04 1.035316940308549158e-234
7.488000000000000000e+04 1.035316940308549158e-234
7.494400000000000000e+04 4.969740932850044902e-235
7.500800000000000000e+04 4.969740932850044902e-235
7.507200000000000000e+04 5.675910862399980574e-236
7.513600000000000000e+04 5.675910862399980574e-236
7.520000000000000000e+04 5.675910862399980574e-236
7.526400000000000000e+04 5.675910862399980574e-236
7.532800000000000000e+04 1.956872489755443963e-236
7.539200000000000000e+04 5.724523342422268938e-237
7.545600000000000000e+04 5.724523342422268938e-237
7.552000000000000000e+04 5.724523342422268938e-237
7.558400000000000000e+04 4.884713109525882634e-237
7.564800000000000000e+04 7.444990617055587288e-238
7.571200000000000000e+04 7.444990617055587288e-238
7.577600000000000000e+04 7.444990617055587288e-238
7.584000000000000000e+04 7.444990617055587288e-238
7.590400000000000000e+04 6.312383523153923737e-238
7.596800000000000000e+04 6.312383523153923737e-238
7.603200000000000000e+04 5.474537040911262104e-238
7.609600000000000000e+04 6.445107643231289258e-239
7.616000000000000000e+04 4.791192225042575171e-239
7.622400000000000000e+04 4.791192225042575171e-239
7.628800000000000000e+04 3.261350226587748266e-239
7.635200000000000000e+04 3.261350226587748266e-239
7.641600000000000000e+04 3.261350226587748266e-239
7.648000000000000000e+04 1.698729424994244507e-239
7.654400000000000000e+04 1.064867010648932890e-239
7.660800000000000000e+04 1.064867010648932890e-239
7.667200000000000000e+04 1.064867010648932890e-239
7.673600000000000000e+04 1.064867010648932890e-239
7.680000000000000000e+04 6.871280533447414202e-240
7.686400000000000000e+04 6.871280533447414202e-240
7.692800000000000000e+04 6.871280533447414202e-240
7.699200000000000000e+04 4.308711316220098523e-240
7.705600000000000000e+04 6.726786107516273911e-241
7.712000000000000000e+04 6.726786107516273911e-241
7.718400000000000000e+04 6.726786107516273911e-241
7.724800000000000000e+04 2.538782322896764112e-241
7.731200000000000000e+04 2.538782322896764112e-241
7.737600000000000000e+04 4.508636109494031658e-242
7.744000000000000000e+04 4.508636109494031658e-242
7.750400000000000000e+04 1.086344533078005750e-242
7.756800000000000000e+04 1.086344533078005750e-242
7.763200000000000000e+04 1.086344533078005750e-242
7.769600000000000000e+04 1.086344533078005750e-242
7.776000000000000000e+04 1.086344533078005750e-242
7.782400000000000000e+04 4.525402104632157702e-243
7.788800000000000000e+04 4.525402104632157702e-243
7.795200000000000000e+04 9.015969566903791621e-244
7.801600000000000000e+04 9.015969566903791621e-244
7.808000000000000000e+04 9.015969566903791621e-244
7.814400000000000000e+04 9.015969566903791621e-244
7.820800000000000000e+04 9.015969566903791621e-244
7.827200000000000000e+04 1.304161897049960795e-244
7.833600000000000000e+04 1.304161897049960795e-244
7.840000000000000000e+04 1.300452377902918003e-244
7.846400000000000000e+04 1.300452377902918003e-244
7.852800000000000000e+04 1.182900721202294180e-244
7.859200000000000000e+04 7.806341833704379075e-245
7.865600000000000000e+04 7.806341833704379075e-245
7.872000000000000000e+04 1.345324690743342956e-245
7.878400000000000000e+04 8.593388932055094920e-246
7.884800000000000000e+04 7.333773937268945626e-246
7.891200000000000000e+04 3.860140178779490384e-246
7.897600000000000000e+04 3.496276595136497608e-246
7.904000000000000000e+04 3.496276595136497608e-246
7.910400000000000000e+04 2.704953639446710886e-246
7.916800000000000000e+04 2.704953639446710886e-246
7.923200000000000000e+04 1.287064536796459861e-246
7.929600000000000000e+04 8.988360161346610117e-248
7.936000000000000000e+04 8.988360161346610117e-248
7.942400000000000000e+04 3.417594523538571003e-248
7.948800000000000000e+04 3.417594523538571003e-248
7.955200000000000000e+04 1.569494803872783527e-248
7.961600000000000000e+04 1.569494803872783527e-248
7.968000000000000000e+04 1.407384875213265532e-248
7.974400000000000000e+04 1.407384875213265532e-248
7.980800000000000000e+04 7.020329438953402806e-249
7.987200000000000000e+04 7.020329438953402806e-249
7.993600000000000000e+04 6.743902710834310455e-249
8.000000000000000000e+04 4.922777154660420172e-249
8.006400000000000000e+04 4.922777154660420172e-249
8.012800000000000000e+04 4.922777154660420172e-249
8.019200000000000000e+04 1.558019370648558767e-251
8.025600000000000000e+04 1.558019370648558767e-251
8.032000000000000000e+04 1.558019370648558767e-251
8.038400000000000000e+04 1.558019370648558767e-251
8.044800000000000000e+04 1.558019370648558767e-251
8.051200000000000000e+04 1.558019370648558767e-251
8.057600000000000000e+04 1.558019370648558767e-251
8.064000000000000000e+04 1.558019370648558767e-251
8.070400000000000000e+04 1.558019370648558767e-251
8.076800000000000000e+04 1.325828025734385536e-251
8.083200000000000000e+04 1.225915879710121612e-251
8.089600000000000000e+04 9.053120390347381673e-252
8.096000000000000000e+04 1.002290404506860983e-252
8.102400000000000000e+04 1.002290404506860983e-252
8.108800000000000000e+04 1.002290404506860983e-252
8.115200000000000000e+04 4.875550145473057279e-253
8.121600000000000000e+04 4.875550145473057279e-253
8.128000000000000000e+04 4.875550145473057279e-253
8.134400000000000000e+04 1.139843486098394898e-254
8.140800000000000000e+04 1.139843486098394898e-254
8.147200000000000000e+04 1.139843486098394898e-254
8.153600000000000000e+04 1.139843486098394898e-254
8.160000000000000000e+04 1.139843486098394898e-254
8.166400000000000000e+04 1.139843486098394898e-254
8.172800000000000000e+04 1.139843486098394898e-254
8.179200000000000000e+04 7.671702053825884961e-255
8.185600000000000000e+04 7.671702053825884961e-255
8.192000000000000000e+04 7.671702053825884961e-255
8.198400000000000000e+04 4.915670189447065074e-255
8.204800000000000000e+04 3.057989042458218564e-255
8.211200000000000000e+04 2.653237539291146619e-255
8.217600000000000000e+04 2.328478217304833654e-255
8.224000000000000000e+04 8.798395111212622859e-256
8.230400000000000000e+04 6.570550573908120648e-257
8.236800000000000000e+04 6.570550573908120648e-257
8.243200000000000000e+04 6.570550573908120648e-257
8.249600000000000000e+04 6.570550573908120648e-257
8.256000000000000000e+04 2.968815784785760623e-257
8.262400000000000000e+04 2.968815784785760623e-257
8.268800000000000000e+04 2.968815784785760623e-257
8.275200000000000000e+04 1.348238892125016036e-257
8.281600000000000000e+04 1.348238892125016036e-257
8.288000000000000000e+04 4.748550298735630560e-258
8.294400000000000000e+04 4.748550298735630560e-258
8.300800000000000000e+04 4.748550298735630560e-258
8.307200000000000000e+04 4.748550298735630560e-258
8.313600000000000000e+04 2.297209985071615436e-258
8.320000000000000000e+04 2.498777459428094247e-259
8.326400000000000000e+04 2.498777459428094247e-259
8.332800000000000000e+04 2.498777459428094247e-259
8.339200000000000000e+04 1.406655625957987780e-259
8.345600000000000000e+04 1.406655625957987780e-259
8.352000000000000000e+04 4.346007496384799857e-260
8.358400000000000000e+04 4.346007496384799857e-260
8.364800000000000000e+04 1.974654558209808851e-260
8.371200000000000000e+04 1.320206062491871319e-260
8.377600000000000000e+04 1.320206062491871319e-260
8.384000000000000000e+04 1.320206062491871319e-260
8.390400000000000000e+04 8.622499180857320623e-262
8.396800000000000000e+04 8.622499180857320623e-262
8.403200000000000000e+04 8.622499180857320623e-262
8.409600000000000000e+04 8.622499180857320623e-262
8.416000000000000000e+04 2.437854048990893793e-262
8.422400000000000000e+04 2.437854048990893793e-262
8.428800000000000000e+04 3.946477150464249198e-263
8.435200000000000000e+04 3.946477150464249198e-263
8.441600000000000000e+04 3.946477150464249198e-263
8.448000000000000000e+04 3.946477150464249198e-263
8.454400000000000000e+04 3.946477150464249198e-263
8.460800000000000000e+04 3.946477150464249198e-263
8.467200000000000000e+04 3.846831679979871094e-263
8.473600000000000000e+04 1.985559025846384935e-264
8.480000000000000000e+04 5.340762268020624269e-265
8.486400000000000000e+04 5.340762268020624269e-265
8.492800000000000000e+04 5.340762268020624269e-265
8.499200000000000000e+04 5.340762268020624269e-265
8.505600000000000000e+04 5.340762268020624269e-265
8.512000000000000000e+04 5.340762268020624269e-265
8.518400000000000000e+04 5.340762268020624269e-265
8.524800000000000000e+04 2.536006650733006382e-265
8.531200000000000000e+04 2.536006650733006382e-265
8.537600000000000000e+04 1.990247283411537179e-265
8.544000000000000000e+04 1.990247283411537179e-265
8.550400000000000000e+04 1.778458151411810686e-266
8.556800000000000000e+04 1.778458151411810686e-266
8.563200000000000000e+04 1.778458151411810686e-266
8.569600000000000000e+04 1.678573904833746277e-266
8.576000000000000000e+04 1.678573904833746277e-266
8.582400000000000000e+04 3.613735865244174648e-267
8.588800000000000000e+04 3.613735865244174648e-267
8.595200000000000000e+04 2.504723962686264246e-267
8.601600000000000000e+04 2.504723962686264246e-267
8.608000000000000000e+04 1.701502878027172737e-268
8.614400000000000000e+04 1.701502878027172737e-268
8.620800000000000000e+04 1.701502878027172737e-268
8.627200000000000000e+04 7.018583507793611231e-269
8.633600000000000000e+04 7.018583507793611231e-269
8.640000000000000000e+04 7.018583507793611231e-269
8.646400000000000000e+04 1.230050151181436749e-269
8.652800000000000000e+04 1.230050151181436749e-269
8.659200000000000000e+04 1.230050151181436749e-269
8.665600000000000000e+04 1.230050151181436749e-269
8.672000000000000000e+04 1.187549442208235295e-269
8.678400000000000000e+04 1.187549442208235295e-269
8.684800000000000000e+04 1.187549442208235295e-269
8.691200000000000000e+04 5.709922618935392383e-270
8.697600000000000000e+04 2.492405936855254075e-270
8.704000000000000000e+04 7.379487237199814668e-271
8.710400000000000000e+04 7.379487237199814668e-271
8.716800000000000000e+04 6.471198556627965597e-271
8.723200000000000000e+04 6.471198556627965597e-271
8.729600000000000000e+04 1.976207689975721114e-271
8.736000000000000000e+04 7.554292317155408818e-272
8.742400000000000000e+04 7.554292317155408818e-272
8.748800000000000000e+04 7.554292317155408818e-272
8.755200000000000000e+04 9.649173124210999795e-273
8.761600000000000000e+04 9.649173124210999795e-273
8.768000000000000000e+04 9.649173124210999795e-273
8.774400000000000000e+04 9.649173124210999795e-273
8.780800000000000000e+04 5.682945915197609004e-275
8.787200000000000000e+04 5.682945915197609004e-275
8.793600000000000000e+04 5.682945915197609004e-275
8.800000000000000000e+04 5.682945915197609004e-275
8.806400000000000000e+04 5.682945915197609004e-275
8.812800000000000000e+04 5.682945915197609004e-275
8.819200000000000000e+04 5.682945915197609004e-275
8.825600000000000000e+04 5.682945915197609004e-275
8.832000000000000000e+04 5.682945915197609004e-275
8.838400000000000000e+04 5.682945915197609004e-275
8.844800000000000000e+04 5.682945915197609004e-275
8.851200000000000000e+04 5.682945915197609004e-275
8.857600000000000000e+04 5.682945915197609004e-275
8.864000000000000000e+04 4.333249741165263575e-275
8.870400000000000000e+04 1.531994133706001498e-275
8.876800000000000000e+04 1.624725067711106599e-276
8.883200000000000000e+04 1.624725067711106599e-276
8.889600000000000000e+04 1.624725067711106599e-276
8.896000000000000000e+04 1.624725067711106599e-276
8.902400000000000000e+04 8.193209927183299679e-277
8.908800000000000000e+04 8.193209927183299679e-277
8.915200000000000000e+04 8.193209927183299679e-277
8.921600000000000000e+04 7.996780828764825223e-277
8.928000000000000000e+04 7.996780828764825223e-277
8.934400000000000000e+04 5.023697648273034674e-278
8.940800000000000000e+04 5.023697648273034674e-278
8.947200000000000000e+04 5.023697648273034674e-278
8.953600000000000000e+04 5.023697648273034674e-278
8.960000000000000000e+04 1.024742435570619928e-278
8.966400000000000000e+04 5.384368713477361743e-279
8.972800000000000000e+04 5.384368713477361743e-279
8.979200000000000000e+04 2.474548670081440903e-280
8.985600000000000000e+04 2.474548670081440903e-280
8.992000000000000000e+04 2.474548670081440903e-280
8.998400000000000000e+04 2.474548670081440903e-280
9.004800000000000000e+04 5.463588548502234653e-281
9.011200000000000000e+04 5.463588548502234653e-281
9.017600000000000000e+04 5.463588548502234653e-281
9.024000000000000000e+04 7.628590665922634635e-282
9.030400000000000000e+04 7.628590665922634635e-282
9.036800000000000000e+04 4.309005317930306773e-282
9.043200000000000000e+04 4.309005317930306773e-282
9.049600000000000000e+04 4.309005317930306773e-282
9.056000000000000000e+04 4.309005317930306773e-282
9.062400000000000000e+04 4.309005317930306773e-282
9.068800000000000000e+04 4.309005317930306773e-282
9.075200000000000000e+04 2.966404846805304551e-282
9.081600000000000000e+04 1.190466863404138636e-282
9.088000000000000000e+04 1.190466863404138636e-282
9.094400000000000000e+04 1.072828357279890674e-282
9.100800000000000000e+04 6.663750340249848312e-284
9.107200000000000000e+04 6.663750340249848312e-284
9.113600000000000000e+04 6.663750340249848312e-284
9.120000000000000000e+04 6.663750340249848312e-284
9.126400000000000000e+04 6.663750340249848312e-284
9.132800000000000000e+04 4.692974732462974989e-284
9.139200000000000000e+04 3.728945933581291551e-286
9.145600000000000000e+04 3.728945933581291551e-286
9.152000000000000000e+04 3.728945933581291551e-286
9.158400000000000000e+04 3.728945933581291551e-286
9.164800000000000000e+04 1.915966887833615396e-286
9.171200000000000000e+04 1.915966887833615396e-286
9.177600000000000000e+04 1.915966887833615396e-286
9.184000000000000000e+04 1.915966887833615396e-286
9.190400000000000000e+04 1.915966887833615396e-286
9.196800000000000000e+04 9.128154463709842718e-287
9.203200000000000000e+04 9.128154463709842718e-287
9.209600000000000000e+04 5.841384559099546923e-287
9.216000000000000000e+04 1.177908726556140286e-287
9.222400000000000000e+04 1.177908726556140286e-287
9.228800000000000000e+04 5.526296918073879163e-288
9.235200000000000000e+04 5.526296918073879163e-288
9.241600000000000000e+04 5.526296918073879163e-288
9.248000000000000000e+04 7.522724956432435048e-289
9.254400000000000000e+04 7.522724956432435048e-289
9.260800000000000000e+04 7.522724956432435048e-289
9.267200000000000000e+04 7.522724956432435048e-289
9.273600000000000000e+04 7.522724956432435048e-289
9.280000000000000000e+04 4.873671663716847053e-289
9.286400000000000000e+04 2.098446038654411384e-290
9.292800000000000000e+04 2.098446038654411384e-290
9.299200000000000000e+04 2.098446038654411384e-290
9.305600000000000000e+04 2.098446038654411384e-290
9.312000000000000000e+04 2.098446038654411384e-290
9.318400000000000000e+04 1.176820260378502415e-290
9.324800000000000000e+04 9.253801256198535055e-291
9.331200000000000000e+04 1.478619083552089465e-291
9.337600000000000000e+04 1.478619083552089465e-291
9.344000000000000000e+04 1.478619083552089465e-291
9.350400000000000000e+04 1.325056209105176853e-291
9.356800000000000000e+04 1.325056209105176853e-291
9.363200000000000000e+04 4.149516341615617946e-292
9.369600000000000000e+04 3.774337834817944654e-292
9.376000000000000000e+04 1.179081926043633484e-292
9.382400000000000000e+04 1.179081926043633484e-292
9.388800000000000000e+04 1.179081926043633484e-292
9.395200000000000000e+04 1.162496359972757006e-292
9.401600000000000000e+04 6.139664818470951205e-293
9.408000000000000000e+04 5.969738881752337603e-293
9.414400000000000000e+04 3.873447126276289947e-294
9.420800000000000000e+04 3.873447126276289947e-294
9.427200000000000000e+04 3.873447126276289947e-294
9.433600000000000000e+04 3.873447126276289947e-294
9.440000000000000000e+04 1.537298697083002684e-294
9.446400000000000000e+04 1.297963030770343411e-294
9.452800000000000000e+04 1.297963030770343411e-294
9.459200000000000000e+04 1.935663802872584825e-295
9.465600000000000000e+04 1.935663802872584825e-295
9.472000000000000000e+04 1.185570288921886756e-295
9.478400000000000000e+04 6.719874377122475724e-296
9.484800000000000000e+04 5.023992481078782418e-296
9.491200000000000000e+04 5.023992481078782418e-296
9.497600000000000000e+04 2.079015463969296209e-296
9.504000000000000000e+04 4.642603737562606217e-298
9.510400000000000000e+04 4.642603737562606217e-298
9.516800000000000000e+04 4.642603737562606217e-298
9.523200000000000000e+04 4.642603737562606217e-298
9.529600000000000000e+04 4.642603737562606217e-298
9.536000000000000000e+04 4.642603737562606217e-298
9.542400000000000000e+04 4.642603737562606217e-298
9.548800000000000000e+04 9.152627601793570096e-300
9.555200000000000000e+04 9.152627601793570096e-300
9.561600000000000000e+04 9.152627601793570096e-300
9.568000000000000000e+04 9.143339929647791325e-300
9.574400000000000000e+04 9.143339929647791325e-300
9.580800000000000000e+04 9.143339929647791325e-300
9.587200000000000000e+04 5.545850801628320445e-300
9.593600000000000000e+04 2.135877106100546965e-300
9.600000000000000000e+04 2.135877106100546965e-300
9.606400000000000000e+04 2.135877106100546965e-300
9.612800000000000000e+04 2.135877106100546965e-300
9.619200000000000000e+04 2.135877106100546965e-300
9.625600000000000000e+04 2.135877106100546965e-300
9.632000000000000000e+04 2.488681591640703277e-301
9.638400000000000000e+04 2.488681591640703277e-301
9.644800000000000000e+04 1.007258968870742069e-301
9.651200000000000000e+04 3.520701622798631546e-302
9.657600000000000000e+04 3.520701622798631546e-302
9.664000000000000000e+04 3.520701622798631546e-302
9.670400000000000000e+04 1.801311750495912528e-303
9.676800000000000000e+04 1.801311750495912528e-303
9.683200000000000000e+04 1.801311750495912528e-303
9.689600000000000000e+04 1.801311750495912528e-303
9.696000000000000000e+04 1.801311750495912528e-303
9.702400000000000000e+04 1.801311750495912528e-303
9.708800000000000000e+04 1.801311750495912528e-303
9.715200000000000000e+04 2.709531311537851712e-306
9.721600000000000000e+04 2.709531311537851712e-306
9.728000000000000000e+04 2.709531311537851712e-306
9.734400000000000000e+04 2.709531311537851712e-306
9.740800000000000000e+04 2.709531311537851712e-306
9.747200000000000000e+04 2.709531311537851712e-306
9.753600000000000000e+04 2.709531311537851712e-306
9.760000000000000000e+04 2.709531311537851712e-306
9.766400000000000000e+04 2.709531311537851712e-306
9.772800000000000000e+04 2.709531311537851712e-306
9.779200000000000000e+04 2.709531311537851712e-306
9.785600000000000000e+04 2.709531311537851712e-306
9.792000000000000000e+04 2.709531311537851712e-306
9.798400000000000000e+04 2.709531311537851712e-306
9.804800000000000000e+04 2.709531311537851712e-306
9.811200000000000000e+04 1.638889932097910440e-306
9.817600000000000000e+04 1.638889932097910440e-306
9.824000000000000000e+04 1.638889932097910440e-306
9.830400000000000000e+04 1.632602934242312524e-307
9.836800000000000000e+04 1.632602934242312524e-307
9.843200000000000000e+04 8.322442009296323396e-308
9.849600000000000000e+04 8.322442009296323396e-308
9.856000000000000000e+04 8.961423760529964668e-309
9.862400000000000000e+04 8.961423760529964668e-309
9.868800000000000000e+04 2.398544865517829459e-309
9.875200000000000000e+04 2.398544865517829459e-309
9.881600000000000000e+04 2.398544865517829459e-309
9.888000000000000000e+04 2.398544865517829459e-309
9.894400000000000000e+04 1.107668343491135726e-309
9.900800000000000000e+04 1.107668343491135726e-309
9.907200000000000000e+04 6.906831781403328818e-310
9.913600000000000000e+04 6.906831781403328818e-310
9.920000000000000000e+04 3.311826911203801788e-310
9.926400000000000000e+04 5.088838577111322324e-311
9.932800000000000000e+04 5.088838577111322324e-311
9.939200000000000000e+04 5.088838577111322324e-311
9.945600000000000000e+04 5.088838577111322324e-311
9.952000000000000000e+04 3.688417533692226870e-311
9.958400000000000000e+04 6.161739034547368241e-312
9.964800000000000000e+04 6.161739034547368241e-312
9.971200000000000000e+04 6.161739034547368241e-312
9.977600000000000000e+04 1.250311728608900068e-312
9.984000000000000000e+04 1.250311728608900068e-312
9.990400000000000000e+04 8.182574013172709695e-313
9.996800000000000000e+04 8.182574013172709695e-313
1.000320000000000000e+05 8.182574013172709695e-313
