6.400000000000000000e+01 8.411786091272603016e+00
1.280000000000000000e+02 6.735939357502520153e+00
1.920000000000000000e+02 2.652525296725834814e+00
2.560000000000000000e+02 8.632220550279519067e-01
3.200000000000000000e+02 2.022936320058764670e-01
3.840000000000000000e+02 6.327662495910583822e-03
4.480000000000000000e+02 6.327662495910583822e-03
5.120000000000000000e+02 6.327662495910583822e-03
5.760000000000000000e+02 6.327662495910583822e-03
6.400000000000000000e+02 6.327662495910583822e-03
7.040000000000000000e+02 6.327662495910583822e-03
7.680000000000000000e+02 6.327662495910583822e-03
8.320000000000000000e+02 6.327662495910583822e-03
8.960000000000000000e+02 6.327662495910583822e-03
9.600000000000000000e+02 6.327662495910583822e-03
1.024000000000000000e+03 1.017657383809533571e-03
1.088000000000000000e+03 1.017657383809533571e-03
1.152000000000000000e+03 1.017657383809533571e-03
1.216000000000000000e+03 4.997212737959729628e-05
1.280000000000000000e+03 4.997212737959729628e-05
1.344000000000000000e+03 4.997212737959729628e-05
1.408000000000000000e+03 4.997212737959729628e-05
1.472000000000000000e+03 4.493782968794425716e-05
1.536000000000000000e+03 4.493782968794425716e-05
1.600000000000000000e+03 4.493782968794425716e-05
1.664000000000000000e+03 8.106556577193064169e-06
1.728000000000000000e+03 8.106556577193064169e-06
1.792000000000000000e+03 1.662738185451539399e-06
1.856000000000000000e+03 1.474117405466457792e-06
1.920000000000000000e+03 1.474117405466457792e-06
1.984000000000000000e+03 1.474117405466457792e-06
2.048000000000000000e+03 3.476944122892821353e-08
2.112000000000000000e+03 3.476944122892821353e-08
2.176000000000000000e+03 3.476944122892821353e-08
2.240000000000000000e+03 3.476944122892821353e-08
2.304000000000000000e+03 3.476944122892821353e-08
2.368000000000000000e+03 1.998426638515279062e-08
2.432000000000000000e+03 1.998426638515279062e-08
2.496000000000000000e+03 1.998426638515279062e-08
2.560000000000000000e+03 1.998426638515279062e-08
2.624000000000000000e+03 1.745418040260499764e-09
2.688000000000000000e+03 1.745418040260499764e-09
2.752000000000000000e+03 1.745418040260499764e-09
2.816000000000000000e+03 1.745418040260499764e-09
2.880000000000000000e+03 1.745418040260499764e-09
2.944000000000000000e+03 1.745418040260499764e-09
3.008000000000000000e+03 1.745418040260499764e-09
3.072000000000000000e+03 4.996907397918434588e-10
3.136000000000000000e+03 4.996907397918434588e-10
3.200000000000000000e+03 4.499780718005308803e-10
3.264000000000000000e+03 9.815919776989172022e-11
3.328000000000000000e+03 4.589498108663884785e-11
3.392000000000000000e+03 4.589498108663884785e-11
3.456000000000000000e+03 4.589498108663884785e-11
3.520000000000000000e+03 4.589498108663884785e-11
3.584000000000000000e+03 7.948078530281511005e-13
3.648000000000000000e+03 7.948078530281511005e-13
3.712000000000000000e+03 7.948078530281511005e-13
3.776000000000000000e+03 7.948078530281511005e-13
3.840000000000000000e+03 7.948078530281511005e-13
3.904000000000000000e+03 7.948078530281511005e-13
3.968000000000000000e+03 7.948078530281511005e-13
4.032000000000000000e+03 7.948078530281511005e-13
4.096000000000000000e+03 7.948078530281511005e-13
4.160000000000000000e+03 7.948078530281511005e-13
4.224000000000000000e+03 6.520897463301188099e-14
4.288000000000000000e+03 6.520897463301188099e-14
4.352000000000000000e+03 6.520897463301188099e-14
4.416000000000000000e+03 6.520897463301188099e-14
4.480000000000000000e+03 6.520897463301188099e-14
4.544000000000000000e+03 1.323865394668360030e-14
4.608000000000000000e+03 4.275817036314705201e-15
4.672000000000000000e+03 4.275817036314705201e-15
4.736000000000000000e+03 1.742016595264977270e-15
4.800000000000000000e+03 1.683777267351237022e-15
4.864000000000000000e+03 1.683777267351237022e-15
4.928000000000000000e+03 1.683777267351237022e-15
4.992000000000000000e+03 1.112504368245821774e-16
5.056000000000000000e+03 1.112504368245821774e-16
5.120000000000000000e+03 1.112504368245821774e-16
5.184000000000000000e+03 1.112504368245821774e-16
5.248000000000000000e+03 3.373395283088090762e-17
5.312000000000000000e+03 3.373395283088090762e-17
5.376000000000000000e+03 3.373395283088090762e-17
5.440000000000000000e+03 1.089155678466320743e-18
5.504000000000000000e+03 1.089155678466320743e-18
5.568000000000000000e+03 1.089155678466320743e-18
5.632000000000000000e+03 1.089155678466320743e-18
5.696000000000000000e+03 1.089155678466320743e-18
5.760000000000000000e+03 1.089155678466320743e-18
5.824000000000000000e+03 4.580910019822049003e-19
5.888000000000000000e+03 1.954321250637331867e-19
5.952000000000000000e+03 1.954321250637331867e-19
6.016000000000000000e+03 1.673541837003741204e-19
6.080000000000000000e+03 3.253732039040398089e-20
6.144000000000000000e+03 3.253732039040398089e-20
6.208000000000000000e+03 3.253732039040398089e-20
6.272000000000000000e+03 2.183872239103681844e-20
6.336000000000000000e+03 1.898313061781439794e-20
6.400000000000000000e+03 4.843302659787292446e-21
6.464000000000000000e+03 4.843302659787292446e-21
6.528000000000000000e+03 4.843302659787292446e-21
6.592000000000000000e+03 4.843302659787292446e-21
6.656000000000000000e+03 4.843302659787292446e-21
6.720000000000000000e+03 8.162370705138273267e-22
6.784000000000000000e+03 8.162370705138273267e-22
6.848000000000000000e+03 1.728380384341380842e-22
6.912000000000000000e+03 1.728380384341380842e-22
6.976000000000000000e+03 1.600364769454347947e-22
7.040000000000000000e+03 1.296841643273427133e-22
7.104000000000000000e+03 5.835368209096715190e-23
7.168000000000000000e+03 1.664752138850734108e-23
7.232000000000000000e+03 1.664752138850734108e-23
7.296000000000000000e+03 5.824756248358424318e-25
7.360000000000000000e+03 2.786041762945454132e-25
7.424000000000000000e+03 2.786041762945454132e-25
7.488000000000000000e+03 2.786041762945454132e-25
7.552000000000000000e+03 2.786041762945454132e-25
7.616000000000000000e+03 1.321146436698263055e-25
7.680000000000000000e+03 1.321146436698263055e-25
7.744000000000000000e+03 8.759586415661882257e-27
7.808000000000000000e+03 8.759586415661882257e-27
7.872000000000000000e+03 8.759586415661882257e-27
7.936000000000000000e+03 8.759586415661882257e-27
8.000000000000000000e+03 8.759586415661882257e-27
8.064000000000000000e+03 8.759586415661882257e-27
8.128000000000000000e+03 8.759586415661882257e-27
8.192000000000000000e+03 8.759586415661882257e-27
8.256000000000000000e+03 8.250313375957424936e-27
8.320000000000000000e+03 6.814486112273857117e-27
8.384000000000000000e+03 6.024587341814551615e-27
8.448000000000000000e+03 6.024587341814551615e-27
8.512000000000000000e+03 2.382050623498441212e-28
8.576000000000000000e+03 2.382050623498441212e-28
8.640000000000000000e+03 2.382050623498441212e-28
8.704000000000000000e+03 2.270190815825272325e-28
8.768000000000000000e+03 1.730449793962579685e-28
8.832000000000000000e+03 1.730449793962579685e-28
8.896000000000000000e+03 1.537893713979739809e-28
8.960000000000000000e+03 1.537893713979739809e-28
9.024000000000000000e+03 1.537893713979739809e-28
9.088000000000000000e+03 3.614692046074925047e-30
9.152000000000000000e+03 3.614692046074925047e-30
9.216000000000000000e+03 3.614692046074925047e-30
9.280000000000000000e+03 3.614692046074925047e-30
9.344000000000000000e+03 5.796570078556852171e-32
9.408000000000000000e+03 5.796570078556852171e-32
9.472000000000000000e+03 5.796570078556852171e-32
9.536000000000000000e+03 5.796570078556852171e-32
9.600000000000000000e+03 5.796570078556852171e-32
9.664000000000000000e+03 5.796570078556852171e-32
9.728000000000000000e+03 2.549480976165779899e-32
9.792000000000000000e+03 2.549480976165779899e-32
9.856000000000000000e+03 2.549480976165779899e-32
9.920000000000000000e+03 2.549480976165779899e-32
9.984000000000000000e+03 2.549480976165779899e-32
1.004800000000000000e+04 1.273025330295056387e-32
1.011200000000000000e+04 1.273025330295056387e-32
1.017600000000000000e+04 1.273025330295056387e-32
1.024000000000000000e+04 1.273025330295056387e-32
1.030400000000000000e+04 1.273025330295056387e-32
1.036800000000000000e+04 3.564847059047648337e-33
1.043200000000000000e+04 1.212411720740769463e-33
1.049600000000000000e+04 1.194227842397036790e-33
1.056000000000000000e+04 1.194227842397036790e-33
1.062400000000000000e+04 1.194227842397036790e-33
1.068800000000000000e+04 1.135082975386934543e-34
1.075200000000000000e+04 2.855693315978102027e-36
1.081600000000000000e+04 2.855693315978102027e-36
1.088000000000000000e+04 2.855693315978102027e-36
1.094400000000000000e+04 2.855693315978102027e-36
1.100800000000000000e+04 2.855693315978102027e-36
1.107200000000000000e+04 2.855693315978102027e-36
1.113600000000000000e+04 2.855693315978102027e-36
1.120000000000000000e+04 2.855693315978102027e-36
1.126400000000000000e+04 2.855693315978102027e-36
1.132800000000000000e+04 2.855693315978102027e-36
1.139200000000000000e+04 2.855693315978102027e-36
1.145600000000000000e+04 2.834677660367425626e-36
1.152000000000000000e+04 2.001549490331168106e-36
1.158400000000000000e+04 9.336531388440910317e-37
1.164800000000000000e+04 9.336531388440910317e-37
1.171200000000000000e+04 4.851734302498959706e-37
1.177600000000000000e+04 9.869086209386093097e-38
1.184000000000000000e+04 9.869086209386093097e-38
1.190400000000000000e+04 4.877932876652556046e-38
1.196800000000000000e+04 9.847629111305199408e-39
1.203200000000000000e+04 9.847629111305199408e-39
1.209600000000000000e+04 7.777517849553364409e-39
1.216000000000000000e+04 7.777517849553364409e-39
1.222400000000000000e+04 7.777517849553364409e-39
1.228800000000000000e+04 7.777517849553364409e-39
1.235200000000000000e+04 1.319461943162852438e-39
1.241600000000000000e+04 1.319461943162852438e-39
1.248000000000000000e+04 6.177292505318885786e-40
1.254400000000000000e+04 6.177292505318885786e-40
1.260800000000000000e+04 5.447517675299785955e-40
1.267200000000000000e+04 2.496877458590262584e-41
1.273600000000000000e+04 2.496877458590262584e-41
1.280000000000000000e+04 1.972261796835276098e-41
1.286400000000000000e+04 1.972261796835276098e-41
1.292800000000000000e+04 6.284521208891968443e-42
1.299200000000000000e+04 6.284521208891968443e-42
1.305600000000000000e+04 4.504126597333954615e-42
1.312000000000000000e+04 4.504126597333954615e-42
1.318400000000000000e+04 2.234534053970643295e-42
1.324800000000000000e+04 2.129653925661435499e-42
1.331200000000000000e+04 5.993962470692304306e-44
1.337600000000000000e+04 5.993962470692304306e-44
1.344000000000000000e+04 5.993962470692304306e-44
1.350400000000000000e+04 5.993962470692304306e-44
1.356800000000000000e+04 5.993962470692304306e-44
1.363200000000000000e+04 5.993962470692304306e-44
1.369600000000000000e+04 2.216496776603987658e-44
1.376000000000000000e+04 2.216496776603987658e-44
1.382400000000000000e+04 2.216496776603987658e-44
1.388800000000000000e+04 2.216496776603987658e-44
1.395200000000000000e+04 1.553540103246445898e-44
1.401600000000000000e+04 1.553540103246445898e-44
1.408000000000000000e+04 6.853369881804994995e-45
1.414400000000000000e+04 3.327415528531765059e-45
1.420800000000000000e+04 1.931748213807202637e-45
1.427200000000000000e+04 1.931748213807202637e-45
1.433600000000000000e+04 1.931748213807202637e-45
1.440000000000000000e+04 1.931748213807202637e-45
1.446400000000000000e+04 1.586810965666955664e-45
1.452800000000000000e+04 4.498855046967379365e-47
1.459200000000000000e+04 4.498855046967379365e-47
1.465600000000000000e+04 1.315162463162362194e-48
1.472000000000000000e+04 1.315162463162362194e-48
1.478400000000000000e+04 1.315162463162362194e-48
1.484800000000000000e+04 1.315162463162362194e-48
1.491200000000000000e+04 1.315162463162362194e-48
1.497600000000000000e+04 1.315162463162362194e-48
1.504000000000000000e+04 1.315162463162362194e-48
1.510400000000000000e+04 1.315162463162362194e-48
1.516800000000000000e+04 1.315162463162362194e-48
1.523200000000000000e+04 1.315162463162362194e-48
1.529600000000000000e+04 1.071497861411896207e-48
1.536000000000000000e+04 1.071497861411896207e-48
1.542400000000000000e+04 4.594665758469267245e-49
1.548800000000000000e+04 1.782233959266154775e-49
1.555200000000000000e+04 1.782233959266154775e-49
1.561600000000000000e+04 1.142525299048743516e-49
1.568000000000000000e+04 7.523937104790230765e-51
1.574400000000000000e+04 5.118218888447922038e-51
1.580800000000000000e+04 5.118218888447922038e-51
1.587200000000000000e+04 5.118218888447922038e-51
1.593600000000000000e+04 5.118218888447922038e-51
1.600000000000000000e+04 2.033995097440771632e-51
1.606400000000000000e+04 2.033995097440771632e-51
1.612800000000000000e+04 9.094981947158875431e-52
1.619200000000000000e+04 6.663285620320326134e-52
1.625600000000000000e+04 1.655920128055196665e-52
1.632000000000000000e+04 1.426495655072016782e-53
1.638400000000000000e+04 1.426495655072016782e-53
1.644800000000000000e+04 1.426495655072016782e-53
1.651200000000000000e+04 1.426495655072016782e-53
1.657600000000000000e+04 1.818143101925943470e-54
1.664000000000000000e+04 1.818143101925943470e-54
1.670400000000000000e+04 1.818143101925943470e-54
1.676800000000000000e+04 1.818143101925943470e-54
1.683200000000000000e+04 1.818143101925943470e-54
1.689600000000000000e+04 1.818143101925943470e-54
1.696000000000000000e+04 1.818143101925943470e-54
1.702400000000000000e+04 1.818143101925943470e-54
1.708800000000000000e+04 1.230802783898052415e-54
1.715200000000000000e+04 1.230802783898052415e-54
1.721600000000000000e+04 1.230802783898052415e-54
1.728000000000000000e+04 5.069475476388900930e-55
1.734400000000000000e+04 2.389384715472738698e-55
1.740800000000000000e+04 2.389384715472738698e-55
1.747200000000000000e+04 3.111886101840369260e-56
1.753600000000000000e+04 3.111886101840369260e-56
1.760000000000000000e+04 1.454131791885975367e-56
1.766400000000000000e+04 1.454131791885975367e-56
1.772800000000000000e+04 1.454131791885975367e-56
1.779200000000000000e+04 1.454131791885975367e-56
1.785600000000000000e+04 1.454131791885975367e-56
1.792000000000000000e+04 1.454131791885975367e-56
1.798400000000000000e+04 1.454131791885975367e-56
1.804800000000000000e+04 1.064713518836457303e-56
1.811200000000000000e+04 1.064713518836457303e-56
1.817600000000000000e+04 5.271588845937538287e-57
1.824000000000000000e+04 5.271588845937538287e-57
1.830400000000000000e+04 2.246032816283953285e-57
1.836800000000000000e+04 1.926656826830647603e-58
1.843200000000000000e+04 1.302739215489436999e-58
1.849600000000000000e+04 1.302739215489436999e-58
1.856000000000000000e+04 1.649339759085294556e-59
1.862400000000000000e+04 1.649339759085294556e-59
1.868800000000000000e+04 4.756818740569749443e-60
1.875200000000000000e+04 4.756818740569749443e-60
1.881600000000000000e+04 2.257525859316732355e-60
1.888000000000000000e+04 3.543437894106354021e-61
1.894400000000000000e+04 3.543437894106354021e-61
1.900800000000000000e+04 3.543437894106354021e-61
1.907200000000000000e+04 3.543437894106354021e-61
1.913600000000000000e+04 3.543437894106354021e-61
1.920000000000000000e+04 2.753821153594171368e-61
1.926400000000000000e+04 3.565880287394595730e-62
1.932800000000000000e+04 3.565880287394595730e-62
1.939200000000000000e+04 3.565880287394595730e-62
1.945600000000000000e+04 2.806673885504273800e-62
1.952000000000000000e+04 2.806673885504273800e-62
1.958400000000000000e+04 1.373710790392732112e-62
1.964800000000000000e+04 1.373710790392732112e-62
1.971200000000000000e+04 1.373710790392732112e-62
1.977600000000000000e+04 3.724683298752963213e-63
1.984000000000000000e+04 2.293009161507136530e-63
1.990400000000000000e+04 4.861458964047490229e-64
1.996800000000000000e+04 4.861458964047490229e-64
2.003200000000000000e+04 4.078046935652869636e-64
2.009600000000000000e+04 4.078046935652869636e-64
2.016000000000000000e+04 1.227641059645313499e-64
2.022400000000000000e+04 5.481166863872341420e-66
2.028800000000000000e+04 5.481166863872341420e-66
2.035200000000000000e+04 5.481166863872341420e-66
2.041600000000000000e+04 5.481166863872341420e-66
2.048000000000000000e+04 5.481166863872341420e-66
2.054400000000000000e+04 1.507714079611731285e-66
2.060800000000000000e+04 1.507714079611731285e-66
2.067200000000000000e+04 1.507714079611731285e-66
2.073600000000000000e+04 1.507714079611731285e-66
2.080000000000000000e+04 1.507714079611731285e-66
2.086400000000000000e+04 1.507714079611731285e-66
2.092800000000000000e+04 1.507714079611731285e-66
2.099200000000000000e+04 3.546115273069514171e-67
2.105600000000000000e+04 3.546115273069514171e-67
2.112000000000000000e+04 3.546115273069514171e-67
2.118400000000000000e+04 1.294507561201089831e-67
2.124800000000000000e+04 4.518663496735765452e-68
2.131200000000000000e+04 4.518663496735765452e-68
2.137600000000000000e+04 4.518663496735765452e-68
2.144000000000000000e+04 2.656802584185408380e-68
2.150400000000000000e+04 8.678995056649224406e-70
2.156800000000000000e+04 8.678995056649224406e-70
2.163200000000000000e+04 8.678995056649224406e-70
2.169600000000000000e+04 8.678995056649224406e-70
2.176000000000000000e+04 8.678995056649224406e-70
2.182400000000000000e+04 8.678995056649224406e-70
2.188800000000000000e+04 8.678995056649224406e-70
2.195200000000000000e+04 8.678995056649224406e-70
2.201600000000000000e+04 5.658210388074541051e-70
2.208000000000000000e+04 3.726669821947725296e-70
2.214400000000000000e+04 3.726669821947725296e-70
2.220800000000000000e+04 3.887537363929941366e-72
2.227200000000000000e+04 3.887537363929941366e-72
2.233600000000000000e+04 3.887537363929941366e-72
2.240000000000000000e+04 2.603003775166447554e-73
2.246400000000000000e+04 2.603003775166447554e-73
2.252800000000000000e+04 2.603003775166447554e-73
2.259200000000000000e+04 2.603003775166447554e-73
2.265600000000000000e+04 2.603003775166447554e-73
2.272000000000000000e+04 2.603003775166447554e-73
2.278400000000000000e+04 2.603003775166447554e-73
2.284800000000000000e+04 2.603003775166447554e-73
2.291200000000000000e+04 2.137572120031838744e-73
2.297600000000000000e+04 2.137572120031838744e-73
2.304000000000000000e+04 2.137572120031838744e-73
2.310400000000000000e+04 2.137572120031838744e-73
2.316800000000000000e+04 2.137572120031838744e-73
2.323200000000000000e+04 3.811645712628117837e-74
2.329600000000000000e+04 3.811645712628117837e-74
2.336000000000000000e+04 1.595863802870620171e-74
2.342400000000000000e+04 1.595863802870620171e-74
2.348800000000000000e+04 1.529104562804341115e-75
2.355200000000000000e+04 6.903160411179481491e-76
2.361600000000000000e+04 6.903160411179481491e-76
2.368000000000000000e+04 6.903160411179481491e-76
2.374400000000000000e+04 6.903160411179481491e-76
2.380800000000000000e+04 3.324499621052275604e-76
2.387200000000000000e+04 2.848935457866878871e-76
2.393600000000000000e+04 2.848935457866878871e-76
2.400000000000000000e+04 2.831429610840040064e-76
2.406400000000000000e+04 1.782388545966867883e-76
2.412800000000000000e+04 1.239702040931402427e-76
2.419200000000000000e+04 3.549079536558940860e-77
2.425600000000000000e+04 2.544656416022038396e-77
2.432000000000000000e+04 1.016558904906689027e-77
2.438400000000000000e+04 1.016558904906689027e-77
2.444800000000000000e+04 1.240401260590909947e-78
2.451200000000000000e+04 8.033432900854239841e-79
2.457600000000000000e+04 8.033432900854239841e-79
2.464000000000000000e+04 8.033432900854239841e-79
2.470400000000000000e+04 4.222112393186360650e-79
2.476800000000000000e+04 4.222112393186360650e-79
2.483200000000000000e+04 3.262234044608691072e-79
2.489600000000000000e+04 3.595325468146017903e-80
2.496000000000000000e+04 3.571271240087575863e-81
2.502400000000000000e+04 3.571271240087575863e-81
2.508800000000000000e+04 3.571271240087575863e-81
2.515200000000000000e+04 3.571271240087575863e-81
2.521600000000000000e+04 3.571271240087575863e-81
2.528000000000000000e+04 9.720002573819946725e-82
2.534400000000000000e+04 9.720002573819946725e-82
2.540800000000000000e+04 5.782435409159504534e-82
2.547200000000000000e+04 5.782435409159504534e-82
2.553600000000000000e+04 5.782435409159504534e-82
2.560000000000000000e+04 5.782435409159504534e-82
2.566400000000000000e+04 1.444287085072502365e-82
2.572800000000000000e+04 2.223229857185365326e-83
2.579200000000000000e+04 2.223229857185365326e-83
2.585600000000000000e+04 2.223229857185365326e-83
2.592000000000000000e+04 2.223229857185365326e-83
2.598400000000000000e+04 2.223229857185365326e-83
2.604800000000000000e+04 2.223229857185365326e-83
2.611200000000000000e+04 2.223229857185365326e-83
2.617600000000000000e+04 2.223229857185365326e-83
2.624000000000000000e+04 1.921889663480167112e-83
2.630400000000000000e+04 9.684317429057705034e-84
2.636800000000000000e+04 7.229628431243265749e-85
2.643200000000000000e+04 7.229628431243265749e-85
2.649600000000000000e+04 7.229628431243265749e-85
2.656000000000000000e+04 7.229628431243265749e-85
2.662400000000000000e+04 2.213910531702162454e-85
2.668800000000000000e+04 2.213910531702162454e-85
2.675200000000000000e+04 5.478056703201054709e-86
2.681600000000000000e+04 5.478056703201054709e-86
2.688000000000000000e+04 5.478056703201054709e-86
2.694400000000000000e+04 5.478056703201054709e-86
2.700800000000000000e+04 4.901171240583447128e-86
2.707200000000000000e+04 1.194564477785938254e-86
2.713600000000000000e+04 1.194564477785938254e-86
2.720000000000000000e+04 2.331862195743169238e-87
2.726400000000000000e+04 2.331862195743169238e-87
2.732800000000000000e+04 5.590582521243657813e-88
2.739200000000000000e+04 5.590582521243657813e-88
2.745600000000000000e+04 5.590582521243657813e-88
2.752000000000000000e+04 5.590582521243657813e-88
2.758400000000000000e+04 1.242430756875816322e-88
2.764800000000000000e+04 8.785010759961111691e-90
2.771200000000000000e+04 8.785010759961111691e-90
2.777600000000000000e+04 8.785010759961111691e-90
2.784000000000000000e+04 8.785010759961111691e-90
2.790400000000000000e+04 8.785010759961111691e-90
2.796800000000000000e+04 8.785010759961111691e-90
2.803200000000000000e+04 8.785010759961111691e-90
2.809600000000000000e+04 8.785010759961111691e-90
2.816000000000000000e+04 8.785010759961111691e-90
2.822400000000000000e+04 7.706274238276250895e-90
2.828800000000000000e+04 7.706274238276250895e-90
2.835200000000000000e+04 4.224372221709719850e-90
2.841600000000000000e+04 4.195676354598487677e-90
2.848000000000000000e+04 4.195676354598487677e-90
2.854400000000000000e+04 2.543180091837657309e-90
2.860800000000000000e+04 1.523470972157336486e-90
2.867200000000000000e+04 9.692485922399232978e-91
2.873600000000000000e+04 1.735158739937104513e-91
2.880000000000000000e+04 1.735158739937104513e-91
2.886400000000000000e+04 1.220499326924387503e-91
2.892800000000000000e+04 3.705171460228182999e-92
2.899200000000000000e+04 3.705171460228182999e-92
2.905600000000000000e+04 3.705171460228182999e-92
2.912000000000000000e+04 1.277643700608403979e-92
2.918400000000000000e+04 1.277643700608403979e-92
2.924800000000000000e+04 1.277643700608403979e-92
2.931200000000000000e+04 4.613121093434856705e-93
2.937600000000000000e+04 3.824082377391017213e-93
2.944000000000000000e+04 1.846130790359789888e-93
2.950400000000000000e+04 1.846130790359789888e-93
2.956800000000000000e+04 4.693438874602921100e-94
2.963200000000000000e+04 1.356444076818828785e-94
2.969600000000000000e+04 1.356444076818828785e-94
2.976000000000000000e+04 1.356444076818828785e-94
2.982400000000000000e+04 4.027417230988383075e-95
2.988800000000000000e+04 4.027417230988383075e-95
2.995200000000000000e+04 4.027417230988383075e-95
3.001600000000000000e+04 4.027417230988383075e-95
3.008000000000000000e+04 4.027417230988383075e-95
3.014400000000000000e+04 2.316819579620802715e-95
3.020800000000000000e+04 1.298543259591343918e-95
3.027200000000000000e+04 1.005278978927603163e-95
3.033600000000000000e+04 7.366991755316506111e-96
3.040000000000000000e+04 7.366991755316506111e-96
3.046400000000000000e+04 2.889407027558131833e-96
3.052800000000000000e+04 1.627990027508576324e-96
3.059200000000000000e+04 1.627990027508576324e-96
3.065600000000000000e+04 4.268497014777528046e-97
3.072000000000000000e+04 4.268497014777528046e-97
3.078400000000000000e+04 4.527174006804960647e-98
3.084800000000000000e+04 4.527174006804960647e-98
3.091200000000000000e+04 4.527174006804960647e-98
3.097600000000000000e+04 3.337521235396890704e-98
3.104000000000000000e+04 3.337521235396890704e-98
3.110400000000000000e+04 3.337521235396890704e-98
3.116800000000000000e+04 3.337521235396890704e-98
3.123200000000000000e+04 6.352466370194853214e-99
3.129600000000000000e+04 6.352466370194853214e-99
3.136000000000000000e+04 6.352466370194853214e-99
3.142400000000000000e+04 9.042037888419360118e-100
3.148800000000000000e+04 1.289799593305629175e-100
3.155200000000000000e+04 1.289799593305629175e-100
3.161600000000000000e+04 1.289799593305629175e-100
3.168000000000000000e+04 1.289799593305629175e-100
3.174400000000000000e+04 1.289799593305629175e-100
3.180800000000000000e+04 1.289799593305629175e-100
3.187200000000000000e+04 1.289799593305629175e-100
3.193600000000000000e+04 1.289799593305629175e-100
3.200000000000000000e+04 3.022614224677203071e-101
3.206400000000000000e+04 3.022614224677203071e-101
3.212800000000000000e+04 3.022614224677203071e-101
3.219200000000000000e+04 4.292992488824427039e-102
3.225600000000000000e+04 4.292992488824427039e-102
3.232000000000000000e+04 4.292992488824427039e-102
3.238400000000000000e+04 1.299939448862909699e-102
3.244800000000000000e+04 1.299915372304664131e-102
3.251200000000000000e+04 8.204687957607396592e-103
3.257600000000000000e+04 3.666466882385635173e-103
3.264000000000000000e+04 2.028880924248575149e-103
3.270400000000000000e+04 1.700117448228752985e-103
3.276800000000000000e+04 1.700117448228752985e-103
3.283200000000000000e+04 1.700117448228752985e-103
3.289600000000000000e+04 5.821552018902589382e-104
3.296000000000000000e+04 1.406564605553835350e-104
3.302400000000000000e+04 1.406564605553835350e-104
3.308800000000000000e+04 6.264936888847623433e-105
3.315200000000000000e+04 1.762890618748175874e-105
3.321600000000000000e+04 1.762890618748175874e-105
3.328000000000000000e+04 1.762890618748175874e-105
3.334400000000000000e+04 1.762890618748175874e-105
3.340800000000000000e+04 1.383195606590832578e-105
3.347200000000000000e+04 1.383195606590832578e-105
3.353600000000000000e+04 1.383195606590832578e-105
3.360000000000000000e+04 1.383195606590832578e-105
3.366400000000000000e+04 3.176242629169409620e-107
3.372800000000000000e+04 3.176242629169409620e-107
3.379200000000000000e+04 3.176242629169409620e-107
3.385600000000000000e+04 2.760807579401745418e-107
3.392000000000000000e+04 2.760807579401745418e-107
3.398400000000000000e+04 2.760807579401745418e-107
3.404800000000000000e+04 4.051032211170234032e-108
3.411200000000000000e+04 4.051032211170234032e-108
3.417600000000000000e+04 4.051032211170234032e-108
3.424000000000000000e+04 2.532587101224781759e-108
3.430400000000000000e+04 1.165976233822863944e-108
3.436800000000000000e+04 1.052584246016027230e-108
3.443200000000000000e+04 8.919674850309944855e-109
3.449600000000000000e+04 8.919674850309944855e-109
3.456000000000000000e+04 2.402763744168381356e-109
3.462400000000000000e+04 3.514829122494942286e-110
3.468800000000000000e+04 3.514829122494942286e-110
3.475200000000000000e+04 3.514829122494942286e-110
3.481600000000000000e+04 6.510003342270287454e-112
3.488000000000000000e+04 6.510003342270287454e-112
3.494400000000000000e+04 6.510003342270287454e-112
3.500800000000000000e+04 6.510003342270287454e-112
3.507200000000000000e+04 6.510003342270287454e-112
3.513600000000000000e+04 6.510003342270287454e-112
3.520000000000000000e+04 5.691592765836668772e-112
3.526400000000000000e+04 1.961669895982921133e-112
3.532800000000000000e+04 1.961669895982921133e-112
3.539200000000000000e+04 1.961669895982921133e-112
3.545600000000000000e+04 1.961669895982921133e-112
3.552000000000000000e+04 1.172819315621915778e-112
3.558400000000000000e+04 4.057737628620072694e-113
3.564800000000000000e+04 4.057737628620072694e-113
3.571200000000000000e+04 4.079134988284824481e-114
3.577600000000000000e+04 4.079134988284824481e-114
3.584000000000000000e+04 4.079134988284824481e-114
3.590400000000000000e+04 4.079134988284824481e-114
3.596800000000000000e+04 4.079134988284824481e-114
3.603200000000000000e+04 3.316969095475159435e-116
3.609600000000000000e+04 3.316969095475159435e-116
3.616000000000000000e+04 3.316969095475159435e-116
3.622400000000000000e+04 3.316969095475159435e-116
3.628800000000000000e+04 3.316969095475159435e-116
3.635200000000000000e+04 3.316969095475159435e-116
3.641600000000000000e+04 1.804840599236905984e-116
3.648000000000000000e+04 9.266545851982924138e-117
3.654400000000000000e+04 9.266545851982924138e-117
3.660800000000000000e+04 9.266545851982924138e-117
3.667200000000000000e+04 2.763844910753201906e-117
3.673600000000000000e+04 2.763844910753201906e-117
3.680000000000000000e+04 2.763844910753201906e-117
3.686400000000000000e+04 3.109455178631524348e-118
3.692800000000000000e+04 3.109455178631524348e-118
3.699200000000000000e+04 3.109455178631524348e-118
3.705600000000000000e+04 3.109455178631524348e-118
3.712000000000000000e+04 3.109455178631524348e-118
3.718400000000000000e+04 3.109455178631524348e-118
3.724800000000000000e+04 7.314292435983674360e-119
3.731200000000000000e+04 1.190678731960152913e-119
3.737600000000000000e+04 1.190678731960152913e-119
3.744000000000000000e+04 1.190678731960152913e-119
3.750400000000000000e+04 3.514710388097500968e-120
3.756800000000000000e+04 3.514710388097500968e-120
3.763200000000000000e+04 1.287303094350356648e-120
3.769600000000000000e+04 1.287303094350356648e-120
3.776000000000000000e+04 1.287303094350356648e-120
3.782400000000000000e+04 8.915916313443577206e-121
3.788800000000000000e+04 8.915916313443577206e-121
3.795200000000000000e+04 4.408052217193412815e-122
3.801600000000000000e+04 4.408052217193412815e-122
3.808000000000000000e+04 2.041716167719420327e-122
3.814400000000000000e+04 1.144734613541650074e-122
3.820800000000000000e+04 1.144734613541650074e-122
3.827200000000000000e+04 2.182100826401895480e-123
3.833600000000000000e+04 2.182100826401895480e-123
3.840000000000000000e+04 2.182100826401895480e-123
3.846400000000000000e+04 2.182100826401895480e-123
3.852800000000000000e+04 1.587178525076103526e-123
3.859200000000000000e+04 1.587178525076103526e-123
3.865600000000000000e+04 1.587178525076103526e-123
3.872000000000000000e+04 1.587178525076103526e-123
3.878400000000000000e+04 3.119017537130264079e-124
3.884800000000000000e+04 1.256646110586842797e-124
3.891200000000000000e+04 1.256646110586842797e-124
3.897600000000000000e+04 1.256646110586842797e-124
3.904000000000000000e+04 2.163364396829426927e-125
3.910400000000000000e+04 2.163364396829426927e-125
3.916800000000000000e+04 2.126238537502555264e-126
3.923200000000000000e+04 2.126238537502555264e-126
3.929600000000000000e+04 2.126238537502555264e-126
3.936000000000000000e+04 2.126238537502555264e-126
3.942400000000000000e+04 2.126238537502555264e-126
3.948800000000000000e+04 9.574540185951481173e-127
3.955200000000000000e+04 9.574540185951481173e-127
3.961600000000000000e+04 6.496162089509357685e-127
3.968000000000000000e+04 5.151427809940044336e-127
3.974400000000000000e+04 5.687970738622205762e-128
3.980800000000000000e+04 5.687970738622205762e-128
3.987200000000000000e+04 1.960336284279495914e-128
3.993600000000000000e+04 1.960336284279495914e-128
4.000000000000000000e+04 1.960336284279495914e-128
4.006400000000000000e+04 2.149180312349236365e-129
4.012800000000000000e+04 2.149180312349236365e-129
4.019200000000000000e+04 2.149180312349236365e-129
4.025600000000000000e+04 2.149180312349236365e-129
4.032000000000000000e+04 2.149180312349236365e-129
4.038400000000000000e+04 7.390846208987964458e-130
4.044800000000000000e+04 7.390846208987964458e-130
4.051200000000000000e+04 7.390846208987964458e-130
4.057600000000000000e+04 6.135864465305581545e-130
4.064000000000000000e+04 6.135864465305581545e-130
4.070400000000000000e+04 6.135864465305581545e-130
4.076800000000000000e+04 1.728820388588910152e-130
4.083200000000000000e+04 1.728820388588910152e-130
4.089600000000000000e+04 1.366583824777890644e-131
4.096000000000000000e+04 1.366583824777890644e-131
4.102400000000000000e+04 1.366583824777890644e-131
4.108800000000000000e+04 9.444814901353871051e-132
4.115200000000000000e+04 9.444814901353871051e-132
4.121600000000000000e+04 9.444814901353871051e-132
4.128000000000000000e+04 3.600416466534986696e-132
4.134400000000000000e+04 2.268321620348174712e-132
4.140800000000000000e+04 2.268321620348174712e-132
4.147200000000000000e+04 1.891856841382989100e-132
4.153600000000000000e+04 1.316751445112039786e-134
4.160000000000000000e+04 1.316751445112039786e-134
4.166400000000000000e+04 1.316751445112039786e-134
4.172800000000000000e+04 1.316751445112039786e-134
4.179200000000000000e+04 1.316751445112039786e-134
4.185600000000000000e+04 1.316751445112039786e-134
4.192000000000000000e+04 1.316751445112039786e-134
4.198400000000000000e+04 1.316751445112039786e-134
4.204800000000000000e+04 1.316751445112039786e-134
4.211200000000000000e+04 1.316751445112039786e-134
4.217600000000000000e+04 1.234231830315439645e-134
4.224000000000000000e+04 1.234231830315439645e-134
4.230400000000000000e+04 1.051882445860778905e-134
4.236800000000000000e+04 4.115999745112809353e-135
4.243200000000000000e+04 8.425392467380316839e-136
4.249600000000000000e+04 7.565724207928570548e-136
4.256000000000000000e+04 7.565724207928570548e-136
4.262400000000000000e+04 4.722220202545421661e-136
4.268800000000000000e+04 4.722220202545421661e-136
4.275200000000000000e+04 1.954263625935811299e-136
4.281600000000000000e+04 7.924039389411948210e-137
4.288000000000000000e+04 5.109372868785964838e-137
4.294400000000000000e+04 5.109372868785964838e-137
4.300800000000000000e+04 5.109372868785964838e-137
4.307200000000000000e+04 2.658334667339666233e-137
4.313600000000000000e+04 2.658334667339666233e-137
4.320000000000000000e+04 2.658334667339666233e-137
4.326400000000000000e+04 8.929254424586112721e-138
4.332800000000000000e+04 8.929254424586112721e-138
4.339200000000000000e+04 6.744851750050167340e-140
4.345600000000000000e+04 6.744851750050167340e-140
4.352000000000000000e+04 6.744851750050167340e-140
4.358400000000000000e+04 6.744851750050167340e-140
4.364800000000000000e+04 6.744851750050167340e-140
4.371200000000000000e+04 6.744851750050167340e-140
4.377600000000000000e+04 6.744851750050167340e-140
4.384000000000000000e+04 6.744851750050167340e-140
4.390400000000000000e+04 6.744851750050167340e-140
4.396800000000000000e+04 6.744851750050167340e-140
4.403200000000000000e+04 6.744851750050167340e-140
4.409600000000000000e+04 4.362292471402036316e-140
4.416000000000000000e+04 2.137568410166766547e-140
4.422400000000000000e+04 1.110392348582445236e-140
4.428800000000000000e+04 6.154745592345631121e-141
4.435200000000000000e+04 6.154745592345631121e-141
4.441600000000000000e+04 2.711154616245010325e-141
4.448000000000000000e+04 1.596851320710220788e-142
4.454400000000000000e+04 1.596851320710220788e-142
4.460800000000000000e+04 1.596851320710220788e-142
4.467200000000000000e+04 1.596851320710220788e-142
4.473600000000000000e+04 1.596851320710220788e-142
4.480000000000000000e+04 1.596851320710220788e-142
4.486400000000000000e+04 1.596851320710220788e-142
4.492800000000000000e+04 6.333290092836979486e-143
4.499200000000000000e+04 6.333290092836979486e-143
4.505600000000000000e+04 6.333290092836979486e-143
4.512000000000000000e+04 6.333290092836979486e-143
4.518400000000000000e+04 1.273559307706932950e-143
4.524800000000000000e+04 1.273559307706932950e-143
4.531200000000000000e+04 1.273559307706932950e-143
4.537600000000000000e+04 1.273559307706932950e-143
4.544000000000000000e+04 4.084387749034319120e-144
4.550400000000000000e+04 4.084387749034319120e-144
4.556800000000000000e+04 2.083742831215971335e-144
4.563200000000000000e+04 2.083742831215971335e-144
4.569600000000000000e+04 4.694979304669658008e-145
4.576000000000000000e+04 4.694979304669658008e-145
4.582400000000000000e+04 2.787535820814120677e-145
4.588800000000000000e+04 2.787535820814120677e-145
4.595200000000000000e+04 2.182739368104429136e-146
4.601600000000000000e+04 2.182739368104429136e-146
4.608000000000000000e+04 2.182739368104429136e-146
4.614400000000000000e+04 2.182739368104429136e-146
4.620800000000000000e+04 2.182739368104429136e-146
4.627200000000000000e+04 2.032672149104771186e-146
4.633600000000000000e+04 1.273477440011035620e-146
4.640000000000000000e+04 1.196007522991667939e-146
4.646400000000000000e+04 6.017418281833835057e-147
4.652800000000000000e+04 6.008429394399134576e-147
4.659200000000000000e+04 1.465225390376064154e-147
4.665600000000000000e+04 1.066975889949839202e-147
4.672000000000000000e+04 1.066975889949839202e-147
4.678400000000000000e+04 3.664090413658493616e-149
4.684800000000000000e+04 3.664090413658493616e-149
4.691200000000000000e+04 3.664090413658493616e-149
4.697600000000000000e+04 3.664090413658493616e-149
4.704000000000000000e+04 3.664090413658493616e-149
4.710400000000000000e+04 3.664090413658493616e-149
4.716800000000000000e+04 3.886130023341631922e-150
4.723200000000000000e+04 3.886130023341631922e-150
4.729600000000000000e+04 3.886130023341631922e-150
4.736000000000000000e+04 3.886130023341631922e-150
4.742400000000000000e+04 3.886130023341631922e-150
4.748800000000000000e+04 1.388095908884781155e-150
4.755200000000000000e+04 1.388095908884781155e-150
4.761600000000000000e+04 1.388095908884781155e-150
4.768000000000000000e+04 1.388095908884781155e-150
4.774400000000000000e+04 6.311015521928957863e-152
4.780800000000000000e+04 5.383560225989000322e-152
4.787200000000000000e+04 5.383560225989000322e-152
4.793600000000000000e+04 5.383560225989000322e-152
4.800000000000000000e+04 3.681929681559237091e-152
4.806400000000000000e+04 3.681929681559237091e-152
4.812800000000000000e+04 3.681929681559237091e-152
4.819200000000000000e+04 3.458249852224401888e-152
4.825600000000000000e+04 3.458249852224401888e-152
4.832000000000000000e+04 1.174120119898634308e-152
4.838400000000000000e+04 1.184708259400592981e-153
4.844800000000000000e+04 1.184708259400592981e-153
4.851200000000000000e+04 1.184708259400592981e-153
4.857600000000000000e+04 6.078140088264721306e-154
4.864000000000000000e+04 4.592230749328072149e-154
4.870400000000000000e+04 4.592230749328072149e-154
4.876800000000000000e+04 4.592230749328072149e-154
4.883200000000000000e+04 4.357447780370782107e-154
4.889600000000000000e+04 4.357447780370782107e-154
4.896000000000000000e+04 5.553418584583028459e-155
4.902400000000000000e+04 2.365815756440293396e-155
4.908800000000000000e+04 2.365815756440293396e-155
4.915200000000000000e+04 2.365815756440293396e-155
4.921600000000000000e+04 1.293288548200958943e-155
4.928000000000000000e+04 9.298086302286639338e-156
4.934400000000000000e+04 2.618361875600391578e-156
4.940800000000000000e+04 2.401982767105850599e-156
4.947200000000000000e+04 1.244709434177179129e-156
4.953600000000000000e+04 1.244709434177179129e-156
4.960000000000000000e+04 1.181190277703537415e-156
4.966400000000000000e+04 3.033321284611369498e-157
4.972800000000000000e+04 1.797069645196266846e-158
4.979200000000000000e+04 1.797069645196266846e-158
4.985600000000000000e+04 1.797069645196266846e-158
4.992000000000000000e+04 1.797069645196266846e-158
4.998400000000000000e+04 1.797069645196266846e-158
5.004800000000000000e+04 1.797069645196266846e-158
5.011200000000000000e+04 1.797069645196266846e-158
5.017600000000000000e+04 1.797069645196266846e-158
5.024000000000000000e+04 1.230424610022427199e-158
5.030400000000000000e+04 1.230424610022427199e-158
5.036800000000000000e+04 1.230424610022427199e-158
5.043200000000000000e+04 2.892679278174376420e-159
5.049600000000000000e+04 2.892679278174376420e-159
5.056000000000000000e+04 3.616843814137003239e-160
5.062400000000000000e+04 3.616843814137003239e-160
5.068800000000000000e+04 1.626609672338325744e-160
5.075200000000000000e+04 1.626609672338325744e-160
5.081600000000000000e+04 1.626609672338325744e-160
5.088000000000000000e+04 1.626609672338325744e-160
5.094400000000000000e+04 3.331975391733405192e-162
5.100800000000000000e+04 3.331975391733405192e-162
5.107200000000000000e+04 3.331975391733405192e-162
5.113600000000000000e+04 3.331975391733405192e-162
5.120000000000000000e+04 3.331975391733405192e-162
5.126400000000000000e+04 5.426174277760340729e-163
5.132800000000000000e+04 5.426174277760340729e-163
5.139200000000000000e+04 5.426174277760340729e-163
5.145600000000000000e+04 5.426174277760340729e-163
5.152000000000000000e+04 5.426174277760340729e-163
5.158400000000000000e+04 5.426174277760340729e-163
5.164800000000000000e+04 5.426174277760340729e-163
5.171200000000000000e+04 1.759192239202946156e-163
5.177600000000000000e+04 2.668575869193100241e-164
5.184000000000000000e+04 1.102566383566399860e-164
5.190400000000000000e+04 1.102566383566399860e-164
5.196800000000000000e+04 6.988197026644764145e-165
5.203200000000000000e+04 6.988197026644764145e-165
5.209600000000000000e+04 6.988197026644764145e-165
5.216000000000000000e+04 6.988197026644764145e-165
5.222400000000000000e+04 6.988197026644764145e-165
5.228800000000000000e+04 6.988197026644764145e-165
5.235200000000000000e+04 6.526404511914997491e-166
5.241600000000000000e+04 1.683451642817168473e-166
5.248000000000000000e+04 1.124008452304148330e-166
5.254400000000000000e+04 1.124008452304148330e-166
5.260800000000000000e+04 1.914580497718669015e-167
5.267200000000000000e+04 1.914580497718669015e-167
5.273600000000000000e+04 1.914580497718669015e-167
5.280000000000000000e+04 1.914580497718669015e-167
5.286400000000000000e+04 1.914580497718669015e-167
5.292800000000000000e+04 1.914580497718669015e-167
5.299200000000000000e+04 1.499012448040321604e-167
5.305600000000000000e+04 3.506461729364523460e-168
5.312000000000000000e+04 3.506461729364523460e-168
5.318400000000000000e+04 3.506461729364523460e-168
5.324800000000000000e+04 1.123210870319114861e-168
5.331200000000000000e+04 1.807519984329752795e-169
5.337600000000000000e+04 1.807519984329752795e-169
5.344000000000000000e+04 1.028013408226199958e-169
5.350400000000000000e+04 1.028013408226199958e-169
5.356800000000000000e+04 1.028013408226199958e-169
5.363200000000000000e+04 1.028013408226199958e-169
5.369600000000000000e+04 1.028013408226199958e-169
5.376000000000000000e+04 1.028013408226199958e-169
5.382400000000000000e+04 1.423965526454854593e-170
5.388800000000000000e+04 9.714909260932365051e-171
5.395200000000000000e+04 1.679607214524456656e-171
5.401600000000000000e+04 2.127669989803606970e-172
5.408000000000000000e+04 2.127669989803606970e-172
5.414400000000000000e+04 2.127669989803606970e-172
5.420800000000000000e+04 2.127669989803606970e-172
5.427200000000000000e+04 2.127669989803606970e-172
5.433600000000000000e+04 1.207468617050622783e-172
5.440000000000000000e+04 7.837464301791157010e-174
5.446400000000000000e+04 7.837464301791157010e-174
5.452800000000000000e+04 7.837464301791157010e-174
5.459200000000000000e+04 7.837464301791157010e-174
5.465600000000000000e+04 7.837464301791157010e-174
5.472000000000000000e+04 7.837464301791157010e-174
5.478400000000000000e+04 5.671889180881517639e-174
5.484800000000000000e+04 4.660575040138658772e-176
5.491200000000000000e+04 4.660575040138658772e-176
5.497600000000000000e+04 4.660575040138658772e-176
5.504000000000000000e+04 4.660575040138658772e-176
5.510400000000000000e+04 4.660575040138658772e-176
5.516800000000000000e+04 4.660575040138658772e-176
5.523200000000000000e+04 4.660575040138658772e-176
5.529600000000000000e+04 4.660575040138658772e-176
5.536000000000000000e+04 4.660575040138658772e-176
5.542400000000000000e+04 3.689464264097711143e-176
5.548800000000000000e+04 1.495264834389319783e-176
5.555200000000000000e+04 1.197949087062614015e-176
5.561600000000000000e+04 1.197949087062614015e-176
5.568000000000000000e+04 7.840172998120175609e-177
5.574400000000000000e+04 4.505470985034608615e-177
5.580800000000000000e+04 4.505470985034608615e-177
5.587200000000000000e+04 4.472230320137004794e-177
5.593600000000000000e+04 4.472230320137004794e-177
5.600000000000000000e+04 4.315802140595425977e-178
5.606400000000000000e+04 4.315802140595425977e-178
5.612800000000000000e+04 1.608708120373814610e-178
5.619200000000000000e+04 1.608708120373814610e-178
5.625600000000000000e+04 1.608708120373814610e-178
5.632000000000000000e+04 1.608708120373814610e-178
5.638400000000000000e+04 1.132552455335205660e-178
5.644800000000000000e+04 1.132552455335205660e-178
5.651200000000000000e+04 1.132552455335205660e-178
5.657600000000000000e+04 4.666745666353657559e-179
5.664000000000000000e+04 1.788313897677619342e-179
5.670400000000000000e+04 1.788313897677619342e-179
5.676800000000000000e+04 1.788313897677619342e-179
5.683200000000000000e+04 1.337221475226940284e-180
5.689600000000000000e+04 1.337221475226940284e-180
5.696000000000000000e+04 1.337221475226940284e-180
5.702400000000000000e+04 1.337221475226940284e-180
5.708800000000000000e+04 4.507102377722910433e-181
5.715200000000000000e+04 1.344353659805467385e-181
5.721600000000000000e+04 1.344353659805467385e-181
5.728000000000000000e+04 1.344353659805467385e-181
5.734400000000000000e+04 4.910078140064549471e-182
5.740800000000000000e+04 4.910078140064549471e-182
5.747200000000000000e+04 4.910078140064549471e-182
5.753600000000000000e+04 4.910078140064549471e-182
5.760000000000000000e+04 5.474114031314039107e-183
5.766400000000000000e+04 5.474114031314039107e-183
5.772800000000000000e+04 5.474114031314039107e-183
5.779200000000000000e+04 5.474114031314039107e-183
5.785600000000000000e+04 1.730660586468608596e-183
5.792000000000000000e+04 1.730660586468608596e-183
5.798400000000000000e+04 9.974755547522007917e-184
5.804800000000000000e+04 1.977497498774777539e-184
5.811200000000000000e+04 1.977497498774777539e-184
5.817600000000000000e+04 1.977497498774777539e-184
5.824000000000000000e+04 1.977497498774777539e-184
5.830400000000000000e+04 1.403875529419204018e-184
5.836800000000000000e+04 1.403875529419204018e-184
5.843200000000000000e+04 9.407169461784601091e-185
5.849600000000000000e+04 4.809258626195371331e-185
5.856000000000000000e+04 2.956294587684059229e-185
5.862400000000000000e+04 2.198228812273516047e-186
5.868800000000000000e+04 2.198228812273516047e-186
5.875200000000000000e+04 2.198228812273516047e-186
5.881600000000000000e+04 2.198228812273516047e-186
5.888000000000000000e+04 2.198228812273516047e-186
5.894400000000000000e+04 2.198228812273516047e-186
5.900800000000000000e+04 1.573439981447193754e-186
5.907200000000000000e+04 2.885831605249710140e-189
5.913600000000000000e+04 2.885831605249710140e-189
5.920000000000000000e+04 2.885831605249710140e-189
5.926400000000000000e+04 2.885831605249710140e-189
5.932800000000000000e+04 2.885831605249710140e-189
5.939200000000000000e+04 2.885831605249710140e-189
5.945600000000000000e+04 2.885831605249710140e-189
5.952000000000000000e+04 2.885831605249710140e-189
5.958400000000000000e+04 2.885831605249710140e-189
5.964800000000000000e+04 2.025665215741761404e-189
5.971200000000000000e+04 2.025665215741761404e-189
5.977600000000000000e+04 1.665207513935433672e-189
5.984000000000000000e+04 1.665207513935433672e-189
5.990400000000000000e+04 1.665207513935433672e-189
5.996800000000000000e+04 1.665207513935433672e-189
6.003200000000000000e+04 2.797300657162065801e-190
6.009600000000000000e+04 2.797300657162065801e-190
6.016000000000000000e+04 2.689796408270912897e-190
6.022400000000000000e+04 1.830507158169535141e-190
6.028800000000000000e+04 1.732665637467484133e-190
6.035200000000000000e+04 1.469033530684563814e-190
6.041600000000000000e+04 1.847159240203501975e-191
6.048000000000000000e+04 1.847159240203501975e-191
6.054400000000000000e+04 1.847159240203501975e-191
6.060800000000000000e+04 1.047087814656582534e-191
6.067200000000000000e+04 1.047087814656582534e-191
6.073600000000000000e+04 1.047087814656582534e-191
6.080000000000000000e+04 2.075841238499635866e-192
6.086400000000000000e+04 2.075841238499635866e-192
6.092800000000000000e+04 6.185365585519933680e-193
6.099200000000000000e+04 6.185365585519933680e-193
6.105600000000000000e+04 5.902880706703982256e-193
6.112000000000000000e+04 5.902880706703982256e-193
6.118400000000000000e+04 3.447783713014661055e-194
6.124800000000000000e+04 3.447783713014661055e-194
6.131200000000000000e+04 3.447783713014661055e-194
6.137600000000000000e+04 3.447783713014661055e-194
6.144000000000000000e+04 3.034662412500361353e-194
6.150400000000000000e+04 2.501253070213932612e-194
6.156800000000000000e+04 4.548940570645506124e-195
6.163200000000000000e+04 4.548940570645506124e-195
6.169600000000000000e+04 3.024767890150597066e-196
6.176000000000000000e+04 3.024767890150597066e-196
6.182400000000000000e+04 3.024767890150597066e-196
6.188800000000000000e+04 3.024767890150597066e-196
6.195200000000000000e+04 3.024767890150597066e-196
6.201600000000000000e+04 3.024767890150597066e-196
6.208000000000000000e+04 2.027978853983063207e-196
6.214400000000000000e+04 8.512682522599203503e-197
6.220800000000000000e+04 8.512682522599203503e-197
6.227200000000000000e+04 8.512682522599203503e-197
6.233600000000000000e+04 5.733628008617886145e-197
6.240000000000000000e+04 3.671359024742064996e-197
6.246400000000000000e+04 9.945501376257543394e-198
6.252800000000000000e+04 2.853848129165728171e-198
6.259200000000000000e+04 2.853848129165728171e-198
6.265600000000000000e+04 1.540255914387899253e-198
6.272000000000000000e+04 1.540255914387899253e-198
6.278400000000000000e+04 2.337231304569958850e-199
6.284800000000000000e+04 2.337231304569958850e-199
6.291200000000000000e+04 2.337231304569958850e-199
6.297600000000000000e+04 7.122284542563610965e-200
6.304000000000000000e+04 2.854315039955311867e-200
6.310400000000000000e+04 9.590035866505949479e-201
6.316800000000000000e+04 9.590035866505949479e-201
6.323200000000000000e+04 8.562213866204131103e-201
6.329600000000000000e+04 8.562213866204131103e-201
6.336000000000000000e+04 8.562213866204131103e-201
6.342400000000000000e+04 8.562213866204131103e-201
6.348800000000000000e+04 7.636173204203278709e-201
6.355200000000000000e+04 3.104353301506141993e-201
6.361600000000000000e+04 1.098281881146572702e-203
6.368000000000000000e+04 1.098281881146572702e-203
6.374400000000000000e+04 1.098281881146572702e-203
6.380800000000000000e+04 1.098281881146572702e-203
6.387200000000000000e+04 1.098281881146572702e-203
6.393600000000000000e+04 1.098281881146572702e-203
6.400000000000000000e+04 1.098281881146572702e-203
6.406400000000000000e+04 1.098281881146572702e-203
6.412800000000000000e+04 9.715433997863007606e-204
6.419200000000000000e+04 9.715433997863007606e-204
6.425600000000000000e+04 9.715433997863007606e-204
6.432000000000000000e+04 9.302659393162736928e-205
6.438400000000000000e+04 9.302659393162736928e-205
6.444800000000000000e+04 9.302659393162736928e-205
6.451200000000000000e+04 9.302659393162736928e-205
6.457600000000000000e+04 9.302659393162736928e-205
6.464000000000000000e+04 5.611124604593692443e-205
6.470400000000000000e+04 5.003178169971901633e-205
6.476800000000000000e+04 5.003178169971901633e-205
6.483200000000000000e+04 5.003178169971901633e-205
6.489600000000000000e+04 3.296856480159493091e-205
6.496000000000000000e+04 2.421532165530801902e-205
6.502400000000000000e+04 2.421532165530801902e-205
6.508800000000000000e+04 1.675147771686261098e-205
6.515200000000000000e+04 9.577571003251744688e-206
6.521600000000000000e+04 5.490351495711002965e-206
6.528000000000000000e+04 1.206822988242773935e-207
6.534400000000000000e+04 1.206822988242773935e-207
6.540800000000000000e+04 1.206822988242773935e-207
6.547200000000000000e+04 1.206822988242773935e-207
6.553600000000000000e+04 1.001481244022476015e-207
6.560000000000000000e+04 7.049779821870501308e-209
6.566400000000000000e+04 7.049779821870501308e-209
6.572800000000000000e+04 5.010873341367797324e-209
6.579200000000000000e+04 5.010873341367797324e-209
6.585600000000000000e+04 5.010873341367797324e-209
6.592000000000000000e+04 5.010873341367797324e-209
6.598400000000000000e+04 4.725156562178602122e-209
6.604800000000000000e+04 2.166189613767161117e-209
6.611200000000000000e+04 2.166189613767161117e-209
6.617600000000000000e+04 2.166189613767161117e-209
6.624000000000000000e+04 1.721166774066069911e-209
6.630400000000000000e+04 2.206943368053451565e-210
6.636800000000000000e+04 1.001521997174585332e-210
6.643200000000000000e+04 1.949641664948289813e-211
6.649600000000000000e+04 1.949641664948289813e-211
6.656000000000000000e+04 1.949641664948289813e-211
6.662400000000000000e+04 7.437405995183778047e-212
6.668800000000000000e+04 2.280635756608099551e-212
6.675200000000000000e+04 2.280635756608099551e-212
6.681600000000000000e+04 2.091370551197746033e-212
6.688000000000000000e+04 2.091370551197746033e-212
6.694400000000000000e+04 2.091370551197746033e-212
6.700800000000000000e+04 1.922301876803470252e-212
6.707200000000000000e+04 1.102741549759170455e-212
6.713600000000000000e+04 5.393499953115442221e-213
6.720000000000000000e+04 6.373617458586481890e-215
6.726400000000000000e+04 6.373617458586481890e-215
6.732800000000000000e+04 6.373617458586481890e-215
6.739200000000000000e+04 6.373617458586481890e-215
6.745600000000000000e+04 6.373617458586481890e-215
6.752000000000000000e+04 6.373617458586481890e-215
6.758400000000000000e+04 4.450728955228062640e-215
6.764800000000000000e+04 4.450728955228062640e-215
6.771200000000000000e+04 4.450728955228062640e-215
6.777600000000000000e+04 2.937320411764535049e-215
6.784000000000000000e+04 8.510676955092446933e-216
6.790400000000000000e+04 8.510676955092446933e-216
6.796800000000000000e+04 8.510676955092446933e-216
6.803200000000000000e+04 3.565911140728612300e-216
6.809600000000000000e+04 3.018635947921386412e-216
6.816000000000000000e+04 2.977430892914691990e-216
6.822400000000000000e+04 2.977430892914691990e-216
6.828800000000000000e+04 2.153547111193868871e-216
6.835200000000000000e+04 7.859836862075138914e-217
6.841600000000000000e+04 7.597365847418277312e-218
6.848000000000000000e+04 7.597365847418277312e-218
6.854400000000000000e+04 7.597365847418277312e-218
6.860800000000000000e+04 7.597365847418277312e-218
6.867200000000000000e+04 7.597365847418277312e-218
6.873600000000000000e+04 5.852837717241376012e-218
6.880000000000000000e+04 2.271209498616438151e-218
6.886400000000000000e+04 2.090123976383985830e-219
6.892800000000000000e+04 2.090123976383985830e-219
6.899200000000000000e+04 2.090123976383985830e-219
6.905600000000000000e+04 2.090123976383985830e-219
6.912000000000000000e+04 1.950826038643033035e-221
6.918400000000000000e+04 1.950826038643033035e-221
6.924800000000000000e+04 4.842978570800647414e-222
6.931200000000000000e+04 4.842978570800647414e-222
6.937600000000000000e+04 4.842978570800647414e-222
6.944000000000000000e+04 4.842978570800647414e-222
6.950400000000000000e+04 4.842978570800647414e-222
6.956800000000000000e+04 4.842978570800647414e-222
6.963200000000000000e+04 4.842978570800647414e-222
6.969600000000000000e+04 4.842978570800647414e-222
6.976000000000000000e+04 4.842978570800647414e-222
6.982400000000000000e+04 2.374350656489870880e-222
6.988800000000000000e+04 2.374350656489870880e-222
6.995200000000000000e+04 2.374350656489870880e-222
7.001600000000000000e+04 2.555853309113097364e-223
7.008000000000000000e+04 2.555853309113097364e-223
7.014400000000000000e+04 2.555853309113097364e-223
7.020800000000000000e+04 2.555853309113097364e-223
7.027200000000000000e+04 2.555853309113097364e-223
7.033600000000000000e+04 2.555853309113097364e-223
7.040000000000000000e+04 1.123739727470297041e-223
7.046400000000000000e+04 1.123739727470297041e-223
7.052800000000000000e+04 2.418970648165103302e-224
7.059200000000000000e+04 2.418970648165103302e-224
7.065600000000000000e+04 2.418970648165103302e-224
7.072000000000000000e+04 6.678667440605539755e-225
7.078400000000000000e+04 6.678667440605539755e-225
7.084800000000000000e+04 4.846080604493311821e-225
7.091200000000000000e+04 9.019354698395570632e-226
7.097600000000000000e+04 5.884952931189839694e-226
7.104000000000000000e+04 5.884952931189839694e-226
7.110400000000000000e+04 1.012252311521055317e-226
7.116800000000000000e+04 1.012252311521055317e-226
7.123200000000000000e+04 1.012252311521055317e-226
7.129600000000000000e+04 1.012252311521055317e-226
7.136000000000000000e+04 1.012252311521055317e-226
7.142400000000000000e+04 4.910283189910680797e-228
7.148800000000000000e+04 4.910283189910680797e-228
7.155200000000000000e+04 4.910283189910680797e-228
7.161600000000000000e+04 4.910283189910680797e-228
7.168000000000000000e+04 4.910283189910680797e-228
7.174400000000000000e+04 4.910283189910680797e-228
7.180800000000000000e+04 4.910283189910680797e-228
7.187200000000000000e+04 4.910283189910680797e-228
7.193600000000000000e+04 1.587346101092045006e-228
7.200000000000000000e+04 1.587346101092045006e-228
7.206400000000000000e+04 2.073354817641963045e-229
7.212800000000000000e+04 1.945594308072082921e-229
7.219200000000000000e+04 1.386336389200094511e-230
7.225600000000000000e+04 1.386336389200094511e-230
7.232000000000000000e+04 1.386336389200094511e-230
7.238400000000000000e+04 1.386336389200094511e-230
7.244800000000000000e+04 1.386336389200094511e-230
7.251200000000000000e+04 1.386336389200094511e-230
7.257600000000000000e+04 1.386336389200094511e-230
7.264000000000000000e+04 1.384574494402737328e-231
7.270400000000000000e+04 1.384574494402737328e-231
7.276800000000000000e+04 1.384574494402737328e-231
7.283200000000000000e+04 1.384574494402737328e-231
7.289600000000000000e+04 1.384574494402737328e-231
7.296000000000000000e+04 1.384574494402737328e-231
7.302400000000000000e+04 1.384574494402737328e-231
7.308800000000000000e+04 1.103435285786321852e-231
7.315200000000000000e+04 1.099204348062369234e-231
7.321600000000000000e+04 1.099204348062369234e-231
7.328000000000000000e+04 1.099204348062369234e-231
7.334400000000000000e+04 1.997832096447861439e-232
7.340800000000000000e+04 1.997832096447861439e-232
7.347200000000000000e+04 1.997832096447861439e-232
7.353600000000000000e+04 1.645611939720011339e-232
7.360000000000000000e+04 1.554195527205704389e-232
7.366400000000000000e+04 4.696898747459990222e-233
7.372800000000000000e+04 6.406620587544099591e-234
7.379200000000000000e+04 4.252002739259676707e-234
7.385600000000000000e+04 4.252002739259676707e-234
7.392000000000000000e+04 4.252002739259676707e-234
7.398400000000000000e+04 8.382924227714233159e-235
7.404800000000000000e+04 8.382924227714233159e-235
7.411200000000000000e+04 8.382924227714233159e-235
7.417600000000000000e+04 8.382924227714233159e-235
7.424000000000000000e+04 2.743196690180406052e-236
7.430400000000000000e+04 2.743196690180406052e-236
7.436800000000000000e+04 2.743196690180406052e-236
7.443200000000000000e+04 2.743196690180406052e-236
7.449600000000000000e+04 2.743196690180406052e-236
7.456000000000000000e+04 1.095346956511377954e-236
7.462400000000000000e+04 1.095346956511377954e-236
7.468800000000000000e+04 6.971274758227234407e-237
7.475200000000000000e+04 6.971274758227234407e-237
7.481600000000000000e+04 6.964025291277501429e-237
7.488000000000000000e+04 6.109270445530870266e-237
7.494400000000000000e+04 6.109270445530870266e-237
7.500800000000000000e+04 1.927232184833810839e-237
7.507200000000000000e+04 1.927232184833810839e-237
7.513600000000000000e+04 1.927232184833810839e-237
7.520000000000000000e+04 1.343896160633576797e-237
7.526400000000000000e+04 1.233190944131634584e-238
7.532800000000000000e+04 1.233190944131634584e-238
7.539200000000000000e+04 9.302040389939233362e-239
7.545600000000000000e+04 9.302040389939233362e-239
7.552000000000000000e+04 9.302040389939233362e-239
7.558400000000000000e+04 5.756242718311462833e-239
7.564800000000000000e+04 8.485918574142231862e-240
7.571200000000000000e+04 4.942907834418502475e-240
7.577600000000000000e+04 4.942907834418502475e-240
7.584000000000000000e+04 3.720051257515757232e-241
7.590400000000000000e+04 3.720051257515757232e-241
7.596800000000000000e+04 3.720051257515757232e-241
7.603200000000000000e+04 3.720051257515757232e-241
7.609600000000000000e+04 8.599382042021273348e-242
7.616000000000000000e+04 7.579703988579758993e-242
7.622400000000000000e+04 7.579703988579758993e-242
7.628800000000000000e+04 7.579703988579758993e-242
7.635200000000000000e+04 2.459045874745976523e-242
7.641600000000000000e+04 2.459045874745976523e-242
7.648000000000000000e+04 2.459045874745976523e-242
7.654400000000000000e+04 2.017586325818942660e-243
7.660800000000000000e+04 2.017586325818942660e-243
7.667200000000000000e+04 2.017586325818942660e-243
7.673600000000000000e+04 2.017586325818942660e-243
7.680000000000000000e+04 2.017586325818942660e-243
7.686400000000000000e+04 2.017586325818942660e-243
7.692800000000000000e+04 3.589323771915716603e-244
7.699200000000000000e+04 3.589323771915716603e-244
7.705600000000000000e+04 3.589323771915716603e-244
7.712000000000000000e+04 6.216288020640631530e-246
7.718400000000000000e+04 6.216288020640631530e-246
7.724800000000000000e+04 6.216288020640631530e-246
7.731200000000000000e+04 6.216288020640631530e-246
7.737600000000000000e+04 6.216288020640631530e-246
7.744000000000000000e+04 6.216288020640631530e-246
7.750400000000000000e+04 6.216288020640631530e-246
7.756800000000000000e+04 1.615339684246968687e-246
7.763200000000000000e+04 1.615339684246968687e-246
7.769600000000000000e+04 1.615339684246968687e-246
7.776000000000000000e+04 9.279464805433245568e-247
7.782400000000000000e+04 9.279464805433245568e-247
7.788800000000000000e+04 9.279464805433245568e-247
7.795200000000000000e+04 9.279464805433245568e-247
7.801600000000000000e+04 5.585179435392005825e-248
7.808000000000000000e+04 5.585179435392005825e-248
7.814400000000000000e+04 5.585179435392005825e-248
7.820800000000000000e+04 5.585179435392005825e-248
7.827200000000000000e+04 5.585179435392005825e-248
7.833600000000000000e+04 1.191543769698140595e-248
7.840000000000000000e+04 7.853251204342005448e-249
7.846400000000000000e+04 7.853251204342005448e-249
7.852800000000000000e+04 7.853251204342005448e-249
7.859200000000000000e+04 1.549195100186319995e-249
7.865600000000000000e+04 1.549195100186319995e-249
7.872000000000000000e+04 1.549195100186319995e-249
7.878400000000000000e+04 2.273898010904428277e-250
7.884800000000000000e+04 2.273898010904428277e-250
7.891200000000000000e+04 2.273898010904428277e-250
7.897600000000000000e+04 2.273898010904428277e-250
7.904000000000000000e+04 1.142583184559742760e-250
7.910400000000000000e+04 1.007194986229163852e-250
7.916800000000000000e+04 1.007194986229163852e-250
7.923200000000000000e+04 8.262723463487694534e-251
7.929600000000000000e+04 8.262723463487694534e-251
7.936000000000000000e+04 3.224442295413917358e-251
7.942400000000000000e+04 3.224442295413917358e-251
7.948800000000000000e+04 1.680568779937574524e-253
7.955200000000000000e+04 1.680568779937574524e-253
7.961600000000000000e+04 1.680568779937574524e-253
7.968000000000000000e+04 1.680568779937574524e-253
7.974400000000000000e+04 1.680568779937574524e-253
7.980800000000000000e+04 1.680568779937574524e-253
7.987200000000000000e+04 1.680568779937574524e-253
7.993600000000000000e+04 1.680568779937574524e-253
8.000000000000000000e+04 1.680568779937574524e-253
8.006400000000000000e+04 1.680568779937574524e-253
8.012800000000000000e+04 1.680568779937574524e-253
8.019200000000000000e+04 4.586748414171882552e-254
8.025600000000000000e+04 4.586748414171882552e-254
8.032000000000000000e+04 4.586748414171882552e-254
8.038400000000000000e+04 7.541024829712342808e-255
8.044800000000000000e+04 7.541024829712342808e-255
8.051200000000000000e+04 7.541024829712342808e-255
8.057600000000000000e+04 7.541024829712342808e-255
8.064000000000000000e+04 7.541024829712342808e-255
8.070400000000000000e+04 3.032278757955197520e-256
8.076800000000000000e+04 3.032278757955197520e-256
8.083200000000000000e+04 3.032278757955197520e-256
8.089600000000000000e+04 3.032278757955197520e-256
8.096000000000000000e+04 3.032278757955197520e-256
8.102400000000000000e+04 3.032278757955197520e-256
8.108800000000000000e+04 1.141088367692942286e-256
8.115200000000000000e+04 1.141088367692942286e-256
8.121600000000000000e+04 1.141088367692942286e-256
8.128000000000000000e+04 1.141088367692942286e-256
8.134400000000000000e+04 6.638849022949542077e-257
8.140800000000000000e+04 4.401807431165223733e-258
8.147200000000000000e+04 4.401807431165223733e-258
8.153600000000000000e+04 4.401807431165223733e-258
8.160000000000000000e+04 4.401807431165223733e-258
8.166400000000000000e+04 4.401807431165223733e-258
8.172800000000000000e+04 3.481538612214333232e-258
8.179200000000000000e+04 8.758970643675590712e-259
8.185600000000000000e+04 1.659112753702003152e-259
8.192000000000000000e+04 1.659112753702003152e-259
8.198400000000000000e+04 1.659112753702003152e-259
8.204800000000000000e+04 1.296203752346770840e-260
8.211200000000000000e+04 1.296203752346770840e-260
8.217600000000000000e+04 1.296203752346770840e-260
8.224000000000000000e+04 1.296203752346770840e-260
8.230400000000000000e+04 1.296203752346770840e-260
8.236800000000000000e+04 3.177603585162697929e-261
8.243200000000000000e+04 3.177603585162697929e-261
8.249600000000000000e+04 3.177603585162697929e-261
8.256000000000000000e+04 3.177603585162697929e-261
8.262400000000000000e+04 3.726090374905479732e-262
8.268800000000000000e+04 3.726090374905479732e-262
8.275200000000000000e+04 3.726090374905479732e-262
8.281600000000000000e+04 3.726090374905479732e-262
8.288000000000000000e+04 3.726090374905479732e-262
8.294400000000000000e+04 3.726090374905479732e-262
8.300800000000000000e+04 3.726090374905479732e-262
8.307200000000000000e+04 3.726090374905479732e-262
8.313600000000000000e+04 3.726090374905479732e-262
8.320000000000000000e+04 1.975721597087155120e-262
8.326400000000000000e+04 7.946745635262454752e-263
8.332800000000000000e+04 7.946745635262454752e-263
8.339200000000000000e+04 7.946745635262454752e-263
8.345600000000000000e+04 7.946745635262454752e-263
8.352000000000000000e+04 5.847182295367482532e-263
8.358400000000000000e+04 5.847182295367482532e-263
8.364800000000000000e+04 1.721904445404018313e-264
8.371200000000000000e+04 1.721904445404018313e-264
8.377600000000000000e+04 1.665797701398139293e-264
8.384000000000000000e+04 1.400026038752743924e-264
8.390400000000000000e+04 1.400026038752743924e-264
8.396800000000000000e+04 1.400026038752743924e-264
8.403200000000000000e+04 1.061169255997272982e-264
8.409600000000000000e+04 5.539723993678428285e-266
8.416000000000000000e+04 3.124228133885035014e-266
8.422400000000000000e+04 3.124228133885035014e-266
8.428800000000000000e+04 3.124228133885035014e-266
8.435200000000000000e+04 3.124228133885035014e-266
8.441600000000000000e+04 2.834331641982086059e-266
8.448000000000000000e+04 2.834331641982086059e-266
8.454400000000000000e+04 1.404239901861314458e-266
8.460800000000000000e+04 1.972011825268056192e-267
8.467200000000000000e+04 1.972011825268056192e-267
8.473600000000000000e+04 1.151307166793787859e-267
8.480000000000000000e+04 1.151307166793787859e-267
8.486400000000000000e+04 6.402195434186377292e-268
8.492800000000000000e+04 1.643361728877711456e-268
8.499200000000000000e+04 3.904472577581263880e-269
8.505600000000000000e+04 3.904472577581263880e-269
8.512000000000000000e+04 3.904472577581263880e-269
8.518400000000000000e+04 3.904472577581263880e-269
8.524800000000000000e+04 3.904472577581263880e-269
8.531200000000000000e+04 2.621367607769660246e-269
8.537600000000000000e+04 3.834846651560990671e-270
8.544000000000000000e+04 3.834846651560990671e-270
8.550400000000000000e+04 2.143952024154111306e-270
8.556800000000000000e+04 2.143952024154111306e-270
8.563200000000000000e+04 1.311240686728695494e-270
8.569600000000000000e+04 8.758364600704618815e-272
8.576000000000000000e+04 8.758364600704618815e-272
8.582400000000000000e+04 8.758364600704618815e-272
8.588800000000000000e+04 8.758364600704618815e-272
8.595200000000000000e+04 8.758364600704618815e-272
8.601600000000000000e+04 7.063447788136307985e-272
8.608000000000000000e+04 3.389152946322173419e-272
8.614400000000000000e+04 3.389152946322173419e-272
8.620800000000000000e+04 3.389152946322173419e-272
8.627200000000000000e+04 1.548132589452094032e-272
8.633600000000000000e+04 1.548132589452094032e-272
8.640000000000000000e+04 6.104612529503444710e-274
8.646400000000000000e+04 6.104612529503444710e-274
8.652800000000000000e+04 1.688253162882027505e-275
8.659200000000000000e+04 1.688253162882027505e-275
8.665600000000000000e+04 1.688253162882027505e-275
8.672000000000000000e+04 1.688253162882027505e-275
8.678400000000000000e+04 1.688253162882027505e-275
8.684800000000000000e+04 1.688253162882027505e-275
8.691200000000000000e+04 8.683268986722303564e-276
8.697600000000000000e+04 8.683268986722303564e-276
8.704000000000000000e+04 8.683268986722303564e-276
8.710400000000000000e+04 8.683268986722303564e-276
8.716800000000000000e+04 8.683268986722303564e-276
8.723200000000000000e+04 8.683268986722303564e-276
8.729600000000000000e+04 6.250961521750047505e-277
8.736000000000000000e+04 6.250961521750047505e-277
8.742400000000000000e+04 6.250961521750047505e-277
8.748800000000000000e+04 6.119568560504752012e-277
8.755200000000000000e+04 2.039081101442582367e-277
8.761600000000000000e+04 2.039081101442582367e-277
8.768000000000000000e+04 2.039081101442582367e-277
8.774400000000000000e+04 2.039081101442582367e-277
8.780800000000000000e+04 1.790608019131633050e-277
8.787200000000000000e+04 2.180951888504733355e-278
8.793600000000000000e+04 2.180951888504733355e-278
8.800000000000000000e+04 2.180951888504733355e-278
8.806400000000000000e+04 1.405640000371569623e-278
8.812800000000000000e+04 7.107016814842192521e-279
8.819200000000000000e+04 1.255473864109450011e-279
8.825600000000000000e+04 1.514830664007875595e-280
8.832000000000000000e+04 1.514830664007875595e-280
8.838400000000000000e+04 2.600410108601725938e-281
8.844800000000000000e+04 3.456510439727301882e-282
8.851200000000000000e+04 3.456510439727301882e-282
8.857600000000000000e+04 3.456510439727301882e-282
8.864000000000000000e+04 3.456510439727301882e-282
8.870400000000000000e+04 3.456510439727301882e-282
8.876800000000000000e+04 3.456510439727301882e-282
8.883200000000000000e+04 3.456510439727301882e-282
8.889600000000000000e+04 3.456510439727301882e-282
8.896000000000000000e+04 3.456510439727301882e-282
8.902400000000000000e+04 3.456510439727301882e-282
8.908800000000000000e+04 3.505984696099584917e-283
8.915200000000000000e+04 3.505984696099584917e-283
8.921600000000000000e+04 1.477747386348944381e-283
8.928000000000000000e+04 1.312355703008203673e-283
8.934400000000000000e+04 1.312355703008203673e-283
8.940800000000000000e+04 1.312355703008203673e-283
8.947200000000000000e+04 1.312355703008203673e-283
8.953600000000000000e+04 1.384982085012797268e-284
8.960000000000000000e+04 1.384982085012797268e-284
8.966400000000000000e+04 1.384982085012797268e-284
8.972800000000000000e+04 1.384982085012797268e-284
8.979200000000000000e+04 1.384982085012797268e-284
8.985600000000000000e+04 6.519659344484366349e-285
8.992000000000000000e+04 6.150089304409090334e-285
8.998400000000000000e+04 8.405161839005318435e-286
9.004800000000000000e+04 5.930232457128887521e-286
9.011200000000000000e+04 5.930232457128887521e-286
9.017600000000000000e+04 3.699012017453483639e-286
9.024000000000000000e+04 3.699012017453483639e-286
9.030400000000000000e+04 3.274593345824085639e-287
9.036800000000000000e+04 2.815748348436618040e-287
9.043200000000000000e+04 2.815748348436618040e-287
9.049600000000000000e+04 2.345601194429827991e-288
9.056000000000000000e+04 2.345601194429827991e-288
9.062400000000000000e+04 2.345601194429827991e-288
9.068800000000000000e+04 2.345601194429827991e-288
9.075200000000000000e+04 2.345601194429827991e-288
9.081600000000000000e+04 2.345601194429827991e-288
9.088000000000000000e+04 3.526722605783075717e-289
9.094400000000000000e+04 3.526722605783075717e-289
9.100800000000000000e+04 3.526722605783075717e-289
9.107200000000000000e+04 3.526722605783075717e-289
9.113600000000000000e+04 3.526722605783075717e-289
9.120000000000000000e+04 3.526722605783075717e-289
9.126400000000000000e+04 8.239556089982519937e-291
9.132800000000000000e+04 8.239556089982519937e-291
9.139200000000000000e+04 8.239556089982519937e-291
9.145600000000000000e+04 4.132813233334481727e-291
9.152000000000000000e+04 4.132813233334481727e-291
9.158400000000000000e+04 1.741752207917681597e-291
9.164800000000000000e+04 1.741752207917681597e-291
9.171200000000000000e+04 1.741752207917681597e-291
9.177600000000000000e+04 1.741752207917681597e-291
9.184000000000000000e+04 1.741752207917681597e-291
9.190400000000000000e+04 1.741752207917681597e-291
9.196800000000000000e+04 1.741752207917681597e-291
9.203200000000000000e+04 1.687889079715060110e-291
9.209600000000000000e+04 7.934534757188884084e-292
9.216000000000000000e+04 3.036159451739392251e-292
9.222400000000000000e+04 3.036159451739392251e-292
9.228800000000000000e+04 1.548563946934734343e-292
9.235200000000000000e+04 1.040621853538830795e-293
9.241600000000000000e+04 1.040621853538830795e-293
9.248000000000000000e+04 1.040621853538830795e-293
9.254400000000000000e+04 1.578448880383973904e-294
9.260800000000000000e+04 1.578448880383973904e-294
9.267200000000000000e+04 1.578448880383973904e-294
9.273600000000000000e+04 1.578448880383973904e-294
9.280000000000000000e+04 2.037387823879062193e-295
9.286400000000000000e+04 2.037387823879062193e-295
9.292800000000000000e+04 2.037387823879062193e-295
9.299200000000000000e+04 2.037387823879062193e-295
9.305600000000000000e+04 2.037387823879062193e-295
9.312000000000000000e+04 2.037387823879062193e-295
9.318400000000000000e+04 2.037387823879062193e-295
9.324800000000000000e+04 2.037387823879062193e-295
9.331200000000000000e+04 2.037387823879062193e-295
9.337600000000000000e+04 3.651512466620147799e-296
9.344000000000000000e+04 3.651512466620147799e-296
9.350400000000000000e+04 3.651512466620147799e-296
9.356800000000000000e+04 1.171722851968794336e-296
9.363200000000000000e+04 1.171722851968794336e-296
9.369600000000000000e+04 1.171722851968794336e-296
9.376000000000000000e+04 1.171722851968794336e-296
9.382400000000000000e+04 1.171722851968794336e-296
9.388800000000000000e+04 7.606718837481953903e-297
9.395200000000000000e+04 2.508860623494371111e-298
9.401600000000000000e+04 2.508860623494371111e-298
9.408000000000000000e+04 2.254093758080129669e-298
9.414400000000000000e+04 2.254093758080129669e-298
9.420800000000000000e+04 2.254093758080129669e-298
9.427200000000000000e+04 2.254093758080129669e-298
9.433600000000000000e+04 2.254093758080129669e-298
9.440000000000000000e+04 9.836949738877284671e-299
9.446400000000000000e+04 9.836949738877284671e-299
9.452800000000000000e+04 9.836949738877284671e-299
9.459200000000000000e+04 5.996127227870666087e-299
9.465600000000000000e+04 5.303198004335288099e-299
9.472000000000000000e+04 6.217785736713418279e-300
9.478400000000000000e+04 6.217785736713418279e-300
9.484800000000000000e+04 6.217785736713418279e-300
9.491200000000000000e+04 5.721358940879433555e-301
9.497600000000000000e+04 5.721358940879433555e-301
9.504000000000000000e+04 5.721358940879433555e-301
9.510400000000000000e+04 5.721358940879433555e-301
9.516800000000000000e+04 7.459679785404532130e-302
9.523200000000000000e+04 7.459679785404532130e-302
9.529600000000000000e+04 7.459679785404532130e-302
9.536000000000000000e+04 7.459679785404532130e-302
9.542400000000000000e+04 5.013683436234757155e-302
9.548800000000000000e+04 5.013683436234757155e-302
9.555200000000000000e+04 5.013683436234757155e-302
9.561600000000000000e+04 5.013683436234757155e-302
9.568000000000000000e+04 5.013683436234757155e-302
9.574400000000000000e+04 2.324842402484547717e-303
9.580800000000000000e+04 2.324842402484547717e-303
9.587200000000000000e+04 2.324842402484547717e-303
9.593600000000000000e+04 1.084005071514232625e-303
9.600000000000000000e+04 1.084005071514232625e-303
9.606400000000000000e+04 1.084005071514232625e-303
9.612800000000000000e+04 1.084005071514232625e-303
9.619200000000000000e+04 1.084005071514232625e-303
9.625600000000000000e+04 1.084005071514232625e-303
9.632000000000000000e+04 1.748381596738220047e-304
9.638400000000000000e+04 1.392084267473682609e-304
9.644800000000000000e+04 1.392084267473682609e-304
9.651200000000000000e+04 4.444364995583868321e-305
9.657600000000000000e+04 4.444364995583868321e-305
9.664000000000000000e+04 2.110639129622664008e-305
9.670400000000000000e+04 2.841281727328719505e-306
9.676800000000000000e+04 2.841281727328719505e-306
9.683200000000000000e+04 2.841281727328719505e-306
9.689600000000000000e+04 2.841281727328719505e-306
9.696000000000000000e+04 1.084558396695585599e-306
9.702400000000000000e+04 4.147873374629093227e-307
9.708800000000000000e+04 4.147873374629093227e-307
9.715200000000000000e+04 4.147873374629093227e-307
9.721600000000000000e+04 4.147873374629093227e-307
9.728000000000000000e+04 1.356713587870911834e-307
9.734400000000000000e+04 1.356713587870911834e-307
9.740800000000000000e+04 1.321905612341814243e-307
9.747200000000000000e+04 8.257086644665984017e-308
9.753600000000000000e+04 6.848272312618862009e-308
9.760000000000000000e+04 5.333499612402026652e-309
9.766400000000000000e+04 5.333499612402026652e-309
9.772800000000000000e+04 5.333499612402026652e-309
9.779200000000000000e+04 3.745361211707627237e-309
9.785600000000000000e+04 1.830498659074883545e-309
9.792000000000000000e+04 1.830498659074883545e-309
9.798400000000000000e+04 1.493487348126137111e-309
9.804800000000000000e+04 1.493487348126137111e-309
9.811200000000000000e+04 1.415110303840938853e-309
9.817600000000000000e+04 1.213819860409954370e-310
9.824000000000000000e+04 1.213819860409954370e-310
9.830400000000000000e+04 7.764419623944163330e-311
9.836800000000000000e+04 7.764419623944163330e-311
9.843200000000000000e+04 1.392915591135451681e-311
9.849600000000000000e+04 1.392915591135451681e-311
9.856000000000000000e+04 1.392915591135451681e-311
9.862400000000000000e+04 5.360340352306802097e-312
9.868800000000000000e+04 5.360340352306802097e-312
9.875200000000000000e+04 5.360340352306802097e-312
9.881600000000000000e+04 2.581400430630128596e-312
9.888000000000000000e+04 2.337204967005738303e-312
9.894400000000000000e+04 7.064293415345863874e-313
9.900800000000000000e+04 1.344835905837064206e-313
9.907200000000000000e+04 1.344835905837064206e-313
9.913600000000000000e+04 1.344835905837064206e-313
9.920000000000000000e+04 1.344835905837064206e-313
9.926400000000000000e+04 1.344835905837064206e-313
9.932800000000000000e+04 1.344835905837064206e-313
9.939200000000000000e+04 3.338234732862015227e-315
9.945600000000000000e+04 3.338234732862015227e-315
9.952000000000000000e+04 3.338234732862015227e-315
9.958400000000000000e+04 3.338234732862015227e-315
9.964800000000000000e+04 3.338234732862015227e-315
9.971200000000000000e+04 3.283123775262823791e-316
9.977600000000000000e+04 3.283123775262823791e-316
9.984000000000000000e+04 3.283123775262823791e-316
9.990400000000000000e+04 3.283123775262823791e-316
9.996800000000000000e+04 3.283123775262823791e-316
1.000320000000000000e+05 2.362683281366054457e-316
