6.400000000000000000e+01 3.087294226897991933e-01
1.280000000000000000e+02 3.087294226897991933e-01
1.920000000000000000e+02 3.087294226897991933e-01
2.560000000000000000e+02 3.087294226897991933e-01
3.200000000000000000e+02 5.881506606722718827e-02
3.840000000000000000e+02 5.881506606722718827e-02
4.480000000000000000e+02 5.881506606722718827e-02
5.120000000000000000e+02 5.881506606722718827e-02
5.760000000000000000e+02 5.881506606722718827e-02
6.400000000000000000e+02 5.881506606722718827e-02
7.040000000000000000e+02 1.728647019337196597e-02
7.680000000000000000e+02 8.332445154041696889e-03
8.320000000000000000e+02 8.332445154041696889e-03
8.960000000000000000e+02 4.249403236050660476e-03
9.600000000000000000e+02 2.620301880822462938e-03
1.024000000000000000e+03 4.088390367448106787e-04
1.088000000000000000e+03 4.088390367448106787e-04
1.152000000000000000e+03 3.285981590961959482e-04
1.216000000000000000e+03 3.285981590961959482e-04
1.280000000000000000e+03 3.285981590961959482e-04
1.344000000000000000e+03 3.162494901263175840e-05
1.408000000000000000e+03 3.162494901263175840e-05
1.472000000000000000e+03 7.048795412171170159e-06
1.536000000000000000e+03 7.048795412171170159e-06
1.600000000000000000e+03 6.969385864627999014e-07
1.664000000000000000e+03 6.969385864627999014e-07
1.728000000000000000e+03 6.969385864627999014e-07
1.792000000000000000e+03 6.969385864627999014e-07
1.856000000000000000e+03 5.753650060030340052e-08
1.920000000000000000e+03 5.753650060030340052e-08
1.984000000000000000e+03 5.753650060030340052e-08
2.048000000000000000e+03 5.753650060030340052e-08
2.112000000000000000e+03 5.753650060030340052e-08
2.176000000000000000e+03 5.753650060030340052e-08
2.240000000000000000e+03 4.931055490625464616e-08
2.304000000000000000e+03 4.931055490625464616e-08
2.368000000000000000e+03 8.530996037121492685e-09
2.432000000000000000e+03 8.530996037121492685e-09
2.496000000000000000e+03 8.530996037121492685e-09
2.560000000000000000e+03 8.530996037121492685e-09
2.624000000000000000e+03 8.530996037121492685e-09
2.688000000000000000e+03 2.811459452296062673e-09
2.752000000000000000e+03 1.080616724970525412e-09
2.816000000000000000e+03 1.080616724970525412e-09
2.880000000000000000e+03 1.080616724970525412e-09
2.944000000000000000e+03 1.080616724970525412e-09
3.008000000000000000e+03 3.967394274590607640e-10
3.072000000000000000e+03 3.967394274590607640e-10
3.136000000000000000e+03 1.028286824606689649e-10
3.200000000000000000e+03 1.028286824606689649e-10
3.264000000000000000e+03 4.221655240746771312e-11
3.328000000000000000e+03 4.221655240746771312e-11
3.392000000000000000e+03 2.386516375200307501e-11
3.456000000000000000e+03 1.130670631146776007e-11
3.520000000000000000e+03 7.277176722370600460e-12
3.584000000000000000e+03 7.277176722370600460e-12
3.648000000000000000e+03 7.277176722370600460e-12
3.712000000000000000e+03 7.277176722370600460e-12
3.776000000000000000e+03 2.820371352802418444e-12
3.840000000000000000e+03 2.820371352802418444e-12
3.904000000000000000e+03 2.820371352802418444e-12
3.968000000000000000e+03 5.861564820827418035e-14
4.032000000000000000e+03 5.861564820827418035e-14
4.096000000000000000e+03 5.861564820827418035e-14
4.160000000000000000e+03 5.861564820827418035e-14
4.224000000000000000e+03 5.861564820827418035e-14
4.288000000000000000e+03 5.861564820827418035e-14
4.352000000000000000e+03 5.861564820827418035e-14
4.416000000000000000e+03 3.789076202043083959e-14
4.480000000000000000e+03 3.789076202043083959e-14
4.544000000000000000e+03 1.813939637070180728e-14
4.608000000000000000e+03 1.296096687601264993e-15
4.672000000000000000e+03 1.296096687601264993e-15
4.736000000000000000e+03 1.296096687601264993e-15
4.800000000000000000e+03 1.296096687601264993e-15
4.864000000000000000e+03 1.297780623316273545e-17
4.928000000000000000e+03 1.297780623316273545e-17
4.992000000000000000e+03 1.297780623316273545e-17
5.056000000000000000e+03 1.297780623316273545e-17
5.120000000000000000e+03 1.297780623316273545e-17
5.184000000000000000e+03 1.297780623316273545e-17
5.248000000000000000e+03 1.297780623316273545e-17
5.312000000000000000e+03 1.297780623316273545e-17
5.376000000000000000e+03 1.297780623316273545e-17
5.440000000000000000e+03 1.297780623316273545e-17
5.504000000000000000e+03 1.297780623316273545e-17
5.568000000000000000e+03 1.297780623316273545e-17
5.632000000000000000e+03 1.297780623316273545e-17
5.696000000000000000e+03 2.093542272591246891e-19
5.760000000000000000e+03 2.093542272591246891e-19
5.824000000000000000e+03 2.093542272591246891e-19
5.888000000000000000e+03 2.093542272591246891e-19
5.952000000000000000e+03 2.093542272591246891e-19
6.016000000000000000e+03 2.093542272591246891e-19
6.080000000000000000e+03 2.093542272591246891e-19
6.144000000000000000e+03 3.102791569250991623e-20
6.208000000000000000e+03 3.102791569250991623e-20
6.272000000000000000e+03 3.102791569250991623e-20
6.336000000000000000e+03 3.102791569250991623e-20
6.400000000000000000e+03 8.264773675706801493e-21
6.464000000000000000e+03 3.687952536125633974e-21
6.528000000000000000e+03 3.687952536125633974e-21
6.592000000000000000e+03 3.687952536125633974e-21
6.656000000000000000e+03 3.687952536125633974e-21
6.720000000000000000e+03 3.687952536125633974e-21
6.784000000000000000e+03 2.069701991478583725e-22
6.848000000000000000e+03 1.365724561411434294e-22
6.912000000000000000e+03 1.365724561411434294e-22
6.976000000000000000e+03 1.365724561411434294e-22
7.040000000000000000e+03 1.365724561411434294e-22
7.104000000000000000e+03 1.365724561411434294e-22
7.168000000000000000e+03 8.599029498456595857e-23
7.232000000000000000e+03 5.308633136673230831e-23
7.296000000000000000e+03 3.105501413387201793e-23
7.360000000000000000e+03 2.999495680201510375e-24
7.424000000000000000e+03 2.999495680201510375e-24
7.488000000000000000e+03 2.999495680201510375e-24
7.552000000000000000e+03 2.999495680201510375e-24
7.616000000000000000e+03 2.999495680201510375e-24
7.680000000000000000e+03 1.228895809631450183e-24
7.744000000000000000e+03 1.228895809631450183e-24
7.808000000000000000e+03 1.228895809631450183e-24
7.872000000000000000e+03 9.231644634928772652e-25
7.936000000000000000e+03 1.651784375502476865e-25
8.000000000000000000e+03 1.651784375502476865e-25
8.064000000000000000e+03 1.681992784113250371e-26
8.128000000000000000e+03 1.681992784113250371e-26
8.192000000000000000e+03 1.681992784113250371e-26
8.256000000000000000e+03 1.681992784113250371e-26
8.320000000000000000e+03 1.681992784113250371e-26
8.384000000000000000e+03 3.671304621988430506e-27
8.448000000000000000e+03 3.671304621988430506e-27
8.512000000000000000e+03 3.671304621988430506e-27
8.576000000000000000e+03 8.845041133170652017e-28
8.640000000000000000e+03 8.845041133170652017e-28
8.704000000000000000e+03 8.845041133170652017e-28
8.768000000000000000e+03 8.845041133170652017e-28
8.832000000000000000e+03 1.184028071521312142e-28
8.896000000000000000e+03 1.184028071521312142e-28
8.960000000000000000e+03 1.184028071521312142e-28
9.024000000000000000e+03 1.184028071521312142e-28
9.088000000000000000e+03 1.184028071521312142e-28
9.152000000000000000e+03 1.184028071521312142e-28
9.216000000000000000e+03 6.585833878600257354e-29
9.280000000000000000e+03 6.585833878600257354e-29
9.344000000000000000e+03 4.813753453732181046e-30
9.408000000000000000e+03 3.280232620606452779e-30
9.472000000000000000e+03 7.236680147331725651e-31
9.536000000000000000e+03 7.236680147331725651e-31
9.600000000000000000e+03 7.236680147331725651e-31
9.664000000000000000e+03 7.236680147331725651e-31
9.728000000000000000e+03 7.236680147331725651e-31
9.792000000000000000e+03 7.236680147331725651e-31
9.856000000000000000e+03 7.090421879911900823e-31
9.920000000000000000e+03 7.090421879911900823e-31
9.984000000000000000e+03 5.691330930922950438e-31
1.004800000000000000e+04 7.315263619116755544e-32
1.011200000000000000e+04 7.315263619116755544e-32
1.017600000000000000e+04 7.315263619116755544e-32
1.024000000000000000e+04 1.916533802862471219e-32
1.030400000000000000e+04 1.916533802862471219e-32
1.036800000000000000e+04 6.809523592883304291e-33
1.043200000000000000e+04 6.809523592883304291e-33
1.049600000000000000e+04 1.518734956590603648e-33
1.056000000000000000e+04 1.518734956590603648e-33
1.062400000000000000e+04 1.481435418181156096e-33
1.068800000000000000e+04 1.481435418181156096e-33
1.075200000000000000e+04 8.965351957173185072e-34
1.081600000000000000e+04 8.526702436175021391e-34
1.088000000000000000e+04 3.967290543746492897e-34
1.094400000000000000e+04 3.967290543746492897e-34
1.100800000000000000e+04 8.605398225093642712e-36
1.107200000000000000e+04 8.605398225093642712e-36
1.113600000000000000e+04 4.565207373546751651e-36
1.120000000000000000e+04 4.565207373546751651e-36
1.126400000000000000e+04 4.565207373546751651e-36
1.132800000000000000e+04 4.565207373546751651e-36
1.139200000000000000e+04 4.565207373546751651e-36
1.145600000000000000e+04 2.740384119889554630e-36
1.152000000000000000e+04 3.547505322494887487e-37
1.158400000000000000e+04 3.336078701316844643e-37
1.164800000000000000e+04 3.336078701316844643e-37
1.171200000000000000e+04 2.510120122141062383e-37
1.177600000000000000e+04 2.510120122141062383e-37
1.184000000000000000e+04 2.510120122141062383e-37
1.190400000000000000e+04 1.961348310816465300e-37
1.196800000000000000e+04 5.639997629710105970e-38
1.203200000000000000e+04 2.464308262634156398e-38
1.209600000000000000e+04 2.464308262634156398e-38
1.216000000000000000e+04 3.503256024300957927e-39
1.222400000000000000e+04 1.637238767728061507e-39
1.228800000000000000e+04 1.637238767728061507e-39
1.235200000000000000e+04 1.637238767728061507e-39
1.241600000000000000e+04 1.637238767728061507e-39
1.248000000000000000e+04 6.251528032375543017e-40
1.254400000000000000e+04 6.251528032375543017e-40
1.260800000000000000e+04 6.251528032375543017e-40
1.267200000000000000e+04 1.646456100708137383e-40
1.273600000000000000e+04 1.646456100708137383e-40
1.280000000000000000e+04 1.646456100708137383e-40
1.286400000000000000e+04 2.090263074681245815e-41
1.292800000000000000e+04 2.090263074681245815e-41
1.299200000000000000e+04 2.090263074681245815e-41
1.305600000000000000e+04 2.045262674480915716e-41
1.312000000000000000e+04 7.981803786855933444e-42
1.318400000000000000e+04 7.981803786855933444e-42
1.324800000000000000e+04 7.981803786855933444e-42
1.331200000000000000e+04 6.366886655474405085e-42
1.337600000000000000e+04 4.022331021684111986e-42
1.344000000000000000e+04 2.017868422096082070e-42
1.350400000000000000e+04 4.911656457545942089e-43
1.356800000000000000e+04 2.960651610876715060e-43
1.363200000000000000e+04 2.960651610876715060e-43
1.369600000000000000e+04 2.960651610876715060e-43
1.376000000000000000e+04 2.677693344456281541e-43
1.382400000000000000e+04 2.625896354713403636e-43
1.388800000000000000e+04 7.274660385271944500e-44
1.395200000000000000e+04 5.498463285661045609e-44
1.401600000000000000e+04 2.909627795815379361e-44
1.408000000000000000e+04 1.380134958037188686e-44
1.414400000000000000e+04 1.380134958037188686e-44
1.420800000000000000e+04 9.063900385969587476e-45
1.427200000000000000e+04 4.455227046400133346e-45
1.433600000000000000e+04 3.433205975708645329e-45
1.440000000000000000e+04 1.654897742528614923e-45
1.446400000000000000e+04 8.725879214866341566e-46
1.452800000000000000e+04 4.721145422523863338e-46
1.459200000000000000e+04 4.333281209810755968e-46
1.465600000000000000e+04 2.007491749309956071e-46
1.472000000000000000e+04 6.103999108719604843e-47
1.478400000000000000e+04 2.836178771407810475e-47
1.484800000000000000e+04 2.836178771407810475e-47
1.491200000000000000e+04 5.234635659919719321e-48
1.497600000000000000e+04 5.234635659919719321e-48
1.504000000000000000e+04 5.234635659919719321e-48
1.510400000000000000e+04 5.234635659919719321e-48
1.516800000000000000e+04 5.234635659919719321e-48
1.523200000000000000e+04 2.099609087531676082e-48
1.529600000000000000e+04 2.099609087531676082e-48
1.536000000000000000e+04 1.166256882488771645e-48
1.542400000000000000e+04 1.166256882488771645e-48
1.548800000000000000e+04 1.166256882488771645e-48
1.555200000000000000e+04 6.580989643645357199e-49
1.561600000000000000e+04 2.180747041054542943e-49
1.568000000000000000e+04 2.180747041054542943e-49
1.574400000000000000e+04 7.780682170118480451e-50
1.580800000000000000e+04 7.780682170118480451e-50
1.587200000000000000e+04 7.780682170118480451e-50
1.593600000000000000e+04 7.971323949566196276e-51
1.600000000000000000e+04 7.971323949566196276e-51
1.606400000000000000e+04 7.971323949566196276e-51
1.612800000000000000e+04 3.907017164283372792e-52
1.619200000000000000e+04 3.907017164283372792e-52
1.625600000000000000e+04 3.907017164283372792e-52
1.632000000000000000e+04 3.907017164283372792e-52
1.638400000000000000e+04 3.907017164283372792e-52
1.644800000000000000e+04 3.907017164283372792e-52
1.651200000000000000e+04 3.907017164283372792e-52
1.657600000000000000e+04 3.907017164283372792e-52
1.664000000000000000e+04 3.907017164283372792e-52
1.670400000000000000e+04 6.570438932414308712e-53
1.676800000000000000e+04 6.570438932414308712e-53
1.683200000000000000e+04 6.570438932414308712e-53
1.689600000000000000e+04 6.570438932414308712e-53
1.696000000000000000e+04 6.570438932414308712e-53
1.702400000000000000e+04 4.195786427991975582e-53
1.708800000000000000e+04 2.927610233045613202e-53
1.715200000000000000e+04 2.195647201643088034e-53
1.721600000000000000e+04 1.229064338111540653e-53
1.728000000000000000e+04 1.064939975030880687e-54
1.734400000000000000e+04 1.064939975030880687e-54
1.740800000000000000e+04 1.064939975030880687e-54
1.747200000000000000e+04 9.008733510825922286e-57
1.753600000000000000e+04 9.008733510825922286e-57
1.760000000000000000e+04 9.008733510825922286e-57
1.766400000000000000e+04 9.008733510825922286e-57
1.772800000000000000e+04 9.008733510825922286e-57
1.779200000000000000e+04 8.898283213970598525e-57
1.785600000000000000e+04 3.519436963197363877e-57
1.792000000000000000e+04 3.519436963197363877e-57
1.798400000000000000e+04 3.519436963197363877e-57
1.804800000000000000e+04 3.519436963197363877e-57
1.811200000000000000e+04 3.519436963197363877e-57
1.817600000000000000e+04 3.519436963197363877e-57
1.824000000000000000e+04 3.519436963197363877e-57
1.830400000000000000e+04 3.519436963197363877e-57
1.836800000000000000e+04 3.519436963197363877e-57
1.843200000000000000e+04 3.519436963197363877e-57
1.849600000000000000e+04 2.690163772306980315e-57
1.856000000000000000e+04 2.372511591901653212e-57
1.862400000000000000e+04 2.223611413074764133e-58
1.868800000000000000e+04 2.223611413074764133e-58
1.875200000000000000e+04 2.223611413074764133e-58
1.881600000000000000e+04 2.223611413074764133e-58
1.888000000000000000e+04 2.223611413074764133e-58
1.894400000000000000e+04 2.223611413074764133e-58
1.900800000000000000e+04 1.398831941461010777e-58
1.907200000000000000e+04 9.695612976252239548e-59
1.913600000000000000e+04 6.345277028254172396e-59
1.920000000000000000e+04 4.982648137832543541e-60
1.926400000000000000e+04 4.041977635697120945e-61
1.932800000000000000e+04 4.041977635697120945e-61
1.939200000000000000e+04 4.041977635697120945e-61
1.945600000000000000e+04 4.041977635697120945e-61
1.952000000000000000e+04 4.041977635697120945e-61
1.958400000000000000e+04 4.041977635697120945e-61
1.964800000000000000e+04 3.730824472789395874e-63
1.971200000000000000e+04 3.730824472789395874e-63
1.977600000000000000e+04 3.730824472789395874e-63
1.984000000000000000e+04 3.730824472789395874e-63
1.990400000000000000e+04 3.730824472789395874e-63
1.996800000000000000e+04 3.730824472789395874e-63
2.003200000000000000e+04 3.730824472789395874e-63
2.009600000000000000e+04 3.730824472789395874e-63
2.016000000000000000e+04 3.730824472789395874e-63
2.022400000000000000e+04 3.730824472789395874e-63
2.028800000000000000e+04 3.730824472789395874e-63
2.035200000000000000e+04 1.339873461788557638e-63
2.041600000000000000e+04 1.339873461788557638e-63
2.048000000000000000e+04 1.339873461788557638e-63
2.054400000000000000e+04 1.339873461788557638e-63
2.060800000000000000e+04 1.092024047207691864e-63
2.067200000000000000e+04 4.073548015663467696e-64
2.073600000000000000e+04 4.073548015663467696e-64
2.080000000000000000e+04 8.693942412703511968e-65
2.086400000000000000e+04 3.726298091065604126e-65
2.092800000000000000e+04 3.726298091065604126e-65
2.099200000000000000e+04 2.293241241945654442e-65
2.105600000000000000e+04 1.543232479355710911e-66
2.112000000000000000e+04 1.543232479355710911e-66
2.118400000000000000e+04 1.543232479355710911e-66
2.124800000000000000e+04 1.543232479355710911e-66
2.131200000000000000e+04 1.543232479355710911e-66
2.137600000000000000e+04 1.543232479355710911e-66
2.144000000000000000e+04 1.543232479355710911e-66
2.150400000000000000e+04 1.543232479355710911e-66
2.156800000000000000e+04 5.134922487297120233e-67
2.163200000000000000e+04 1.463277840286372039e-67
2.169600000000000000e+04 1.283537842983787129e-67
2.176000000000000000e+04 1.283537842983787129e-67
2.182400000000000000e+04 8.566105367173247037e-69
2.188800000000000000e+04 8.566105367173247037e-69
2.195200000000000000e+04 8.566105367173247037e-69
2.201600000000000000e+04 8.566105367173247037e-69
2.208000000000000000e+04 8.566105367173247037e-69
2.214400000000000000e+04 5.905271778157804819e-69
2.220800000000000000e+04 3.186908787318262662e-71
2.227200000000000000e+04 3.186908787318262662e-71
2.233600000000000000e+04 3.186908787318262662e-71
2.240000000000000000e+04 3.186908787318262662e-71
2.246400000000000000e+04 3.186908787318262662e-71
2.252800000000000000e+04 3.186908787318262662e-71
2.259200000000000000e+04 3.186908787318262662e-71
2.265600000000000000e+04 3.186908787318262662e-71
2.272000000000000000e+04 1.689534443720958533e-72
2.278400000000000000e+04 1.689534443720958533e-72
2.284800000000000000e+04 1.689534443720958533e-72
2.291200000000000000e+04 1.689534443720958533e-72
2.297600000000000000e+04 1.100025413935291356e-72
2.304000000000000000e+04 1.100025413935291356e-72
2.310400000000000000e+04 1.100025413935291356e-72
2.316800000000000000e+04 1.100025413935291356e-72
2.323200000000000000e+04 1.605110210949867450e-73
2.329600000000000000e+04 1.605110210949867450e-73
2.336000000000000000e+04 1.605110210949867450e-73
2.342400000000000000e+04 1.605110210949867450e-73
2.348800000000000000e+04 6.555506250566683154e-74
2.355200000000000000e+04 6.555506250566683154e-74
2.361600000000000000e+04 2.108012376111388222e-74
2.368000000000000000e+04 2.108012376111388222e-74
2.374400000000000000e+04 2.108012376111388222e-74
2.380800000000000000e+04 1.136551842001462827e-74
2.387200000000000000e+04 1.136551842001462827e-74
2.393600000000000000e+04 1.136551842001462827e-74
2.400000000000000000e+04 5.281699910204669291e-75
2.406400000000000000e+04 5.281699910204669291e-75
2.412800000000000000e+04 3.768595543322931095e-75
2.419200000000000000e+04 3.331564521310201456e-75
2.425600000000000000e+04 3.192766325327700097e-75
2.432000000000000000e+04 1.341562017457544977e-75
2.438400000000000000e+04 1.078049303350243706e-76
2.444800000000000000e+04 1.078049303350243706e-76
2.451200000000000000e+04 1.078049303350243706e-76
2.457600000000000000e+04 1.078049303350243706e-76
2.464000000000000000e+04 7.774110193622463510e-77
2.470400000000000000e+04 7.774110193622463510e-77
2.476800000000000000e+04 7.774110193622463510e-77
2.483200000000000000e+04 7.774110193622463510e-77
2.489600000000000000e+04 6.122991800147847695e-77
2.496000000000000000e+04 2.411053249924283454e-77
2.502400000000000000e+04 7.979437117822952255e-78
2.508800000000000000e+04 7.979437117822952255e-78
2.515200000000000000e+04 7.979437117822952255e-78
2.521600000000000000e+04 7.360530768478748597e-78
2.528000000000000000e+04 9.300159838681384092e-79
2.534400000000000000e+04 9.300159838681384092e-79
2.540800000000000000e+04 9.300159838681384092e-79
2.547200000000000000e+04 9.017242991569488779e-79
2.553600000000000000e+04 4.248730993239428155e-79
2.560000000000000000e+04 4.248730993239428155e-79
2.566400000000000000e+04 4.248730993239428155e-79
2.572800000000000000e+04 1.319080354202259511e-79
2.579200000000000000e+04 4.362122184949204853e-81
2.585600000000000000e+04 4.362122184949204853e-81
2.592000000000000000e+04 4.362122184949204853e-81
2.598400000000000000e+04 4.362122184949204853e-81
2.604800000000000000e+04 4.362122184949204853e-81
2.611200000000000000e+04 4.362122184949204853e-81
2.617600000000000000e+04 1.554499353633681523e-81
2.624000000000000000e+04 6.047390290731056478e-82
2.630400000000000000e+04 6.047390290731056478e-82
2.636800000000000000e+04 6.047390290731056478e-82
2.643200000000000000e+04 5.430629816918007767e-82
2.649600000000000000e+04 3.956132828150371307e-82
2.656000000000000000e+04 7.748421363089538553e-83
2.662400000000000000e+04 7.748421363089538553e-83
2.668800000000000000e+04 7.748421363089538553e-83
2.675200000000000000e+04 7.212063350171653205e-83
2.681600000000000000e+04 1.465517267897839454e-83
2.688000000000000000e+04 9.265234982387393886e-84
2.694400000000000000e+04 9.265234982387393886e-84
2.700800000000000000e+04 1.218727819823426921e-84
2.707200000000000000e+04 1.218727819823426921e-84
2.713600000000000000e+04 6.100898426108156718e-85
2.720000000000000000e+04 4.310718894057879257e-85
2.726400000000000000e+04 3.140017554956146542e-85
2.732800000000000000e+04 3.506561443524316849e-86
2.739200000000000000e+04 3.506561443524316849e-86
2.745600000000000000e+04 5.193271666529690833e-87
2.752000000000000000e+04 5.193271666529690833e-87
2.758400000000000000e+04 5.193271666529690833e-87
2.764800000000000000e+04 5.193271666529690833e-87
2.771200000000000000e+04 3.463279124073439343e-87
2.777600000000000000e+04 3.463279124073439343e-87
2.784000000000000000e+04 2.885597857513576675e-87
2.790400000000000000e+04 2.885597857513576675e-87
2.796800000000000000e+04 2.885597857513576675e-87
2.803200000000000000e+04 6.287146348830461461e-88
2.809600000000000000e+04 1.398792786930567556e-88
2.816000000000000000e+04 5.145446759906993076e-89
2.822400000000000000e+04 5.145446759906993076e-89
2.828800000000000000e+04 5.145446759906993076e-89
2.835200000000000000e+04 5.145446759906993076e-89
2.841600000000000000e+04 5.145446759906993076e-89
2.848000000000000000e+04 2.876650982761004638e-89
2.854400000000000000e+04 2.876650982761004638e-89
2.860800000000000000e+04 2.876650982761004638e-89
2.867200000000000000e+04 2.128739005704280382e-89
2.873600000000000000e+04 6.040344583816807279e-90
2.880000000000000000e+04 1.420095807224820843e-91
2.886400000000000000e+04 1.420095807224820843e-91
2.892800000000000000e+04 1.420095807224820843e-91
2.899200000000000000e+04 1.420095807224820843e-91
2.905600000000000000e+04 1.420095807224820843e-91
2.912000000000000000e+04 1.420095807224820843e-91
2.918400000000000000e+04 8.311288294303537116e-93
2.924800000000000000e+04 8.311288294303537116e-93
2.931200000000000000e+04 8.311288294303537116e-93
2.937600000000000000e+04 2.662303816201870699e-93
2.944000000000000000e+04 2.662303816201870699e-93
2.950400000000000000e+04 7.156017167015059741e-94
2.956800000000000000e+04 7.156017167015059741e-94
2.963200000000000000e+04 7.156017167015059741e-94
2.969600000000000000e+04 7.156017167015059741e-94
2.976000000000000000e+04 7.156017167015059741e-94
2.982400000000000000e+04 7.156017167015059741e-94
2.988800000000000000e+04 7.156017167015059741e-94
2.995200000000000000e+04 7.156017167015059741e-94
3.001600000000000000e+04 4.315159316644682233e-94
3.008000000000000000e+04 4.315159316644682233e-94
3.014400000000000000e+04 4.315159316644682233e-94
3.020800000000000000e+04 7.727263666834072487e-95
3.027200000000000000e+04 7.727263666834072487e-95
3.033600000000000000e+04 7.727263666834072487e-95
3.040000000000000000e+04 2.725468676591907261e-95
3.046400000000000000e+04 2.725468676591907261e-95
3.052800000000000000e+04 1.616790354205359387e-96
3.059200000000000000e+04 1.616790354205359387e-96
3.065600000000000000e+04 1.616790354205359387e-96
3.072000000000000000e+04 1.616790354205359387e-96
3.078400000000000000e+04 1.814031153771635183e-97
3.084800000000000000e+04 1.814031153771635183e-97
3.091200000000000000e+04 1.814031153771635183e-97
3.097600000000000000e+04 1.814031153771635183e-97
3.104000000000000000e+04 1.814031153771635183e-97
3.110400000000000000e+04 1.814031153771635183e-97
3.116800000000000000e+04 9.784958440507517403e-98
3.123200000000000000e+04 2.526319160878136816e-99
3.129600000000000000e+04 2.075483030749379386e-99
3.136000000000000000e+04 2.075483030749379386e-99
3.142400000000000000e+04 1.483772386751467396e-99
3.148800000000000000e+04 1.483772386751467396e-99
3.155200000000000000e+04 1.483772386751467396e-99
3.161600000000000000e+04 4.458879615463379708e-100
3.168000000000000000e+04 4.458879615463379708e-100
3.174400000000000000e+04 2.747186087406652825e-100
3.180800000000000000e+04 2.747186087406652825e-100
3.187200000000000000e+04 7.881659662313252663e-101
3.193600000000000000e+04 7.881659662313252663e-101
3.200000000000000000e+04 7.881659662313252663e-101
3.206400000000000000e+04 7.881659662313252663e-101
3.212800000000000000e+04 3.455776206961787848e-101
3.219200000000000000e+04 3.269712691127425818e-101
3.225600000000000000e+04 3.269712691127425818e-101
3.232000000000000000e+04 2.269402082675465428e-101
3.238400000000000000e+04 1.816525910452336547e-101
3.244800000000000000e+04 1.816525910452336547e-101
3.251200000000000000e+04 1.536400621784453056e-101
3.257600000000000000e+04 1.429992017532942238e-102
3.264000000000000000e+04 1.429992017532942238e-102
3.270400000000000000e+04 1.429992017532942238e-102
3.276800000000000000e+04 1.426161952004736857e-102
3.283200000000000000e+04 1.326430639318457663e-102
3.289600000000000000e+04 1.290417399048305039e-103
3.296000000000000000e+04 2.175100950090564800e-104
3.302400000000000000e+04 2.175100950090564800e-104
3.308800000000000000e+04 2.175100950090564800e-104
3.315200000000000000e+04 2.175100950090564800e-104
3.321600000000000000e+04 2.175100950090564800e-104
3.328000000000000000e+04 2.175100950090564800e-104
3.334400000000000000e+04 1.761766297625266526e-104
3.340800000000000000e+04 1.696325604180602825e-104
3.347200000000000000e+04 1.696325604180602825e-104
3.353600000000000000e+04 8.842670048214735947e-105
3.360000000000000000e+04 8.842670048214735947e-105
3.366400000000000000e+04 8.842670048214735947e-105
3.372800000000000000e+04 1.649899351635341068e-105
3.379200000000000000e+04 2.705282532354876719e-106
3.385600000000000000e+04 2.705282532354876719e-106
3.392000000000000000e+04 2.705282532354876719e-106
3.398400000000000000e+04 2.229327961846229186e-107
3.404800000000000000e+04 2.229327961846229186e-107
3.411200000000000000e+04 2.229327961846229186e-107
3.417600000000000000e+04 2.229327961846229186e-107
3.424000000000000000e+04 1.067782476150134377e-107
3.430400000000000000e+04 1.067782476150134377e-107
3.436800000000000000e+04 9.859927320472158946e-108
3.443200000000000000e+04 9.859927320472158946e-108
3.449600000000000000e+04 9.859927320472158946e-108
3.456000000000000000e+04 4.806344589454480081e-108
3.462400000000000000e+04 4.806344589454480081e-108
3.468800000000000000e+04 4.390044444867542635e-109
3.475200000000000000e+04 4.390044444867542635e-109
3.481600000000000000e+04 4.390044444867542635e-109
3.488000000000000000e+04 4.390044444867542635e-109
3.494400000000000000e+04 4.390044444867542635e-109
3.500800000000000000e+04 4.390044444867542635e-109
3.507200000000000000e+04 4.390044444867542635e-109
3.513600000000000000e+04 3.471958555826915045e-109
3.520000000000000000e+04 3.471958555826915045e-109
3.526400000000000000e+04 3.471958555826915045e-109
3.532800000000000000e+04 2.708309828017936282e-109
3.539200000000000000e+04 6.419874114106435578e-110
3.545600000000000000e+04 1.440280980688660672e-110
3.552000000000000000e+04 1.440280980688660672e-110
3.558400000000000000e+04 1.090769411327805355e-111
3.564800000000000000e+04 1.090769411327805355e-111
3.571200000000000000e+04 1.090769411327805355e-111
3.577600000000000000e+04 1.090769411327805355e-111
3.584000000000000000e+04 1.090769411327805355e-111
3.590400000000000000e+04 1.090769411327805355e-111
3.596800000000000000e+04 1.985737298815887583e-112
3.603200000000000000e+04 1.985737298815887583e-112
3.609600000000000000e+04 1.985737298815887583e-112
3.616000000000000000e+04 1.985737298815887583e-112
3.622400000000000000e+04 1.739654461555310025e-112
3.628800000000000000e+04 5.973300005787331045e-113
3.635200000000000000e+04 5.973300005787331045e-113
3.641600000000000000e+04 5.973300005787331045e-113
3.648000000000000000e+04 5.973300005787331045e-113
3.654400000000000000e+04 2.780498265509467675e-113
3.660800000000000000e+04 2.780498265509467675e-113
3.667200000000000000e+04 2.780498265509467675e-113
3.673600000000000000e+04 3.082827251712991334e-114
3.680000000000000000e+04 1.497268659010885123e-114
3.686400000000000000e+04 1.497268659010885123e-114
3.692800000000000000e+04 5.886290931500491810e-115
3.699200000000000000e+04 5.886290931500491810e-115
3.705600000000000000e+04 5.886290931500491810e-115
3.712000000000000000e+04 4.408582161679442285e-115
3.718400000000000000e+04 2.505947043158678797e-116
3.724800000000000000e+04 2.505947043158678797e-116
3.731200000000000000e+04 3.227785315382039908e-117
3.737600000000000000e+04 3.227785315382039908e-117
3.744000000000000000e+04 3.227785315382039908e-117
3.750400000000000000e+04 3.227785315382039908e-117
3.756800000000000000e+04 3.227785315382039908e-117
3.763200000000000000e+04 2.427849521930534951e-117
3.769600000000000000e+04 2.427849521930534951e-117
3.776000000000000000e+04 4.088790558145157133e-118
3.782400000000000000e+04 4.088790558145157133e-118
3.788800000000000000e+04 4.088790558145157133e-118
3.795200000000000000e+04 2.001344466449990831e-118
3.801600000000000000e+04 2.001344466449990831e-118
3.808000000000000000e+04 6.417896331806223386e-119
3.814400000000000000e+04 6.417896331806223386e-119
3.820800000000000000e+04 4.324890149828555187e-119
3.827200000000000000e+04 4.324890149828555187e-119
3.833600000000000000e+04 4.324890149828555187e-119
3.840000000000000000e+04 4.324890149828555187e-119
3.846400000000000000e+04 4.324890149828555187e-119
3.852800000000000000e+04 1.025232218744154022e-119
3.859200000000000000e+04 1.025232218744154022e-119
3.865600000000000000e+04 4.805988305659161249e-121
3.872000000000000000e+04 1.610878154578908741e-121
3.878400000000000000e+04 1.610878154578908741e-121
3.884800000000000000e+04 1.194288591991079544e-121
3.891200000000000000e+04 1.194288591991079544e-121
3.897600000000000000e+04 1.194288591991079544e-121
3.904000000000000000e+04 1.194288591991079544e-121
3.910400000000000000e+04 1.194288591991079544e-121
3.916800000000000000e+04 6.969202980832457510e-123
3.923200000000000000e+04 5.837814570011972655e-123
3.929600000000000000e+04 5.837814570011972655e-123
3.936000000000000000e+04 5.837814570011972655e-123
3.942400000000000000e+04 5.837814570011972655e-123
3.948800000000000000e+04 5.837814570011972655e-123
3.955200000000000000e+04 5.837814570011972655e-123
3.961600000000000000e+04 6.466800033096506326e-124
3.968000000000000000e+04 6.466800033096506326e-124
3.974400000000000000e+04 6.466800033096506326e-124
3.980800000000000000e+04 6.466800033096506326e-124
3.987200000000000000e+04 4.927804257103733218e-124
3.993600000000000000e+04 5.553929674798877966e-125
4.000000000000000000e+04 5.553929674798877966e-125
4.006400000000000000e+04 5.553929674798877966e-125
4.012800000000000000e+04 5.553929674798877966e-125
4.019200000000000000e+04 4.111155012955543514e-125
4.025600000000000000e+04 4.111155012955543514e-125
4.032000000000000000e+04 4.104942058285144576e-125
4.038400000000000000e+04 7.526374709518343606e-126
4.044800000000000000e+04 7.526374709518343606e-126
4.051200000000000000e+04 7.526374709518343606e-126
4.057600000000000000e+04 2.455982636726137699e-126
4.064000000000000000e+04 1.502543745951305699e-126
4.070400000000000000e+04 9.030946853292716273e-127
4.076800000000000000e+04 9.030946853292716273e-127
4.083200000000000000e+04 9.030946853292716273e-127
4.089600000000000000e+04 2.080266945164250172e-127
4.096000000000000000e+04 2.080266945164250172e-127
4.102400000000000000e+04 5.995978257732773465e-128
4.108800000000000000e+04 5.995978257732773465e-128
4.115200000000000000e+04 5.995978257732773465e-128
4.121600000000000000e+04 5.995978257732773465e-128
4.128000000000000000e+04 2.473147286984312901e-128
4.134400000000000000e+04 2.473147286984312901e-128
4.140800000000000000e+04 2.369304267701362128e-128
4.147200000000000000e+04 1.741737565703646586e-129
4.153600000000000000e+04 1.741737565703646586e-129
4.160000000000000000e+04 1.741737565703646586e-129
4.166400000000000000e+04 1.070474749743590109e-129
4.172800000000000000e+04 1.070474749743590109e-129
4.179200000000000000e+04 2.574119001471471299e-130
4.185600000000000000e+04 2.574119001471471299e-130
4.192000000000000000e+04 2.574119001471471299e-130
4.198400000000000000e+04 1.039397290260559593e-130
4.204800000000000000e+04 4.278855722137391205e-131
4.211200000000000000e+04 4.278855722137391205e-131
4.217600000000000000e+04 1.973492097264707312e-131
4.224000000000000000e+04 1.973492097264707312e-131
4.230400000000000000e+04 1.626195833010889212e-131
4.236800000000000000e+04 2.850530122634461973e-132
4.243200000000000000e+04 2.850530122634461973e-132
4.249600000000000000e+04 2.850530122634461973e-132
4.256000000000000000e+04 2.850530122634461973e-132
4.262400000000000000e+04 1.167875707770519870e-132
4.268800000000000000e+04 2.521522711627008613e-133
4.275200000000000000e+04 2.192166491626874904e-133
4.281600000000000000e+04 2.192166491626874904e-133
4.288000000000000000e+04 2.192166491626874904e-133
4.294400000000000000e+04 2.192166491626874904e-133
4.300800000000000000e+04 2.192166491626874904e-133
4.307200000000000000e+04 1.719122956520092544e-134
4.313600000000000000e+04 1.719122956520092544e-134
4.320000000000000000e+04 1.477301674645990488e-134
4.326400000000000000e+04 1.477301674645990488e-134
4.332800000000000000e+04 1.011191744999524384e-134
4.339200000000000000e+04 1.530121411652793973e-135
4.345600000000000000e+04 1.530121411652793973e-135
4.352000000000000000e+04 1.530121411652793973e-135
4.358400000000000000e+04 1.530121411652793973e-135
4.364800000000000000e+04 8.652130136104182913e-136
4.371200000000000000e+04 6.067218062814805211e-136
4.377600000000000000e+04 6.067218062814805211e-136
4.384000000000000000e+04 6.067218062814805211e-136
4.390400000000000000e+04 3.849881553372120966e-136
4.396800000000000000e+04 6.936259449539003637e-137
4.403200000000000000e+04 3.974319198459425533e-137
4.409600000000000000e+04 2.353783545704439249e-137
4.416000000000000000e+04 2.353783545704439249e-137
4.422400000000000000e+04 2.231203133841297198e-137
4.428800000000000000e+04 1.198769720412241620e-137
4.435200000000000000e+04 6.067379087344541126e-138
4.441600000000000000e+04 1.380159510509993796e-138
4.448000000000000000e+04 2.866927016164367140e-139
4.454400000000000000e+04 2.866927016164367140e-139
4.460800000000000000e+04 2.866927016164367140e-139
4.467200000000000000e+04 2.866927016164367140e-139
4.473600000000000000e+04 1.283728906325713864e-140
4.480000000000000000e+04 1.283728906325713864e-140
4.486400000000000000e+04 1.283728906325713864e-140
4.492800000000000000e+04 1.283728906325713864e-140
4.499200000000000000e+04 1.283728906325713864e-140
4.505600000000000000e+04 1.283728906325713864e-140
4.512000000000000000e+04 1.283728906325713864e-140
4.518400000000000000e+04 5.005130059197253221e-141
4.524800000000000000e+04 2.191955257417364192e-141
4.531200000000000000e+04 3.538035547258976776e-142
4.537600000000000000e+04 3.538035547258976776e-142
4.544000000000000000e+04 3.538035547258976776e-142
4.550400000000000000e+04 3.538035547258976776e-142
4.556800000000000000e+04 3.180155343962647956e-142
4.563200000000000000e+04 3.180155343962647956e-142
4.569600000000000000e+04 1.414685752049449269e-142
4.576000000000000000e+04 3.497917970488793574e-143
4.582400000000000000e+04 1.132485223293482630e-143
4.588800000000000000e+04 1.132485223293482630e-143
4.595200000000000000e+04 7.283976858424784593e-145
4.601600000000000000e+04 7.283976858424784593e-145
4.608000000000000000e+04 7.283976858424784593e-145
4.614400000000000000e+04 7.283976858424784593e-145
4.620800000000000000e+04 7.283976858424784593e-145
4.627200000000000000e+04 7.283976858424784593e-145
4.633600000000000000e+04 3.583877194101524247e-145
4.640000000000000000e+04 3.583877194101524247e-145
4.646400000000000000e+04 1.787484760415937488e-145
4.652800000000000000e+04 1.787484760415937488e-145
4.659200000000000000e+04 1.787484760415937488e-145
4.665600000000000000e+04 3.051350142773524689e-146
4.672000000000000000e+04 3.051350142773524689e-146
4.678400000000000000e+04 3.051350142773524689e-146
4.684800000000000000e+04 3.051350142773524689e-146
4.691200000000000000e+04 6.866857684163346017e-147
4.697600000000000000e+04 6.866857684163346017e-147
4.704000000000000000e+04 6.866857684163346017e-147
4.710400000000000000e+04 6.866857684163346017e-147
4.716800000000000000e+04 6.265878707890996844e-147
4.723200000000000000e+04 8.596530222980792545e-148
4.729600000000000000e+04 1.431895926815182700e-148
4.736000000000000000e+04 1.431895926815182700e-148
4.742400000000000000e+04 1.431895926815182700e-148
4.748800000000000000e+04 1.431895926815182700e-148
4.755200000000000000e+04 1.431895926815182700e-148
4.761600000000000000e+04 1.431895926815182700e-148
4.768000000000000000e+04 5.917859405987057263e-150
4.774400000000000000e+04 5.917859405987057263e-150
4.780800000000000000e+04 5.917859405987057263e-150
4.787200000000000000e+04 5.917859405987057263e-150
4.793600000000000000e+04 9.699942215717056974e-151
4.800000000000000000e+04 9.699942215717056974e-151
4.806400000000000000e+04 9.699942215717056974e-151
4.812800000000000000e+04 7.382579730264361197e-151
4.819200000000000000e+04 7.382579730264361197e-151
4.825600000000000000e+04 7.382579730264361197e-151
4.832000000000000000e+04 7.382579730264361197e-151
4.838400000000000000e+04 1.315307429428713166e-151
4.844800000000000000e+04 1.315307429428713166e-151
4.851200000000000000e+04 3.389286625495127209e-152
4.857600000000000000e+04 3.389286625495127209e-152
4.864000000000000000e+04 3.389286625495127209e-152
4.870400000000000000e+04 1.619502276032819957e-152
4.876800000000000000e+04 1.378510131537075241e-152
4.883200000000000000e+04 1.378510131537075241e-152
4.889600000000000000e+04 9.267175066164400810e-154
4.896000000000000000e+04 9.267175066164400810e-154
4.902400000000000000e+04 9.267175066164400810e-154
4.908800000000000000e+04 9.267175066164400810e-154
4.915200000000000000e+04 9.267175066164400810e-154
4.921600000000000000e+04 6.345662687560728266e-154
4.928000000000000000e+04 2.183434523653516244e-154
4.934400000000000000e+04 3.076209902053843898e-155
4.940800000000000000e+04 3.076209902053843898e-155
4.947200000000000000e+04 3.076209902053843898e-155
4.953600000000000000e+04 3.076209902053843898e-155
4.960000000000000000e+04 2.074132923658235081e-156
4.966400000000000000e+04 2.074132923658235081e-156
4.972800000000000000e+04 2.074132923658235081e-156
4.979200000000000000e+04 2.074132923658235081e-156
4.985600000000000000e+04 2.074132923658235081e-156
4.992000000000000000e+04 2.074132923658235081e-156
4.998400000000000000e+04 2.074132923658235081e-156
5.004800000000000000e+04 2.074132923658235081e-156
5.011200000000000000e+04 2.074132923658235081e-156
5.017600000000000000e+04 4.462105007481757204e-157
5.024000000000000000e+04 4.393497056353013321e-157
5.030400000000000000e+04 4.393497056353013321e-157
5.036800000000000000e+04 9.637453657253717783e-158
5.043200000000000000e+04 9.637453657253717783e-158
5.049600000000000000e+04 2.785736100558149825e-158
5.056000000000000000e+04 2.785736100558149825e-158
5.062400000000000000e+04 2.785736100558149825e-158
5.068800000000000000e+04 2.785736100558149825e-158
5.075200000000000000e+04 2.785736100558149825e-158
5.081600000000000000e+04 5.292419897819150021e-159
5.088000000000000000e+04 5.292419897819150021e-159
5.094400000000000000e+04 1.301557200072541880e-159
5.100800000000000000e+04 1.301557200072541880e-159
5.107200000000000000e+04 1.301557200072541880e-159
5.113600000000000000e+04 1.301557200072541880e-159
5.120000000000000000e+04 1.301557200072541880e-159
5.126400000000000000e+04 7.135678546440025992e-160
5.132800000000000000e+04 2.886046802267002186e-161
5.139200000000000000e+04 2.886046802267002186e-161
5.145600000000000000e+04 2.886046802267002186e-161
5.152000000000000000e+04 2.886046802267002186e-161
5.158400000000000000e+04 1.350301501132483700e-161
5.164800000000000000e+04 1.350301501132483700e-161
5.171200000000000000e+04 1.290446271438662261e-161
5.177600000000000000e+04 1.290446271438662261e-161
5.184000000000000000e+04 1.019429733467341843e-161
5.190400000000000000e+04 2.241801027415691730e-162
5.196800000000000000e+04 2.217992374338658817e-162
5.203200000000000000e+04 2.217992374338658817e-162
5.209600000000000000e+04 1.417401224435669342e-162
5.216000000000000000e+04 3.605684078851005144e-163
5.222400000000000000e+04 3.605684078851005144e-163
5.228800000000000000e+04 2.765485013683439622e-163
5.235200000000000000e+04 2.765485013683439622e-163
5.241600000000000000e+04 1.592822106409837280e-163
5.248000000000000000e+04 1.409521632288052707e-164
5.254400000000000000e+04 1.409521632288052707e-164
5.260800000000000000e+04 1.409521632288052707e-164
5.267200000000000000e+04 3.977009779555177798e-165
5.273600000000000000e+04 3.977009779555177798e-165
5.280000000000000000e+04 3.977009779555177798e-165
5.286400000000000000e+04 8.616059215738217108e-166
5.292800000000000000e+04 8.616059215738217108e-166
5.299200000000000000e+04 8.616059215738217108e-166
5.305600000000000000e+04 8.616059215738217108e-166
5.312000000000000000e+04 8.861044986892000741e-167
5.318400000000000000e+04 4.109247339343207768e-167
5.324800000000000000e+04 4.109247339343207768e-167
5.331200000000000000e+04 4.109247339343207768e-167
5.337600000000000000e+04 4.109247339343207768e-167
5.344000000000000000e+04 4.109247339343207768e-167
5.350400000000000000e+04 4.109247339343207768e-167
5.356800000000000000e+04 4.109247339343207768e-167
5.363200000000000000e+04 4.109247339343207768e-167
5.369600000000000000e+04 4.109247339343207768e-167
5.376000000000000000e+04 3.805247175959327918e-167
5.382400000000000000e+04 2.698290565706637576e-168
5.388800000000000000e+04 2.698290565706637576e-168
5.395200000000000000e+04 6.808832434382740055e-169
5.401600000000000000e+04 8.635147529860935212e-170
5.408000000000000000e+04 8.635147529860935212e-170
5.414400000000000000e+04 8.635147529860935212e-170
5.420800000000000000e+04 3.895867120344403379e-170
5.427200000000000000e+04 3.895867120344403379e-170
5.433600000000000000e+04 3.895867120344403379e-170
5.440000000000000000e+04 3.895867120344403379e-170
5.446400000000000000e+04 3.465356471014761509e-170
5.452800000000000000e+04 5.464517171847402504e-171
5.459200000000000000e+04 1.605817163581856971e-172
5.465600000000000000e+04 1.605817163581856971e-172
5.472000000000000000e+04 1.605817163581856971e-172
5.478400000000000000e+04 1.605817163581856971e-172
5.484800000000000000e+04 1.605817163581856971e-172
5.491200000000000000e+04 3.156732419186143632e-173
5.497600000000000000e+04 3.156732419186143632e-173
5.504000000000000000e+04 3.156732419186143632e-173
5.510400000000000000e+04 1.913781076934634134e-173
5.516800000000000000e+04 1.073686833687905300e-174
5.523200000000000000e+04 1.073686833687905300e-174
5.529600000000000000e+04 1.073686833687905300e-174
5.536000000000000000e+04 1.073686833687905300e-174
5.542400000000000000e+04 1.073686833687905300e-174
5.548800000000000000e+04 1.073686833687905300e-174
5.555200000000000000e+04 1.073686833687905300e-174
5.561600000000000000e+04 1.073686833687905300e-174
5.568000000000000000e+04 1.073686833687905300e-174
5.574400000000000000e+04 1.073686833687905300e-174
5.580800000000000000e+04 1.073686833687905300e-174
5.587200000000000000e+04 1.697110751064720439e-175
5.593600000000000000e+04 1.697110751064720439e-175
5.600000000000000000e+04 1.697110751064720439e-175
5.606400000000000000e+04 1.697110751064720439e-175
5.612800000000000000e+04 1.048579439449912579e-176
5.619200000000000000e+04 1.048579439449912579e-176
5.625600000000000000e+04 1.048579439449912579e-176
5.632000000000000000e+04 1.048579439449912579e-176
5.638400000000000000e+04 1.048579439449912579e-176
5.644800000000000000e+04 1.048579439449912579e-176
5.651200000000000000e+04 1.048579439449912579e-176
5.657600000000000000e+04 8.038240483698791603e-177
5.664000000000000000e+04 8.038240483698791603e-177
5.670400000000000000e+04 5.260916191302543610e-177
5.676800000000000000e+04 3.390592991869108913e-177
5.683200000000000000e+04 1.032629992266576728e-177
5.689600000000000000e+04 6.849730667043855648e-178
5.696000000000000000e+04 7.205751720389070432e-179
5.702400000000000000e+04 5.758499984635577032e-179
5.708800000000000000e+04 5.758499984635577032e-179
5.715200000000000000e+04 5.758499984635577032e-179
5.721600000000000000e+04 5.758499984635577032e-179
5.728000000000000000e+04 5.758499984635577032e-179
5.734400000000000000e+04 5.758499984635577032e-179
5.740800000000000000e+04 5.758499984635577032e-179
5.747200000000000000e+04 3.549241631233861126e-179
5.753600000000000000e+04 3.549241631233861126e-179
5.760000000000000000e+04 2.138102847866161089e-179
5.766400000000000000e+04 2.598073076622843420e-180
5.772800000000000000e+04 1.186843822547968792e-180
5.779200000000000000e+04 3.972680727761417524e-181
5.785600000000000000e+04 3.972680727761417524e-181
5.792000000000000000e+04 3.972680727761417524e-181
5.798400000000000000e+04 3.972680727761417524e-181
5.804800000000000000e+04 3.972680727761417524e-181
5.811200000000000000e+04 3.972680727761417524e-181
5.817600000000000000e+04 3.307609589302076618e-181
5.824000000000000000e+04 8.149582609705139517e-182
5.830400000000000000e+04 8.149582609705139517e-182
5.836800000000000000e+04 8.149582609705139517e-182
5.843200000000000000e+04 2.075255442880602061e-182
5.849600000000000000e+04 5.075376174576474889e-183
5.856000000000000000e+04 5.075376174576474889e-183
5.862400000000000000e+04 5.075376174576474889e-183
5.868800000000000000e+04 5.075376174576474889e-183
5.875200000000000000e+04 3.973009241825937598e-183
5.881600000000000000e+04 1.268107141022819815e-183
5.888000000000000000e+04 1.268107141022819815e-183
5.894400000000000000e+04 1.268107141022819815e-183
5.900800000000000000e+04 9.957553124367273162e-184
5.907200000000000000e+04 9.957553124367273162e-184
5.913600000000000000e+04 2.812985133643632083e-184
5.920000000000000000e+04 4.285995684522594998e-185
5.926400000000000000e+04 4.285995684522594998e-185
5.932800000000000000e+04 1.085541573498457439e-185
5.939200000000000000e+04 1.085541573498457439e-185
5.945600000000000000e+04 9.353316640732164744e-186
5.952000000000000000e+04 6.318398604790584502e-186
5.958400000000000000e+04 1.756869023716136328e-186
5.964800000000000000e+04 1.756869023716136328e-186
5.971200000000000000e+04 1.621784702255836768e-186
5.977600000000000000e+04 4.919786866702486390e-187
5.984000000000000000e+04 4.919786866702486390e-187
5.990400000000000000e+04 1.638289712929441852e-187
5.996800000000000000e+04 1.638289712929441852e-187
6.003200000000000000e+04 1.638289712929441852e-187
6.009600000000000000e+04 1.638289712929441852e-187
6.016000000000000000e+04 5.249456554293294279e-188
6.022400000000000000e+04 5.249456554293294279e-188
6.028800000000000000e+04 5.249456554293294279e-188
6.035200000000000000e+04 2.516278002667515205e-189
6.041600000000000000e+04 1.566094551023774248e-189
6.048000000000000000e+04 1.566094551023774248e-189
6.054400000000000000e+04 1.566094551023774248e-189
6.060800000000000000e+04 1.448321288596119384e-189
6.067200000000000000e+04 3.781255520390239456e-190
6.073600000000000000e+04 3.781255520390239456e-190
6.080000000000000000e+04 4.742486538456166527e-191
6.086400000000000000e+04 4.742486538456166527e-191
6.092800000000000000e+04 4.742486538456166527e-191
6.099200000000000000e+04 4.742486538456166527e-191
6.105600000000000000e+04 4.742486538456166527e-191
6.112000000000000000e+04 4.742486538456166527e-191
6.118400000000000000e+04 2.761948851391235237e-191
6.124800000000000000e+04 3.181225404721296534e-192
6.131200000000000000e+04 3.181225404721296534e-192
6.137600000000000000e+04 1.948664884515982433e-194
6.144000000000000000e+04 1.948664884515982433e-194
6.150400000000000000e+04 1.948664884515982433e-194
6.156800000000000000e+04 1.948664884515982433e-194
6.163200000000000000e+04 1.948664884515982433e-194
6.169600000000000000e+04 1.948664884515982433e-194
6.176000000000000000e+04 1.948664884515982433e-194
6.182400000000000000e+04 1.948664884515982433e-194
6.188800000000000000e+04 1.948664884515982433e-194
6.195200000000000000e+04 8.948379957781684983e-195
6.201600000000000000e+04 8.948379957781684983e-195
6.208000000000000000e+04 8.948379957781684983e-195
6.214400000000000000e+04 8.846791831821102170e-195
6.220800000000000000e+04 5.563854205568833982e-195
6.227200000000000000e+04 9.794763931669226839e-196
6.233600000000000000e+04 9.794763931669226839e-196
6.240000000000000000e+04 9.794763931669226839e-196
6.246400000000000000e+04 9.794763931669226839e-196
6.252800000000000000e+04 2.082536840185959383e-196
6.259200000000000000e+04 7.477191498101126014e-197
6.265600000000000000e+04 7.477191498101126014e-197
6.272000000000000000e+04 7.477191498101126014e-197
6.278400000000000000e+04 3.976468650267656471e-197
6.284800000000000000e+04 3.976468650267656471e-197
6.291200000000000000e+04 1.012060279814627066e-197
6.297600000000000000e+04 1.012060279814627066e-197
6.304000000000000000e+04 1.012060279814627066e-197
6.310400000000000000e+04 1.012060279814627066e-197
6.316800000000000000e+04 1.012060279814627066e-197
6.323200000000000000e+04 1.197156449234441168e-199
6.329600000000000000e+04 1.197156449234441168e-199
6.336000000000000000e+04 1.197156449234441168e-199
6.342400000000000000e+04 1.197156449234441168e-199
6.348800000000000000e+04 1.197156449234441168e-199
6.355200000000000000e+04 1.197156449234441168e-199
6.361600000000000000e+04 3.571738745726644590e-200
6.368000000000000000e+04 3.571738745726644590e-200
6.374400000000000000e+04 3.571738745726644590e-200
6.380800000000000000e+04 3.571738745726644590e-200
6.387200000000000000e+04 3.571738745726644590e-200
6.393600000000000000e+04 3.571738745726644590e-200
6.400000000000000000e+04 8.675842453761349868e-201
6.406400000000000000e+04 8.675842453761349868e-201
6.412800000000000000e+04 3.926324866126309082e-201
6.419200000000000000e+04 2.559156657936353760e-201
6.425600000000000000e+04 2.559156657936353760e-201
6.432000000000000000e+04 2.559156657936353760e-201
6.438400000000000000e+04 2.559156657936353760e-201
6.444800000000000000e+04 2.474703672245015341e-202
6.451200000000000000e+04 2.474703672245015341e-202
6.457600000000000000e+04 2.474703672245015341e-202
6.464000000000000000e+04 2.474703672245015341e-202
6.470400000000000000e+04 2.474703672245015341e-202
6.476800000000000000e+04 5.679333648895488547e-203
6.483200000000000000e+04 5.679333648895488547e-203
6.489600000000000000e+04 5.679333648895488547e-203
6.496000000000000000e+04 1.795529469101897482e-203
6.502400000000000000e+04 1.795529469101897482e-203
6.508800000000000000e+04 1.795529469101897482e-203
6.515200000000000000e+04 1.795529469101897482e-203
6.521600000000000000e+04 1.329481277898021953e-203
6.528000000000000000e+04 8.672429093684041194e-204
6.534400000000000000e+04 4.065997248161472298e-204
6.540800000000000000e+04 4.065997248161472298e-204
6.547200000000000000e+04 2.849234545937507098e-204
6.553600000000000000e+04 3.280857049150276237e-205
6.560000000000000000e+04 3.280857049150276237e-205
6.566400000000000000e+04 3.554445065639978925e-206
6.572800000000000000e+04 3.554445065639978925e-206
6.579200000000000000e+04 3.554445065639978925e-206
6.585600000000000000e+04 1.348969303066876352e-206
6.592000000000000000e+04 1.348969303066876352e-206
6.598400000000000000e+04 1.348969303066876352e-206
6.604800000000000000e+04 1.348969303066876352e-206
6.611200000000000000e+04 1.348969303066876352e-206
6.617600000000000000e+04 1.348969303066876352e-206
6.624000000000000000e+04 1.348969303066876352e-206
6.630400000000000000e+04 3.269013219855565650e-207
6.636800000000000000e+04 7.709980166004524056e-208
6.643200000000000000e+04 7.709980166004524056e-208
6.649600000000000000e+04 7.709980166004524056e-208
6.656000000000000000e+04 1.673486314036386105e-208
6.662400000000000000e+04 5.720110667711425685e-209
6.668800000000000000e+04 5.720110667711425685e-209
6.675200000000000000e+04 5.720110667711425685e-209
6.681600000000000000e+04 5.720110667711425685e-209
6.688000000000000000e+04 1.567963112405494997e-209
6.694400000000000000e+04 1.567963112405494997e-209
6.700800000000000000e+04 3.136285077302897045e-210
6.707200000000000000e+04 3.136285077302897045e-210
6.713600000000000000e+04 2.198132018296351117e-211
6.720000000000000000e+04 2.198132018296351117e-211
6.726400000000000000e+04 2.198132018296351117e-211
6.732800000000000000e+04 2.198132018296351117e-211
6.739200000000000000e+04 2.198132018296351117e-211
6.745600000000000000e+04 2.198132018296351117e-211
6.752000000000000000e+04 2.516674794420740221e-212
6.758400000000000000e+04 2.516674794420740221e-212
6.764800000000000000e+04 2.516674794420740221e-212
6.771200000000000000e+04 2.516674794420740221e-212
6.777600000000000000e+04 2.516674794420740221e-212
6.784000000000000000e+04 2.516674794420740221e-212
6.790400000000000000e+04 2.516674794420740221e-212
6.796800000000000000e+04 1.406174188779823121e-212
6.803200000000000000e+04 5.718223738462167531e-213
6.809600000000000000e+04 5.718223738462167531e-213
6.816000000000000000e+04 5.718223738462167531e-213
6.822400000000000000e+04 2.352212249893020227e-213
6.828800000000000000e+04 2.352212249893020227e-213
6.835200000000000000e+04 6.246966984631952109e-214
6.841600000000000000e+04 5.998872420390798887e-214
6.848000000000000000e+04 1.614384326748753745e-214
6.854400000000000000e+04 1.614384326748753745e-214
6.860800000000000000e+04 1.614384326748753745e-214
6.867200000000000000e+04 2.008003061165489811e-215
6.873600000000000000e+04 3.680137888376700253e-216
6.880000000000000000e+04 3.680137888376700253e-216
6.886400000000000000e+04 3.680137888376700253e-216
6.892800000000000000e+04 3.680137888376700253e-216
6.899200000000000000e+04 8.633037792906161684e-218
6.905600000000000000e+04 8.633037792906161684e-218
6.912000000000000000e+04 8.633037792906161684e-218
6.918400000000000000e+04 8.633037792906161684e-218
6.924800000000000000e+04 8.633037792906161684e-218
6.931200000000000000e+04 8.633037792906161684e-218
6.937600000000000000e+04 9.941766894448121684e-219
6.944000000000000000e+04 9.941766894448121684e-219
6.950400000000000000e+04 9.941766894448121684e-219
6.956800000000000000e+04 9.941766894448121684e-219
6.963200000000000000e+04 3.179761628913391463e-219
6.969600000000000000e+04 3.179761628913391463e-219
6.976000000000000000e+04 3.179761628913391463e-219
6.982400000000000000e+04 5.461485264144716488e-220
6.988800000000000000e+04 5.461485264144716488e-220
6.995200000000000000e+04 3.944810956292865514e-220
7.001600000000000000e+04 3.944810956292865514e-220
7.008000000000000000e+04 1.390451872384038792e-220
7.014400000000000000e+04 9.350200444820704907e-221
7.020800000000000000e+04 9.350200444820704907e-221
7.027200000000000000e+04 9.350200444820704907e-221
7.033600000000000000e+04 9.350200444820704907e-221
7.040000000000000000e+04 9.350200444820704907e-221
7.046400000000000000e+04 4.808287691747672988e-222
7.052800000000000000e+04 4.808287691747672988e-222
7.059200000000000000e+04 7.662957329852555280e-223
7.065600000000000000e+04 7.662957329852555280e-223
7.072000000000000000e+04 7.662957329852555280e-223
7.078400000000000000e+04 7.662957329852555280e-223
7.084800000000000000e+04 7.662957329852555280e-223
7.091200000000000000e+04 7.662957329852555280e-223
7.097600000000000000e+04 7.662957329852555280e-223
7.104000000000000000e+04 1.017030323970004737e-224
7.110400000000000000e+04 1.017030323970004737e-224
7.116800000000000000e+04 1.017030323970004737e-224
7.123200000000000000e+04 1.017030323970004737e-224
7.129600000000000000e+04 1.017030323970004737e-224
7.136000000000000000e+04 1.017030323970004737e-224
7.142400000000000000e+04 5.887855048877683288e-225
7.148800000000000000e+04 5.887855048877683288e-225
7.155200000000000000e+04 2.605698063203233319e-226
7.161600000000000000e+04 2.605698063203233319e-226
7.168000000000000000e+04 2.605698063203233319e-226
7.174400000000000000e+04 2.605698063203233319e-226
7.180800000000000000e+04 2.605698063203233319e-226
7.187200000000000000e+04 2.605698063203233319e-226
7.193600000000000000e+04 2.605698063203233319e-226
7.200000000000000000e+04 2.605698063203233319e-226
7.206400000000000000e+04 7.284202013557050138e-227
7.212800000000000000e+04 7.284202013557050138e-227
7.219200000000000000e+04 2.904400972575998489e-227
7.225600000000000000e+04 2.904400972575998489e-227
7.232000000000000000e+04 1.956394908839313173e-228
7.238400000000000000e+04 1.956394908839313173e-228
7.244800000000000000e+04 1.956394908839313173e-228
7.251200000000000000e+04 1.956394908839313173e-228
7.257600000000000000e+04 1.956394908839313173e-228
7.264000000000000000e+04 1.956394908839313173e-228
7.270400000000000000e+04 7.853558885282741290e-229
7.276800000000000000e+04 4.770342990439141387e-229
7.283200000000000000e+04 4.770342990439141387e-229
7.289600000000000000e+04 3.594234847638821495e-229
7.296000000000000000e+04 1.914053312946648984e-229
7.302400000000000000e+04 1.459092820776659133e-229
7.308800000000000000e+04 1.459092820776659133e-229
7.315200000000000000e+04 1.459092820776659133e-229
7.321600000000000000e+04 2.189578414005511021e-230
7.328000000000000000e+04 2.189578414005511021e-230
7.334400000000000000e+04 2.189578414005511021e-230
7.340800000000000000e+04 6.329334622788350977e-231
7.347200000000000000e+04 2.960253083571363908e-232
7.353600000000000000e+04 2.960253083571363908e-232
7.360000000000000000e+04 2.960253083571363908e-232
7.366400000000000000e+04 2.960253083571363908e-232
7.372800000000000000e+04 2.960253083571363908e-232
7.379200000000000000e+04 2.960253083571363908e-232
7.385600000000000000e+04 2.960253083571363908e-232
7.392000000000000000e+04 2.185396377571091396e-232
7.398400000000000000e+04 2.185396377571091396e-232
7.404800000000000000e+04 2.185396377571091396e-232
7.411200000000000000e+04 6.534177296413516550e-233
7.417600000000000000e+04 6.534177296413516550e-233
7.424000000000000000e+04 6.534177296413516550e-233
7.430400000000000000e+04 6.534177296413516550e-233
7.436800000000000000e+04 6.534177296413516550e-233
7.443200000000000000e+04 6.045328909445121569e-234
7.449600000000000000e+04 6.045328909445121569e-234
7.456000000000000000e+04 3.457726496255899414e-234
7.462400000000000000e+04 3.457726496255899414e-234
7.468800000000000000e+04 3.457726496255899414e-234
7.475200000000000000e+04 1.656492400827218781e-234
7.481600000000000000e+04 1.656492400827218781e-234
7.488000000000000000e+04 4.610566476509192212e-235
7.494400000000000000e+04 4.610566476509192212e-235
7.500800000000000000e+04 4.610566476509192212e-235
7.507200000000000000e+04 4.610566476509192212e-235
7.513600000000000000e+04 1.715390361904521409e-235
7.520000000000000000e+04 1.715390361904521409e-235
7.526400000000000000e+04 1.715390361904521409e-235
7.532800000000000000e+04 7.266081702858319673e-236
7.539200000000000000e+04 4.052927951932128182e-236
7.545600000000000000e+04 5.414961819809012155e-237
7.552000000000000000e+04 5.414961819809012155e-237
7.558400000000000000e+04 5.414961819809012155e-237
7.564800000000000000e+04 2.795279861347059659e-237
7.571200000000000000e+04 1.693606709224811745e-237
7.577600000000000000e+04 1.693606709224811745e-237
7.584000000000000000e+04 1.822983913200678378e-238
7.590400000000000000e+04 1.822983913200678378e-238
7.596800000000000000e+04 1.822983913200678378e-238
7.603200000000000000e+04 1.822983913200678378e-238
7.609600000000000000e+04 1.822983913200678378e-238
7.616000000000000000e+04 1.724935558449775202e-238
7.622400000000000000e+04 1.724935558449775202e-238
7.628800000000000000e+04 6.557537318719080600e-239
7.635200000000000000e+04 6.557537318719080600e-239
7.641600000000000000e+04 2.770932984780668305e-239
7.648000000000000000e+04 2.147029181338947659e-239
7.654400000000000000e+04 1.355824894950048775e-240
7.660800000000000000e+04 1.355824894950048775e-240
7.667200000000000000e+04 2.878793419029853325e-241
7.673600000000000000e+04 1.343418328327040543e-241
7.680000000000000000e+04 1.343418328327040543e-241
7.686400000000000000e+04 8.218224101318213945e-242
7.692800000000000000e+04 8.218224101318213945e-242
7.699200000000000000e+04 8.218224101318213945e-242
7.705600000000000000e+04 8.218224101318213945e-242
7.712000000000000000e+04 7.321545692893786944e-242
7.718400000000000000e+04 3.156086027296571112e-242
7.724800000000000000e+04 1.634030742395427846e-242
7.731200000000000000e+04 4.849431891822498895e-243
7.737600000000000000e+04 4.849431891822498895e-243
7.744000000000000000e+04 1.669189464409446240e-243
7.750400000000000000e+04 1.669189464409446240e-243
7.756800000000000000e+04 7.740377062934994048e-246
7.763200000000000000e+04 7.740377062934994048e-246
7.769600000000000000e+04 7.740377062934994048e-246
7.776000000000000000e+04 7.740377062934994048e-246
7.782400000000000000e+04 7.740377062934994048e-246
7.788800000000000000e+04 7.740377062934994048e-246
7.795200000000000000e+04 7.740377062934994048e-246
7.801600000000000000e+04 7.740377062934994048e-246
7.808000000000000000e+04 7.740377062934994048e-246
7.814400000000000000e+04 7.740377062934994048e-246
7.820800000000000000e+04 7.740377062934994048e-246
7.827200000000000000e+04 7.740377062934994048e-246
7.833600000000000000e+04 7.740377062934994048e-246
7.840000000000000000e+04 7.740377062934994048e-246
7.846400000000000000e+04 7.740377062934994048e-246
7.852800000000000000e+04 3.117387481214484285e-246
7.859200000000000000e+04 3.117387481214484285e-246
7.865600000000000000e+04 3.117387481214484285e-246
7.872000000000000000e+04 4.594988168999087530e-247
7.878400000000000000e+04 4.594988168999087530e-247
7.884800000000000000e+04 4.594988168999087530e-247
7.891200000000000000e+04 4.594988168999087530e-247
7.897600000000000000e+04 9.770120445260135326e-248
7.904000000000000000e+04 9.770120445260135326e-248
7.910400000000000000e+04 5.491054457992177548e-248
7.916800000000000000e+04 5.491054457992177548e-248
7.923200000000000000e+04 5.491054457992177548e-248
7.929600000000000000e+04 3.560491519465867990e-248
7.936000000000000000e+04 2.369846616739455861e-248
7.942400000000000000e+04 3.819646663870838075e-249
7.948800000000000000e+04 3.819646663870838075e-249
7.955200000000000000e+04 3.819646663870838075e-249
7.961600000000000000e+04 2.669429236657483674e-249
7.968000000000000000e+04 2.270372718446803926e-249
7.974400000000000000e+04 9.729379576315757069e-250
7.980800000000000000e+04 3.142832983811746813e-251
7.987200000000000000e+04 3.142832983811746813e-251
7.993600000000000000e+04 3.142832983811746813e-251
8.000000000000000000e+04 3.142832983811746813e-251
8.006400000000000000e+04 3.142832983811746813e-251
8.012800000000000000e+04 3.142832983811746813e-251
8.019200000000000000e+04 2.330040386377872077e-251
8.025600000000000000e+04 2.330040386377872077e-251
8.032000000000000000e+04 9.874271835426114027e-252
8.038400000000000000e+04 9.874271835426114027e-252
8.044800000000000000e+04 6.699313739388649835e-252
8.051200000000000000e+04 6.235001563137480855e-253
8.057600000000000000e+04 6.235001563137480855e-253
8.064000000000000000e+04 6.235001563137480855e-253
8.070400000000000000e+04 6.235001563137480855e-253
8.076800000000000000e+04 1.844005232480323246e-253
8.083200000000000000e+04 1.844005232480323246e-253
8.089600000000000000e+04 1.844005232480323246e-253
8.096000000000000000e+04 1.651162030221643874e-253
8.102400000000000000e+04 5.273907331048089276e-254
8.108800000000000000e+04 5.273907331048089276e-254
8.115200000000000000e+04 1.646143994060021359e-254
8.121600000000000000e+04 1.646143994060021359e-254
8.128000000000000000e+04 9.548141757582304020e-255
8.134400000000000000e+04 9.548141757582304020e-255
8.140800000000000000e+04 3.254118047143602786e-255
8.147200000000000000e+04 3.254118047143602786e-255
8.153600000000000000e+04 8.069097811045143552e-256
8.160000000000000000e+04 8.069097811045143552e-256
8.166400000000000000e+04 8.069097811045143552e-256
8.172800000000000000e+04 5.154636535184673627e-256
8.179200000000000000e+04 5.154636535184673627e-256
8.185600000000000000e+04 5.154636535184673627e-256
8.192000000000000000e+04 3.837888184832234505e-257
8.198400000000000000e+04 3.837888184832234505e-257
8.204800000000000000e+04 3.837888184832234505e-257
8.211200000000000000e+04 8.186746162851635119e-258
8.217600000000000000e+04 2.473977389593411349e-258
8.224000000000000000e+04 2.473977389593411349e-258
8.230400000000000000e+04 2.473977389593411349e-258
8.236800000000000000e+04 2.473977389593411349e-258
8.243200000000000000e+04 1.098158212158846628e-258
8.249600000000000000e+04 1.098158212158846628e-258
8.256000000000000000e+04 4.735593341969280068e-259
8.262400000000000000e+04 4.735593341969280068e-259
8.268800000000000000e+04 4.735593341969280068e-259
8.275200000000000000e+04 2.915262732032720939e-259
8.281600000000000000e+04 3.078201322019396648e-261
8.288000000000000000e+04 3.078201322019396648e-261
8.294400000000000000e+04 3.078201322019396648e-261
8.300800000000000000e+04 3.078201322019396648e-261
8.307200000000000000e+04 3.078201322019396648e-261
8.313600000000000000e+04 3.078201322019396648e-261
8.320000000000000000e+04 2.211020977844916643e-261
8.326400000000000000e+04 2.211020977844916643e-261
8.332800000000000000e+04 2.211020977844916643e-261
8.339200000000000000e+04 6.616922463245065354e-263
8.345600000000000000e+04 6.616922463245065354e-263
8.352000000000000000e+04 6.616922463245065354e-263
8.358400000000000000e+04 6.616922463245065354e-263
8.364800000000000000e+04 6.616922463245065354e-263
8.371200000000000000e+04 6.616922463245065354e-263
8.377600000000000000e+04 6.616922463245065354e-263
8.384000000000000000e+04 6.616922463245065354e-263
8.390400000000000000e+04 6.616922463245065354e-263
8.396800000000000000e+04 6.616922463245065354e-263
8.403200000000000000e+04 6.616922463245065354e-263
8.409600000000000000e+04 2.423227642945031714e-263
8.416000000000000000e+04 2.423227642945031714e-263
8.422400000000000000e+04 2.004872931814470294e-263
8.428800000000000000e+04 5.814657941146628729e-264
8.435200000000000000e+04 4.198505219450540899e-264
8.441600000000000000e+04 4.198505219450540899e-264
8.448000000000000000e+04 1.105338915835734780e-264
8.454400000000000000e+04 1.105338915835734780e-264
8.460800000000000000e+04 1.105338915835734780e-264
8.467200000000000000e+04 6.411416010341244000e-265
8.473600000000000000e+04 6.411416010341244000e-265
8.480000000000000000e+04 2.583020585263218559e-265
8.486400000000000000e+04 4.291930811248824256e-266
8.492800000000000000e+04 4.291930811248824256e-266
8.499200000000000000e+04 4.291930811248824256e-266
8.505600000000000000e+04 4.291930811248824256e-266
8.512000000000000000e+04 1.945452516766821684e-266
8.518400000000000000e+04 1.945452516766821684e-266
8.524800000000000000e+04 1.691028738616174093e-266
8.531200000000000000e+04 1.433236499599995738e-266
8.537600000000000000e+04 2.998829479802659720e-267
8.544000000000000000e+04 1.509646805284064736e-267
8.550400000000000000e+04 1.509646805284064736e-267
8.556800000000000000e+04 3.370717055944821632e-268
8.563200000000000000e+04 1.249701354139614302e-268
8.569600000000000000e+04 1.249701354139614302e-268
8.576000000000000000e+04 9.089809708233712886e-270
8.582400000000000000e+04 9.089809708233712886e-270
8.588800000000000000e+04 9.089809708233712886e-270
8.595200000000000000e+04 8.755365078473885690e-270
8.601600000000000000e+04 8.755365078473885690e-270
8.608000000000000000e+04 8.755365078473885690e-270
8.614400000000000000e+04 8.755365078473885690e-270
8.620800000000000000e+04 8.755365078473885690e-270
8.627200000000000000e+04 8.755365078473885690e-270
8.633600000000000000e+04 3.488619994255013238e-271
8.640000000000000000e+04 3.488619994255013238e-271
8.646400000000000000e+04 3.488619994255013238e-271
8.652800000000000000e+04 1.742799536775467693e-271
8.659200000000000000e+04 1.742799536775467693e-271
8.665600000000000000e+04 1.059697341214521778e-272
8.672000000000000000e+04 1.059697341214521778e-272
8.678400000000000000e+04 1.059697341214521778e-272
8.684800000000000000e+04 1.059697341214521778e-272
8.691200000000000000e+04 1.059697341214521778e-272
8.697600000000000000e+04 1.059697341214521778e-272
8.704000000000000000e+04 1.059697341214521778e-272
8.710400000000000000e+04 1.059697341214521778e-272
8.716800000000000000e+04 1.388645451231623438e-273
8.723200000000000000e+04 1.388645451231623438e-273
8.729600000000000000e+04 1.388645451231623438e-273
8.736000000000000000e+04 1.388645451231623438e-273
8.742400000000000000e+04 2.955580440948272235e-274
8.748800000000000000e+04 2.955580440948272235e-274
8.755200000000000000e+04 1.471328343908860529e-274
8.761600000000000000e+04 9.546580215740866002e-275
8.768000000000000000e+04 9.546580215740866002e-275
8.774400000000000000e+04 2.893570138104288824e-275
8.780800000000000000e+04 2.893570138104288824e-275
8.787200000000000000e+04 2.893570138104288824e-275
8.793600000000000000e+04 2.893570138104288824e-275
8.800000000000000000e+04 1.761597639646990836e-277
8.806400000000000000e+04 1.761597639646990836e-277
8.812800000000000000e+04 1.761597639646990836e-277
8.819200000000000000e+04 1.761597639646990836e-277
8.825600000000000000e+04 1.761597639646990836e-277
8.832000000000000000e+04 1.589165483773754031e-277
8.838400000000000000e+04 1.589165483773754031e-277
8.844800000000000000e+04 1.589165483773754031e-277
8.851200000000000000e+04 1.317192461080353446e-277
8.857600000000000000e+04 1.317192461080353446e-277
8.864000000000000000e+04 1.317192461080353446e-277
8.870400000000000000e+04 1.317192461080353446e-277
8.876800000000000000e+04 5.510311047325710047e-278
8.883200000000000000e+04 5.510311047325710047e-278
8.889600000000000000e+04 1.740610955690932717e-278
8.896000000000000000e+04 1.740610955690932717e-278
8.902400000000000000e+04 6.836763791602250355e-279
8.908800000000000000e+04 3.654930560177313030e-279
8.915200000000000000e+04 3.654930560177313030e-279
8.921600000000000000e+04 3.654930560177313030e-279
8.928000000000000000e+04 7.908537851632471137e-280
8.934400000000000000e+04 7.908537851632471137e-280
8.940800000000000000e+04 3.272170020455676719e-280
8.947200000000000000e+04 3.272170020455676719e-280
8.953600000000000000e+04 1.697957850360289322e-280
8.960000000000000000e+04 1.697957850360289322e-280
8.966400000000000000e+04 1.153735640063256232e-280
8.972800000000000000e+04 3.822487915387587092e-281
8.979200000000000000e+04 3.822487915387587092e-281
8.985600000000000000e+04 3.822487915387587092e-281
8.992000000000000000e+04 3.661165807552631689e-281
8.998400000000000000e+04 4.329679797059081764e-282
9.004800000000000000e+04 4.329679797059081764e-282
9.011200000000000000e+04 4.329679797059081764e-282
9.017600000000000000e+04 4.329679797059081764e-282
9.024000000000000000e+04 9.034664518113289097e-283
9.030400000000000000e+04 5.844134633776595449e-283
9.036800000000000000e+04 5.844134633776595449e-283
9.043200000000000000e+04 4.580964319406358912e-283
9.049600000000000000e+04 6.501172572834541946e-284
9.056000000000000000e+04 5.858661041676277290e-284
9.062400000000000000e+04 1.814058713065125144e-284
9.068800000000000000e+04 2.532623886517968897e-285
9.075200000000000000e+04 2.532623886517968897e-285
9.081600000000000000e+04 2.532623886517968897e-285
9.088000000000000000e+04 2.532623886517968897e-285
9.094400000000000000e+04 1.267373726996176608e-285
9.100800000000000000e+04 6.179875265611271185e-286
9.107200000000000000e+04 6.179875265611271185e-286
9.113600000000000000e+04 6.756843489088255047e-287
9.120000000000000000e+04 6.756843489088255047e-287
9.126400000000000000e+04 6.756843489088255047e-287
9.132800000000000000e+04 6.756843489088255047e-287
9.139200000000000000e+04 6.756843489088255047e-287
9.145600000000000000e+04 6.756843489088255047e-287
9.152000000000000000e+04 6.756843489088255047e-287
9.158400000000000000e+04 2.727695187625472126e-287
9.164800000000000000e+04 2.293840867280775988e-287
9.171200000000000000e+04 2.293840867280775988e-287
9.177600000000000000e+04 3.247978208088283149e-288
9.184000000000000000e+04 3.247978208088283149e-288
9.190400000000000000e+04 2.592471836975087608e-288
9.196800000000000000e+04 5.801722057382346618e-289
9.203200000000000000e+04 5.801722057382346618e-289
9.209600000000000000e+04 1.672197254485673566e-289
9.216000000000000000e+04 1.672197254485673566e-289
9.222400000000000000e+04 6.883782247418560373e-290
9.228800000000000000e+04 6.883782247418560373e-290
9.235200000000000000e+04 2.587467077903710181e-290
9.241600000000000000e+04 2.587467077903710181e-290
9.248000000000000000e+04 2.587467077903710181e-290
9.254400000000000000e+04 1.731476594887877702e-290
9.260800000000000000e+04 1.731476594887877702e-290
9.267200000000000000e+04 1.731476594887877702e-290
9.273600000000000000e+04 1.480213941000830770e-290
9.280000000000000000e+04 1.181613510844459219e-290
9.286400000000000000e+04 1.850533064842335377e-291
9.292800000000000000e+04 1.850533064842335377e-291
9.299200000000000000e+04 1.850533064842335377e-291
9.305600000000000000e+04 1.850533064842335377e-291
9.312000000000000000e+04 1.850533064842335377e-291
9.318400000000000000e+04 1.850533064842335377e-291
9.324800000000000000e+04 8.785728209305280689e-292
9.331200000000000000e+04 6.819048706898717801e-292
9.337600000000000000e+04 5.533170751193818623e-292
9.344000000000000000e+04 4.350822705868154787e-293
9.350400000000000000e+04 4.350822705868154787e-293
9.356800000000000000e+04 1.796478272534387511e-293
9.363200000000000000e+04 1.796478272534387511e-293
9.369600000000000000e+04 1.796478272534387511e-293
9.376000000000000000e+04 1.674565876588715784e-293
9.382400000000000000e+04 1.674565876588715784e-293
9.388800000000000000e+04 2.681159471651148144e-294
9.395200000000000000e+04 6.477178296855849567e-295
9.401600000000000000e+04 6.477178296855849567e-295
9.408000000000000000e+04 6.477178296855849567e-295
9.414400000000000000e+04 2.383919178360298752e-295
9.420800000000000000e+04 2.383919178360298752e-295
9.427200000000000000e+04 4.207391111737109207e-296
9.433600000000000000e+04 4.207391111737109207e-296
9.440000000000000000e+04 4.207391111737109207e-296
9.446400000000000000e+04 4.207391111737109207e-296
9.452800000000000000e+04 1.873521666205665331e-296
9.459200000000000000e+04 1.024756402929982984e-296
9.465600000000000000e+04 1.024756402929982984e-296
9.472000000000000000e+04 1.024756402929982984e-296
9.478400000000000000e+04 8.836579232564158616e-297
9.484800000000000000e+04 1.177491308290343237e-297
9.491200000000000000e+04 1.135775236760345594e-298
9.497600000000000000e+04 1.135775236760345594e-298
9.504000000000000000e+04 1.135775236760345594e-298
9.510400000000000000e+04 9.045074573740594228e-299
9.516800000000000000e+04 9.045074573740594228e-299
9.523200000000000000e+04 3.186805781640351992e-299
9.529600000000000000e+04 3.186805781640351992e-299
9.536000000000000000e+04 3.186805781640351992e-299
9.542400000000000000e+04 1.485249571661452016e-299
9.548800000000000000e+04 1.246488932688915033e-299
9.555200000000000000e+04 7.717659008394724622e-300
9.561600000000000000e+04 2.509924617237037961e-300
9.568000000000000000e+04 2.509924617237037961e-300
9.574400000000000000e+04 2.484963352241053342e-300
9.580800000000000000e+04 2.394440989789966349e-300
9.587200000000000000e+04 1.352078192090566596e-300
9.593600000000000000e+04 8.646865299160427329e-301
9.600000000000000000e+04 7.024095851627441203e-301
9.606400000000000000e+04 3.481791492844829270e-303
9.612800000000000000e+04 3.481791492844829270e-303
9.619200000000000000e+04 3.481791492844829270e-303
9.625600000000000000e+04 3.481791492844829270e-303
9.632000000000000000e+04 3.481791492844829270e-303
9.638400000000000000e+04 3.481791492844829270e-303
9.644800000000000000e+04 3.481791492844829270e-303
9.651200000000000000e+04 3.481791492844829270e-303
9.657600000000000000e+04 3.481791492844829270e-303
9.664000000000000000e+04 3.481791492844829270e-303
9.670400000000000000e+04 3.481791492844829270e-303
9.676800000000000000e+04 1.036696953868352090e-303
9.683200000000000000e+04 6.463454267536491603e-304
9.689600000000000000e+04 6.463454267536491603e-304
9.696000000000000000e+04 6.463454267536491603e-304
9.702400000000000000e+04 4.661474328119830635e-304
9.708800000000000000e+04 2.988108737086494397e-304
9.715200000000000000e+04 2.988108737086494397e-304
9.721600000000000000e+04 1.370106781813124700e-304
9.728000000000000000e+04 9.130373795385756221e-307
9.734400000000000000e+04 9.130373795385756221e-307
9.740800000000000000e+04 9.130373795385756221e-307
9.747200000000000000e+04 9.130373795385756221e-307
9.753600000000000000e+04 9.130373795385756221e-307
9.760000000000000000e+04 9.130373795385756221e-307
9.766400000000000000e+04 9.130373795385756221e-307
9.772800000000000000e+04 9.130373795385756221e-307
9.779200000000000000e+04 3.794180867927619024e-307
9.785600000000000000e+04 3.794180867927619024e-307
9.792000000000000000e+04 3.794180867927619024e-307
9.798400000000000000e+04 3.794180867927619024e-307
9.804800000000000000e+04 2.223847954112610743e-307
9.811200000000000000e+04 2.223847954112610743e-307
9.817600000000000000e+04 2.223847954112610743e-307
9.824000000000000000e+04 1.983653263762938296e-307
9.830400000000000000e+04 5.037557608703056563e-308
9.836800000000000000e+04 5.037557608703056563e-308
9.843200000000000000e+04 5.037557608703056563e-308
9.849600000000000000e+04 5.037557608703056563e-308
9.856000000000000000e+04 9.260726991866302307e-309
9.862400000000000000e+04 9.260726991866302307e-309
9.868800000000000000e+04 9.260726991866302307e-309
9.875200000000000000e+04 4.459038298315178257e-309
9.881600000000000000e+04 1.448888907559319776e-309
9.888000000000000000e+04 1.448888907559319776e-309
9.894400000000000000e+04 2.756524410535048634e-311
9.900800000000000000e+04 2.756524410535048634e-311
9.907200000000000000e+04 2.756524410535048634e-311
9.913600000000000000e+04 2.756524410535048634e-311
9.920000000000000000e+04 2.756524410535048634e-311
9.926400000000000000e+04 1.251999477013466182e-311
9.932800000000000000e+04 1.251999477013466182e-311
9.939200000000000000e+04 7.104430795998762815e-312
9.945600000000000000e+04 5.609152813650981348e-312
9.952000000000000000e+04 5.609152813650981348e-312
9.958400000000000000e+04 2.821523370502777498e-312
9.964800000000000000e+04 2.821523370502777498e-312
9.971200000000000000e+04 2.183903501947990986e-312
9.977600000000000000e+04 7.553181579203207280e-313
9.984000000000000000e+04 7.553181579203207280e-313
9.990400000000000000e+04 8.389556473078391141e-314
9.996800000000000000e+04 8.389556473078391141e-314
1.000320000000000000e+05 8.389556473078391141e-314
