6.400000000000000000e+01 4.708077595624219569e+00
1.280000000000000000e+02 5.698071294808128018e-01
1.920000000000000000e+02 5.698071294808128018e-01
2.560000000000000000e+02 5.698071294808128018e-01
3.200000000000000000e+02 5.009896421285376517e-02
3.840000000000000000e+02 5.009896421285376517e-02
4.480000000000000000e+02 6.141494425882809867e-03
5.120000000000000000e+02 6.141494425882809867e-03
5.760000000000000000e+02 6.141494425882809867e-03
6.400000000000000000e+02 6.141494425882809867e-03
7.040000000000000000e+02 6.141494425882809867e-03
7.680000000000000000e+02 6.141494425882809867e-03
8.320000000000000000e+02 3.350465281327900951e-05
8.960000000000000000e+02 3.350465281327900951e-05
9.600000000000000000e+02 3.350465281327900951e-05
1.024000000000000000e+03 3.350465281327900951e-05
1.088000000000000000e+03 3.350465281327900951e-05
1.152000000000000000e+03 3.350465281327900951e-05
1.216000000000000000e+03 3.350465281327900951e-05
1.280000000000000000e+03 3.350465281327900951e-05
1.344000000000000000e+03 3.350465281327900951e-05
1.408000000000000000e+03 2.556618769275371272e-06
1.472000000000000000e+03 2.556618769275371272e-06
1.536000000000000000e+03 2.556618769275371272e-06
1.600000000000000000e+03 2.556618769275371272e-06
1.664000000000000000e+03 2.556618769275371272e-06
1.728000000000000000e+03 2.556618769275371272e-06
1.792000000000000000e+03 2.556618769275371272e-06
1.856000000000000000e+03 2.436678888824536568e-06
1.920000000000000000e+03 1.144176608297183068e-07
1.984000000000000000e+03 1.144176608297183068e-07
2.048000000000000000e+03 1.144176608297183068e-07
2.112000000000000000e+03 9.054663773595221625e-08
2.176000000000000000e+03 9.054663773595221625e-08
2.240000000000000000e+03 8.095800192724386350e-08
2.304000000000000000e+03 1.252560731032096711e-08
2.368000000000000000e+03 1.252560731032096711e-08
2.432000000000000000e+03 1.252560731032096711e-08
2.496000000000000000e+03 6.827092353779105499e-09
2.560000000000000000e+03 1.182113575994501949e-09
2.624000000000000000e+03 1.182113575994501949e-09
2.688000000000000000e+03 1.182113575994501949e-09
2.752000000000000000e+03 8.565111879740924041e-11
2.816000000000000000e+03 8.565111879740924041e-11
2.880000000000000000e+03 8.565111879740924041e-11
2.944000000000000000e+03 8.565111879740924041e-11
3.008000000000000000e+03 8.565111879740924041e-11
3.072000000000000000e+03 8.565111879740924041e-11
3.136000000000000000e+03 8.565111879740924041e-11
3.200000000000000000e+03 1.000955123076954418e-11
3.264000000000000000e+03 1.000955123076954418e-11
3.328000000000000000e+03 1.000955123076954418e-11
3.392000000000000000e+03 1.000955123076954418e-11
3.456000000000000000e+03 5.636887739586674300e-12
3.520000000000000000e+03 5.636887739586674300e-12
3.584000000000000000e+03 5.636887739586674300e-12
3.648000000000000000e+03 2.613872584005477283e-12
3.712000000000000000e+03 8.447844416196596448e-13
3.776000000000000000e+03 8.447844416196596448e-13
3.840000000000000000e+03 4.074988483282338254e-13
3.904000000000000000e+03 4.074988483282338254e-13
3.968000000000000000e+03 2.447082891181976655e-13
4.032000000000000000e+03 1.737055104717992918e-13
4.096000000000000000e+03 1.144770340086932117e-14
4.160000000000000000e+03 1.144770340086932117e-14
4.224000000000000000e+03 1.144770340086932117e-14
4.288000000000000000e+03 1.336303857929103785e-15
4.352000000000000000e+03 1.336303857929103785e-15
4.416000000000000000e+03 1.336303857929103785e-15
4.480000000000000000e+03 1.336303857929103785e-15
4.544000000000000000e+03 1.336303857929103785e-15
4.608000000000000000e+03 1.336303857929103785e-15
4.672000000000000000e+03 1.336303857929103785e-15
4.736000000000000000e+03 1.336303857929103785e-15
4.800000000000000000e+03 3.439196917750960731e-16
4.864000000000000000e+03 3.439196917750960731e-16
4.928000000000000000e+03 3.439196917750960731e-16
4.992000000000000000e+03 2.081985707343021727e-16
5.056000000000000000e+03 2.081985707343021727e-16
5.120000000000000000e+03 1.305606993765338590e-16
5.184000000000000000e+03 1.305606993765338590e-16
5.248000000000000000e+03 6.426168448921363650e-17
5.312000000000000000e+03 5.354940343264656914e-17
5.376000000000000000e+03 4.691824465385711783e-17
5.440000000000000000e+03 4.691824465385711783e-17
5.504000000000000000e+03 2.084891200782658214e-17
5.568000000000000000e+03 9.916185270505138392e-19
5.632000000000000000e+03 9.916185270505138392e-19
5.696000000000000000e+03 9.916185270505138392e-19
5.760000000000000000e+03 2.999154006377066543e-19
5.824000000000000000e+03 3.196718144520236773e-22
5.888000000000000000e+03 3.196718144520236773e-22
5.952000000000000000e+03 3.196718144520236773e-22
6.016000000000000000e+03 3.196718144520236773e-22
6.080000000000000000e+03 3.196718144520236773e-22
6.144000000000000000e+03 3.196718144520236773e-22
6.208000000000000000e+03 3.196718144520236773e-22
6.272000000000000000e+03 3.196718144520236773e-22
6.336000000000000000e+03 3.196718144520236773e-22
6.400000000000000000e+03 3.196718144520236773e-22
6.464000000000000000e+03 3.196718144520236773e-22
6.528000000000000000e+03 3.196718144520236773e-22
6.592000000000000000e+03 3.196718144520236773e-22
6.656000000000000000e+03 3.196718144520236773e-22
6.720000000000000000e+03 1.132068360377868019e-22
6.784000000000000000e+03 1.132068360377868019e-22
6.848000000000000000e+03 6.288426283000612384e-23
6.912000000000000000e+03 6.288426283000612384e-23
6.976000000000000000e+03 8.247791095490443197e-24
7.040000000000000000e+03 8.247791095490443197e-24
7.104000000000000000e+03 7.056971262378799638e-24
7.168000000000000000e+03 5.580165750712003293e-26
7.232000000000000000e+03 5.580165750712003293e-26
7.296000000000000000e+03 5.580165750712003293e-26
7.360000000000000000e+03 5.580165750712003293e-26
7.424000000000000000e+03 5.580165750712003293e-26
7.488000000000000000e+03 5.580165750712003293e-26
7.552000000000000000e+03 5.580165750712003293e-26
7.616000000000000000e+03 5.580165750712003293e-26
7.680000000000000000e+03 2.889025176886230813e-27
7.744000000000000000e+03 2.889025176886230813e-27
7.808000000000000000e+03 2.889025176886230813e-27
7.872000000000000000e+03 2.889025176886230813e-27
7.936000000000000000e+03 2.889025176886230813e-27
8.000000000000000000e+03 2.889025176886230813e-27
8.064000000000000000e+03 2.889025176886230813e-27
8.128000000000000000e+03 1.652624916597874801e-27
8.192000000000000000e+03 1.652624916597874801e-27
8.256000000000000000e+03 1.652624916597874801e-27
8.320000000000000000e+03 1.652624916597874801e-27
8.384000000000000000e+03 1.652624916597874801e-27
8.448000000000000000e+03 6.412337959512490238e-28
8.512000000000000000e+03 6.162838201236039943e-28
8.576000000000000000e+03 5.102352893793244150e-28
8.640000000000000000e+03 1.903055043411734064e-28
8.704000000000000000e+03 1.903055043411734064e-28
8.768000000000000000e+03 1.903055043411734064e-28
8.832000000000000000e+03 1.085014056997511127e-29
8.896000000000000000e+03 1.085014056997511127e-29
8.960000000000000000e+03 1.085014056997511127e-29
9.024000000000000000e+03 1.085014056997511127e-29
9.088000000000000000e+03 1.085014056997511127e-29
9.152000000000000000e+03 1.085014056997511127e-29
9.216000000000000000e+03 1.665807705575600672e-31
9.280000000000000000e+03 1.665807705575600672e-31
9.344000000000000000e+03 1.665807705575600672e-31
9.408000000000000000e+03 1.665807705575600672e-31
9.472000000000000000e+03 1.665807705575600672e-31
9.536000000000000000e+03 1.665807705575600672e-31
9.600000000000000000e+03 1.665807705575600672e-31
9.664000000000000000e+03 1.665807705575600672e-31
9.728000000000000000e+03 6.605771718794710088e-32
9.792000000000000000e+03 6.605771718794710088e-32
9.856000000000000000e+03 6.605771718794710088e-32
9.920000000000000000e+03 2.833914234899066835e-32
9.984000000000000000e+03 2.833914234899066835e-32
1.004800000000000000e+04 1.024358540470970933e-32
1.011200000000000000e+04 1.853782707057085145e-33
1.017600000000000000e+04 1.853782707057085145e-33
1.024000000000000000e+04 1.853782707057085145e-33
1.030400000000000000e+04 1.853782707057085145e-33
1.036800000000000000e+04 1.853782707057085145e-33
1.043200000000000000e+04 1.853782707057085145e-33
1.049600000000000000e+04 1.853782707057085145e-33
1.056000000000000000e+04 1.128560305214483213e-33
1.062400000000000000e+04 1.033629467063279489e-34
1.068800000000000000e+04 3.424523928713058064e-35
1.075200000000000000e+04 3.424523928713058064e-35
1.081600000000000000e+04 3.424523928713058064e-35
1.088000000000000000e+04 3.424523928713058064e-35
1.094400000000000000e+04 3.424523928713058064e-35
1.100800000000000000e+04 3.424523928713058064e-35
1.107200000000000000e+04 1.169437860776626342e-35
1.113600000000000000e+04 1.169437860776626342e-35
1.120000000000000000e+04 3.690979623909046868e-36
1.126400000000000000e+04 1.219057628744009691e-36
1.132800000000000000e+04 1.219057628744009691e-36
1.139200000000000000e+04 1.219057628744009691e-36
1.145600000000000000e+04 1.219057628744009691e-36
1.152000000000000000e+04 5.849309420275625770e-37
1.158400000000000000e+04 3.915998497329013703e-37
1.164800000000000000e+04 9.793634807698762201e-40
1.171200000000000000e+04 9.793634807698762201e-40
1.177600000000000000e+04 9.793634807698762201e-40
1.184000000000000000e+04 9.793634807698762201e-40
1.190400000000000000e+04 9.793634807698762201e-40
1.196800000000000000e+04 9.793634807698762201e-40
1.203200000000000000e+04 9.793634807698762201e-40
1.209600000000000000e+04 8.423218835550621673e-40
1.216000000000000000e+04 8.423218835550621673e-40
1.222400000000000000e+04 8.423218835550621673e-40
1.228800000000000000e+04 7.598092757089089889e-40
1.235200000000000000e+04 7.835225662257441070e-41
1.241600000000000000e+04 7.835225662257441070e-41
1.248000000000000000e+04 7.835225662257441070e-41
1.254400000000000000e+04 4.726909877400307656e-41
1.260800000000000000e+04 4.726909877400307656e-41
1.267200000000000000e+04 4.726909877400307656e-41
1.273600000000000000e+04 4.726909877400307656e-41
1.280000000000000000e+04 3.491906915740628755e-41
1.286400000000000000e+04 2.737517441995592870e-41
1.292800000000000000e+04 2.737517441995592870e-41
1.299200000000000000e+04 4.189875921998039686e-42
1.305600000000000000e+04 4.189875921998039686e-42
1.312000000000000000e+04 2.983340131478106712e-42
1.318400000000000000e+04 2.983340131478106712e-42
1.324800000000000000e+04 1.412545171832121493e-42
1.331200000000000000e+04 7.998865712814583289e-43
1.337600000000000000e+04 5.282073733582642610e-43
1.344000000000000000e+04 5.282073733582642610e-43
1.350400000000000000e+04 4.359254219938721488e-43
1.356800000000000000e+04 2.198836304073984361e-43
1.363200000000000000e+04 2.198836304073984361e-43
1.369600000000000000e+04 1.723456368802546192e-43
1.376000000000000000e+04 1.398709492297910947e-43
1.382400000000000000e+04 4.132404498329955663e-44
1.388800000000000000e+04 1.570371853028356183e-44
1.395200000000000000e+04 1.570371853028356183e-44
1.401600000000000000e+04 2.029923928097012210e-45
1.408000000000000000e+04 2.029923928097012210e-45
1.414400000000000000e+04 6.070123351291605291e-46
1.420800000000000000e+04 6.070123351291605291e-46
1.427200000000000000e+04 6.070123351291605291e-46
1.433600000000000000e+04 4.706109662656095447e-46
1.440000000000000000e+04 1.422291434022190263e-46
1.446400000000000000e+04 1.422291434022190263e-46
1.452800000000000000e+04 1.422291434022190263e-46
1.459200000000000000e+04 1.422291434022190263e-46
1.465600000000000000e+04 1.422291434022190263e-46
1.472000000000000000e+04 8.596622204544273532e-47
1.478400000000000000e+04 1.955759254365335380e-47
1.484800000000000000e+04 1.955759254365335380e-47
1.491200000000000000e+04 1.955759254365335380e-47
1.497600000000000000e+04 1.955759254365335380e-47
1.504000000000000000e+04 1.273305748451488549e-47
1.510400000000000000e+04 2.591639503321377984e-49
1.516800000000000000e+04 2.591639503321377984e-49
1.523200000000000000e+04 2.591639503321377984e-49
1.529600000000000000e+04 2.591639503321377984e-49
1.536000000000000000e+04 1.621095528752960601e-49
1.542400000000000000e+04 1.621095528752960601e-49
1.548800000000000000e+04 1.621095528752960601e-49
1.555200000000000000e+04 2.970713646285124897e-50
1.561600000000000000e+04 2.970713646285124897e-50
1.568000000000000000e+04 1.802150968386620880e-50
1.574400000000000000e+04 1.802150968386620880e-50
1.580800000000000000e+04 1.802150968386620880e-50
1.587200000000000000e+04 1.014883714023796222e-51
1.593600000000000000e+04 1.014883714023796222e-51
1.600000000000000000e+04 1.014883714023796222e-51
1.606400000000000000e+04 1.014883714023796222e-51
1.612800000000000000e+04 1.014883714023796222e-51
1.619200000000000000e+04 4.634864803541196297e-52
1.625600000000000000e+04 2.324610771524189867e-52
1.632000000000000000e+04 3.375564867114240111e-53
1.638400000000000000e+04 3.375564867114240111e-53
1.644800000000000000e+04 3.375564867114240111e-53
1.651200000000000000e+04 3.052144731312795091e-53
1.657600000000000000e+04 3.052144731312795091e-53
1.664000000000000000e+04 3.052144731312795091e-53
1.670400000000000000e+04 3.052144731312795091e-53
1.676800000000000000e+04 1.373151894894159276e-53
1.683200000000000000e+04 1.256398804702780047e-53
1.689600000000000000e+04 8.139087070505394737e-54
1.696000000000000000e+04 3.504161711611119335e-54
1.702400000000000000e+04 2.078053118397270994e-54
1.708800000000000000e+04 2.078053118397270994e-54
1.715200000000000000e+04 1.992519795870939416e-54
1.721600000000000000e+04 1.107753931001093018e-55
1.728000000000000000e+04 1.107753931001093018e-55
1.734400000000000000e+04 1.107753931001093018e-55
1.740800000000000000e+04 8.209526985805766854e-56
1.747200000000000000e+04 8.209526985805766854e-56
1.753600000000000000e+04 6.999711739448381634e-57
1.760000000000000000e+04 6.999711739448381634e-57
1.766400000000000000e+04 1.246551866797523830e-57
1.772800000000000000e+04 1.246551866797523830e-57
1.779200000000000000e+04 6.444184298802263468e-58
1.785600000000000000e+04 6.444184298802263468e-58
1.792000000000000000e+04 6.444184298802263468e-58
1.798400000000000000e+04 6.444184298802263468e-58
1.804800000000000000e+04 6.444184298802263468e-58
1.811200000000000000e+04 2.167415961348697484e-58
1.817600000000000000e+04 2.167415961348697484e-58
1.824000000000000000e+04 2.167415961348697484e-58
1.830400000000000000e+04 6.911613437019448523e-59
1.836800000000000000e+04 6.911613437019448523e-59
1.843200000000000000e+04 6.911613437019448523e-59
1.849600000000000000e+04 6.911613437019448523e-59
1.856000000000000000e+04 2.255143623938208192e-59
1.862400000000000000e+04 2.255143623938208192e-59
1.868800000000000000e+04 7.454374514158236501e-61
1.875200000000000000e+04 7.454374514158236501e-61
1.881600000000000000e+04 7.454374514158236501e-61
1.888000000000000000e+04 7.454374514158236501e-61
1.894400000000000000e+04 7.454374514158236501e-61
1.900800000000000000e+04 7.454374514158236501e-61
1.907200000000000000e+04 7.454374514158236501e-61
1.913600000000000000e+04 1.649656226365574773e-61
1.920000000000000000e+04 1.649656226365574773e-61
1.926400000000000000e+04 1.649656226365574773e-61
1.932800000000000000e+04 1.649656226365574773e-61
1.939200000000000000e+04 5.548428292767443784e-62
1.945600000000000000e+04 5.548428292767443784e-62
1.952000000000000000e+04 5.548428292767443784e-62
1.958400000000000000e+04 7.405275334936564461e-64
1.964800000000000000e+04 7.405275334936564461e-64
1.971200000000000000e+04 7.405275334936564461e-64
1.977600000000000000e+04 7.405275334936564461e-64
1.984000000000000000e+04 7.405275334936564461e-64
1.990400000000000000e+04 7.405275334936564461e-64
1.996800000000000000e+04 6.146075992458118760e-64
2.003200000000000000e+04 6.146075992458118760e-64
2.009600000000000000e+04 6.146075992458118760e-64
2.016000000000000000e+04 1.896973289301030508e-64
2.022400000000000000e+04 1.896973289301030508e-64
2.028800000000000000e+04 1.083875329106541871e-64
2.035200000000000000e+04 1.083875329106541871e-64
2.041600000000000000e+04 1.083875329106541871e-64
2.048000000000000000e+04 1.083875329106541871e-64
2.054400000000000000e+04 3.560613356832893816e-65
2.060800000000000000e+04 3.560613356832893816e-65
2.067200000000000000e+04 1.692728012569379878e-65
2.073600000000000000e+04 1.692728012569379878e-65
2.080000000000000000e+04 1.692728012569379878e-65
2.086400000000000000e+04 2.721365146165709325e-66
2.092800000000000000e+04 1.441816680536892100e-66
2.099200000000000000e+04 2.709753490062001045e-67
2.105600000000000000e+04 2.709753490062001045e-67
2.112000000000000000e+04 6.378999039207772558e-68
2.118400000000000000e+04 6.378999039207772558e-68
2.124800000000000000e+04 6.378999039207772558e-68
2.131200000000000000e+04 6.378999039207772558e-68
2.137600000000000000e+04 6.378999039207772558e-68
2.144000000000000000e+04 6.378999039207772558e-68
2.150400000000000000e+04 3.243647404683419018e-70
2.156800000000000000e+04 3.243647404683419018e-70
2.163200000000000000e+04 3.243647404683419018e-70
2.169600000000000000e+04 3.243647404683419018e-70
2.176000000000000000e+04 3.243647404683419018e-70
2.182400000000000000e+04 3.243647404683419018e-70
2.188800000000000000e+04 3.243647404683419018e-70
2.195200000000000000e+04 3.243647404683419018e-70
2.201600000000000000e+04 3.243647404683419018e-70
2.208000000000000000e+04 1.451113583981075674e-70
2.214400000000000000e+04 1.451113583981075674e-70
2.220800000000000000e+04 1.451113583981075674e-70
2.227200000000000000e+04 1.451113583981075674e-70
2.233600000000000000e+04 8.399965997176790951e-71
2.240000000000000000e+04 4.482929439460084664e-71
2.246400000000000000e+04 4.482929439460084664e-71
2.252800000000000000e+04 4.482929439460084664e-71
2.259200000000000000e+04 4.482929439460084664e-71
2.265600000000000000e+04 4.482929439460084664e-71
2.272000000000000000e+04 4.325582525696156416e-71
2.278400000000000000e+04 8.757797529302214341e-72
2.284800000000000000e+04 8.757797529302214341e-72
2.291200000000000000e+04 7.501847770936159048e-73
2.297600000000000000e+04 7.501847770936159048e-73
2.304000000000000000e+04 7.501847770936159048e-73
2.310400000000000000e+04 7.501847770936159048e-73
2.316800000000000000e+04 1.182900677114714415e-73
2.323200000000000000e+04 3.090902875773343334e-74
2.329600000000000000e+04 3.090902875773343334e-74
2.336000000000000000e+04 3.090902875773343334e-74
2.342400000000000000e+04 3.090902875773343334e-74
2.348800000000000000e+04 5.898603835563526193e-75
2.355200000000000000e+04 3.876498229363674861e-75
2.361600000000000000e+04 3.876498229363674861e-75
2.368000000000000000e+04 3.876498229363674861e-75
2.374400000000000000e+04 3.876498229363674861e-75
2.380800000000000000e+04 3.876498229363674861e-75
2.387200000000000000e+04 9.265484301734472371e-76
2.393600000000000000e+04 9.265484301734472371e-76
2.400000000000000000e+04 9.265484301734472371e-76
2.406400000000000000e+04 9.265484301734472371e-76
2.412800000000000000e+04 9.265484301734472371e-76
2.419200000000000000e+04 9.265484301734472371e-76
2.425600000000000000e+04 7.344289867417977171e-76
2.432000000000000000e+04 1.482798940036925760e-77
2.438400000000000000e+04 1.482798940036925760e-77
2.444800000000000000e+04 1.482798940036925760e-77
2.451200000000000000e+04 1.482798940036925760e-77
2.457600000000000000e+04 1.482798940036925760e-77
2.464000000000000000e+04 1.482798940036925760e-77
2.470400000000000000e+04 1.482798940036925760e-77
2.476800000000000000e+04 1.482798940036925760e-77
2.483200000000000000e+04 1.482798940036925760e-77
2.489600000000000000e+04 1.482798940036925760e-77
2.496000000000000000e+04 1.482798940036925760e-77
2.502400000000000000e+04 9.747899357680738125e-78
2.508800000000000000e+04 9.747899357680738125e-78
2.515200000000000000e+04 9.747899357680738125e-78
2.521600000000000000e+04 6.329996152917956790e-79
2.528000000000000000e+04 6.329996152917956790e-79
2.534400000000000000e+04 6.329996152917956790e-79
2.540800000000000000e+04 6.329996152917956790e-79
2.547200000000000000e+04 2.745965862717447080e-79
2.553600000000000000e+04 2.745965862717447080e-79
2.560000000000000000e+04 1.477656949662289283e-79
2.566400000000000000e+04 1.477656949662289283e-79
2.572800000000000000e+04 1.477656949662289283e-79
2.579200000000000000e+04 1.477656949662289283e-79
2.585600000000000000e+04 1.403130274351055836e-79
2.592000000000000000e+04 4.650234425318600416e-81
2.598400000000000000e+04 2.337496143740686251e-81
2.604800000000000000e+04 2.337496143740686251e-81
2.611200000000000000e+04 2.337496143740686251e-81
2.617600000000000000e+04 2.337496143740686251e-81
2.624000000000000000e+04 2.337496143740686251e-81
2.630400000000000000e+04 1.932285831604193115e-82
2.636800000000000000e+04 1.932285831604193115e-82
2.643200000000000000e+04 1.932285831604193115e-82
2.649600000000000000e+04 1.932285831604193115e-82
2.656000000000000000e+04 1.407160146466969091e-82
2.662400000000000000e+04 1.388500821987647256e-82
2.668800000000000000e+04 1.388500821987647256e-82
2.675200000000000000e+04 1.153454706308147164e-82
2.681600000000000000e+04 1.028809351847231909e-82
2.688000000000000000e+04 9.900195330874243662e-84
2.694400000000000000e+04 1.361658131125207686e-84
2.700800000000000000e+04 1.361658131125207686e-84
2.707200000000000000e+04 1.361658131125207686e-84
2.713600000000000000e+04 1.361658131125207686e-84
2.720000000000000000e+04 1.361658131125207686e-84
2.726400000000000000e+04 1.361658131125207686e-84
2.732800000000000000e+04 1.361658131125207686e-84
2.739200000000000000e+04 1.361658131125207686e-84
2.745600000000000000e+04 8.392524994011169135e-85
2.752000000000000000e+04 4.096647467209713075e-85
2.758400000000000000e+04 3.663302853894653772e-85
2.764800000000000000e+04 6.866830416708787898e-86
2.771200000000000000e+04 6.866830416708787898e-86
2.777600000000000000e+04 9.779148706702336433e-87
2.784000000000000000e+04 9.779148706702336433e-87
2.790400000000000000e+04 9.779148706702336433e-87
2.796800000000000000e+04 9.779148706702336433e-87
2.803200000000000000e+04 9.779148706702336433e-87
2.809600000000000000e+04 4.793770324043661691e-87
2.816000000000000000e+04 4.793770324043661691e-87
2.822400000000000000e+04 4.279524892853472521e-87
2.828800000000000000e+04 4.320301939008886007e-88
2.835200000000000000e+04 1.077320563755582194e-88
2.841600000000000000e+04 1.077320563755582194e-88
2.848000000000000000e+04 1.077320563755582194e-88
2.854400000000000000e+04 1.077320563755582194e-88
2.860800000000000000e+04 1.077320563755582194e-88
2.867200000000000000e+04 1.077320563755582194e-88
2.873600000000000000e+04 2.630403470900452085e-89
2.880000000000000000e+04 2.630403470900452085e-89
2.886400000000000000e+04 9.175875672732472482e-90
2.892800000000000000e+04 4.079261644632912938e-91
2.899200000000000000e+04 4.079261644632912938e-91
2.905600000000000000e+04 4.079261644632912938e-91
2.912000000000000000e+04 4.079261644632912938e-91
2.918400000000000000e+04 4.079261644632912938e-91
2.924800000000000000e+04 4.079261644632912938e-91
2.931200000000000000e+04 2.241943940844875788e-91
2.937600000000000000e+04 2.241943940844875788e-91
2.944000000000000000e+04 2.241943940844875788e-91
2.950400000000000000e+04 3.538841019500539007e-93
2.956800000000000000e+04 3.538841019500539007e-93
2.963200000000000000e+04 3.538841019500539007e-93
2.969600000000000000e+04 3.538841019500539007e-93
2.976000000000000000e+04 3.538841019500539007e-93
2.982400000000000000e+04 3.538841019500539007e-93
2.988800000000000000e+04 3.538841019500539007e-93
2.995200000000000000e+04 3.538841019500539007e-93
3.001600000000000000e+04 3.290182789663865878e-94
3.008000000000000000e+04 3.290182789663865878e-94
3.014400000000000000e+04 3.290182789663865878e-94
3.020800000000000000e+04 3.290182789663865878e-94
3.027200000000000000e+04 3.290182789663865878e-94
3.033600000000000000e+04 1.436724671559053016e-94
3.040000000000000000e+04 1.436724671559053016e-94
3.046400000000000000e+04 1.436724671559053016e-94
3.052800000000000000e+04 7.055522760616844565e-95
3.059200000000000000e+04 1.452691386323604755e-95
3.065600000000000000e+04 9.793252482053955716e-96
3.072000000000000000e+04 2.518557798922007354e-96
3.078400000000000000e+04 2.518557798922007354e-96
3.084800000000000000e+04 2.518557798922007354e-96
3.091200000000000000e+04 2.658541405630262302e-97
3.097600000000000000e+04 2.658541405630262302e-97
3.104000000000000000e+04 2.658541405630262302e-97
3.110400000000000000e+04 2.658541405630262302e-97
3.116800000000000000e+04 1.218745460031494139e-97
3.123200000000000000e+04 1.218745460031494139e-97
3.129600000000000000e+04 1.218745460031494139e-97
3.136000000000000000e+04 8.901766927727555033e-98
3.142400000000000000e+04 8.901766927727555033e-98
3.148800000000000000e+04 8.901766927727555033e-98
3.155200000000000000e+04 2.195766687520610137e-98
3.161600000000000000e+04 2.937892135954522822e-99
3.168000000000000000e+04 2.937892135954522822e-99
3.174400000000000000e+04 2.937892135954522822e-99
3.180800000000000000e+04 3.076774408151168051e-100
3.187200000000000000e+04 3.076774408151168051e-100
3.193600000000000000e+04 3.076774408151168051e-100
3.200000000000000000e+04 3.076774408151168051e-100
3.206400000000000000e+04 3.076774408151168051e-100
3.212800000000000000e+04 3.076774408151168051e-100
3.219200000000000000e+04 1.468296305324541644e-100
3.225600000000000000e+04 4.801459421097083929e-101
3.232000000000000000e+04 4.801459421097083929e-101
3.238400000000000000e+04 1.616991490562704430e-101
3.244800000000000000e+04 1.616991490562704430e-101
3.251200000000000000e+04 1.616991490562704430e-101
3.257600000000000000e+04 1.616991490562704430e-101
3.264000000000000000e+04 1.616991490562704430e-101
3.270400000000000000e+04 1.135261991505356984e-101
3.276800000000000000e+04 3.683733386634386393e-102
3.283200000000000000e+04 3.683733386634386393e-102
3.289600000000000000e+04 2.128115443057435584e-102
3.296000000000000000e+04 2.128115443057435584e-102
3.302400000000000000e+04 2.128115443057435584e-102
3.308800000000000000e+04 1.653177282828137625e-102
3.315200000000000000e+04 9.046232387336400657e-103
3.321600000000000000e+04 9.046232387336400657e-103
3.328000000000000000e+04 2.601133041330387065e-103
3.334400000000000000e+04 6.416615421860064080e-105
3.340800000000000000e+04 6.416615421860064080e-105
3.347200000000000000e+04 6.416615421860064080e-105
3.353600000000000000e+04 6.416615421860064080e-105
3.360000000000000000e+04 4.246772657778801133e-105
3.366400000000000000e+04 4.246772657778801133e-105
3.372800000000000000e+04 4.246772657778801133e-105
3.379200000000000000e+04 4.246772657778801133e-105
3.385600000000000000e+04 4.246772657778801133e-105
3.392000000000000000e+04 1.379621511469243659e-105
3.398400000000000000e+04 2.237532385994565905e-106
3.404800000000000000e+04 2.237532385994565905e-106
3.411200000000000000e+04 1.589798076207881233e-106
3.417600000000000000e+04 4.063668539150968274e-107
3.424000000000000000e+04 3.550547993479097405e-107
3.430400000000000000e+04 3.550547993479097405e-107
3.436800000000000000e+04 3.550547993479097405e-107
3.443200000000000000e+04 1.160526475115498812e-107
3.449600000000000000e+04 1.160526475115498812e-107
3.456000000000000000e+04 1.160526475115498812e-107
3.462400000000000000e+04 1.160526475115498812e-107
3.468800000000000000e+04 7.489740952260756923e-109
3.475200000000000000e+04 7.489740952260756923e-109
3.481600000000000000e+04 7.489740952260756923e-109
3.488000000000000000e+04 2.912110879245245060e-109
3.494400000000000000e+04 2.912110879245245060e-109
3.500800000000000000e+04 1.744086209478910903e-109
3.507200000000000000e+04 1.744086209478910903e-109
3.513600000000000000e+04 1.744086209478910903e-109
3.520000000000000000e+04 1.744086209478910903e-109
3.526400000000000000e+04 1.744086209478910903e-109
3.532800000000000000e+04 4.253499134363663648e-110
3.539200000000000000e+04 4.253499134363663648e-110
3.545600000000000000e+04 3.063480748142051661e-110
3.552000000000000000e+04 1.172486485788956633e-110
3.558400000000000000e+04 1.172486485788956633e-110
3.564800000000000000e+04 2.884882740076498082e-111
3.571200000000000000e+04 2.884882740076498082e-111
3.577600000000000000e+04 2.884882740076498082e-111
3.584000000000000000e+04 2.884882740076498082e-111
3.590400000000000000e+04 2.884882740076498082e-111
3.596800000000000000e+04 5.134855032724014652e-112
3.603200000000000000e+04 5.134855032724014652e-112
3.609600000000000000e+04 5.134855032724014652e-112
3.616000000000000000e+04 5.134855032724014652e-112
3.622400000000000000e+04 5.134855032724014652e-112
3.628800000000000000e+04 3.582791555010075261e-113
3.635200000000000000e+04 2.210573529085572885e-113
3.641600000000000000e+04 2.210573529085572885e-113
3.648000000000000000e+04 1.449921272538857622e-114
3.654400000000000000e+04 1.449921272538857622e-114
3.660800000000000000e+04 1.449921272538857622e-114
3.667200000000000000e+04 1.449921272538857622e-114
3.673600000000000000e+04 1.322863687464569809e-114
3.680000000000000000e+04 1.322863687464569809e-114
3.686400000000000000e+04 1.158473776963547016e-114
3.692800000000000000e+04 3.788970985644691348e-115
3.699200000000000000e+04 3.788970985644691348e-115
3.705600000000000000e+04 7.511943843363268439e-116
3.712000000000000000e+04 6.134153953183177308e-116
3.718400000000000000e+04 6.134153953183177308e-116
3.724800000000000000e+04 6.134153953183177308e-116
3.731200000000000000e+04 6.134153953183177308e-116
3.737600000000000000e+04 6.076661845644817980e-116
3.744000000000000000e+04 5.391653060420379908e-117
3.750400000000000000e+04 5.391653060420379908e-117
3.756800000000000000e+04 5.391653060420379908e-117
3.763200000000000000e+04 4.121589208657565898e-117
3.769600000000000000e+04 4.139104997346311177e-118
3.776000000000000000e+04 4.139104997346311177e-118
3.782400000000000000e+04 4.139104997346311177e-118
3.788800000000000000e+04 4.139104997346311177e-118
3.795200000000000000e+04 4.139104997346311177e-118
3.801600000000000000e+04 1.762534651487685475e-119
3.808000000000000000e+04 1.762534651487685475e-119
3.814400000000000000e+04 1.762534651487685475e-119
3.820800000000000000e+04 1.659792914339956490e-120
3.827200000000000000e+04 1.659792914339956490e-120
3.833600000000000000e+04 4.743967132108959604e-121
3.840000000000000000e+04 4.743967132108959604e-121
3.846400000000000000e+04 4.743967132108959604e-121
3.852800000000000000e+04 4.743967132108959604e-121
3.859200000000000000e+04 4.743967132108959604e-121
3.865600000000000000e+04 4.743967132108959604e-121
3.872000000000000000e+04 2.833713073295700622e-121
3.878400000000000000e+04 2.833713073295700622e-121
3.884800000000000000e+04 2.674262553452548384e-121
3.891200000000000000e+04 8.585191114726537024e-123
3.897600000000000000e+04 8.585191114726537024e-123
3.904000000000000000e+04 8.585191114726537024e-123
3.910400000000000000e+04 8.585191114726537024e-123
3.916800000000000000e+04 8.582740326973950378e-123
3.923200000000000000e+04 1.721987414736214385e-123
3.929600000000000000e+04 1.721987414736214385e-123
3.936000000000000000e+04 1.721987414736214385e-123
3.942400000000000000e+04 1.163651609767985053e-123
3.948800000000000000e+04 2.597641918126245142e-124
3.955200000000000000e+04 2.251499249166654010e-124
3.961600000000000000e+04 2.251499249166654010e-124
3.968000000000000000e+04 2.251499249166654010e-124
3.974400000000000000e+04 1.726123563988047791e-124
3.980800000000000000e+04 1.536050786923106479e-124
3.987200000000000000e+04 1.874278237113977662e-126
3.993600000000000000e+04 1.874278237113977662e-126
4.000000000000000000e+04 1.874278237113977662e-126
4.006400000000000000e+04 1.874278237113977662e-126
4.012800000000000000e+04 1.874278237113977662e-126
4.019200000000000000e+04 1.874278237113977662e-126
4.025600000000000000e+04 1.874278237113977662e-126
4.032000000000000000e+04 1.874278237113977662e-126
4.038400000000000000e+04 2.184454732617416375e-127
4.044800000000000000e+04 2.184454732617416375e-127
4.051200000000000000e+04 9.303100536718154222e-128
4.057600000000000000e+04 9.303100536718154222e-128
4.064000000000000000e+04 9.303100536718154222e-128
4.070400000000000000e+04 9.045237417254816646e-128
4.076800000000000000e+04 9.045237417254816646e-128
4.083200000000000000e+04 4.623895832517024486e-128
4.089600000000000000e+04 2.273720880599913617e-128
4.096000000000000000e+04 2.273720880599913617e-128
4.102400000000000000e+04 4.531703573739782750e-129
4.108800000000000000e+04 4.531703573739782750e-129
4.115200000000000000e+04 8.972133081944450458e-131
4.121600000000000000e+04 8.972133081944450458e-131
4.128000000000000000e+04 8.972133081944450458e-131
4.134400000000000000e+04 8.972133081944450458e-131
4.140800000000000000e+04 8.972133081944450458e-131
4.147200000000000000e+04 8.972133081944450458e-131
4.153600000000000000e+04 8.972133081944450458e-131
4.160000000000000000e+04 1.180555276451885920e-131
4.166400000000000000e+04 8.681264366688992324e-132
4.172800000000000000e+04 4.391435165163528824e-132
4.179200000000000000e+04 4.391435165163528824e-132
4.185600000000000000e+04 3.651248117025630948e-132
4.192000000000000000e+04 3.651248117025630948e-132
4.198400000000000000e+04 3.651248117025630948e-132
4.204800000000000000e+04 1.135849263484702938e-132
4.211200000000000000e+04 6.916093727678183624e-133
4.217600000000000000e+04 5.560629853738319169e-133
4.224000000000000000e+04 2.129235309666863930e-133
4.230400000000000000e+04 1.345958771435153809e-134
4.236800000000000000e+04 1.345958771435153809e-134
4.243200000000000000e+04 1.345958771435153809e-134
4.249600000000000000e+04 1.345958771435153809e-134
4.256000000000000000e+04 1.345958771435153809e-134
4.262400000000000000e+04 1.345958771435153809e-134
4.268800000000000000e+04 1.015994804420954861e-134
4.275200000000000000e+04 6.744718172153793207e-135
4.281600000000000000e+04 6.744718172153793207e-135
4.288000000000000000e+04 6.744718172153793207e-135
4.294400000000000000e+04 6.744718172153793207e-135
4.300800000000000000e+04 5.379946398332785579e-135
4.307200000000000000e+04 1.463897702195089149e-136
4.313600000000000000e+04 1.463897702195089149e-136
4.320000000000000000e+04 1.463897702195089149e-136
4.326400000000000000e+04 1.463897702195089149e-136
4.332800000000000000e+04 1.463897702195089149e-136
4.339200000000000000e+04 8.203467644208925152e-137
4.345600000000000000e+04 8.203467644208925152e-137
4.352000000000000000e+04 3.306084251720904569e-137
4.358400000000000000e+04 3.306084251720904569e-137
4.364800000000000000e+04 2.122615915979668565e-137
4.371200000000000000e+04 2.122615915979668565e-137
4.377600000000000000e+04 2.122615915979668565e-137
4.384000000000000000e+04 7.609088491590236537e-138
4.390400000000000000e+04 2.218573409901101153e-138
4.396800000000000000e+04 2.043830262929447990e-138
4.403200000000000000e+04 2.043830262929447990e-138
4.409600000000000000e+04 3.507739345584607014e-140
4.416000000000000000e+04 3.507739345584607014e-140
4.422400000000000000e+04 3.507739345584607014e-140
4.428800000000000000e+04 3.507739345584607014e-140
4.435200000000000000e+04 3.507739345584607014e-140
4.441600000000000000e+04 3.507739345584607014e-140
4.448000000000000000e+04 5.351125797204144104e-141
4.454400000000000000e+04 5.351125797204144104e-141
4.460800000000000000e+04 5.351125797204144104e-141
4.467200000000000000e+04 5.351125797204144104e-141
4.473600000000000000e+04 3.196579252295391773e-143
4.480000000000000000e+04 3.196579252295391773e-143
4.486400000000000000e+04 3.196579252295391773e-143
4.492800000000000000e+04 3.196579252295391773e-143
4.499200000000000000e+04 3.196579252295391773e-143
4.505600000000000000e+04 3.196579252295391773e-143
4.512000000000000000e+04 3.196579252295391773e-143
4.518400000000000000e+04 3.196579252295391773e-143
4.524800000000000000e+04 3.196579252295391773e-143
4.531200000000000000e+04 2.382515164312326359e-143
4.537600000000000000e+04 2.382515164312326359e-143
4.544000000000000000e+04 1.753080054217485932e-144
4.550400000000000000e+04 1.753080054217485932e-144
4.556800000000000000e+04 1.753080054217485932e-144
4.563200000000000000e+04 1.753080054217485932e-144
4.569600000000000000e+04 1.753080054217485932e-144
4.576000000000000000e+04 1.753080054217485932e-144
4.582400000000000000e+04 3.266259731767533292e-146
4.588800000000000000e+04 3.266259731767533292e-146
4.595200000000000000e+04 3.266259731767533292e-146
4.601600000000000000e+04 3.266259731767533292e-146
4.608000000000000000e+04 3.026132244046248091e-146
4.614400000000000000e+04 3.026132244046248091e-146
4.620800000000000000e+04 3.026132244046248091e-146
4.627200000000000000e+04 2.389539358985746519e-146
4.633600000000000000e+04 1.956449490925594676e-146
4.640000000000000000e+04 3.555943308782800931e-147
4.646400000000000000e+04 4.609609403393700584e-148
4.652800000000000000e+04 4.609609403393700584e-148
4.659200000000000000e+04 4.609609403393700584e-148
4.665600000000000000e+04 3.624476855000325695e-149
4.672000000000000000e+04 3.624476855000325695e-149
4.678400000000000000e+04 3.624476855000325695e-149
4.684800000000000000e+04 3.624476855000325695e-149
4.691200000000000000e+04 3.624476855000325695e-149
4.697600000000000000e+04 1.760801786359396217e-149
4.704000000000000000e+04 1.760801786359396217e-149
4.710400000000000000e+04 1.760801786359396217e-149
4.716800000000000000e+04 1.760801786359396217e-149
4.723200000000000000e+04 3.703738111240428363e-150
4.729600000000000000e+04 9.395896741719075061e-151
4.736000000000000000e+04 9.395896741719075061e-151
4.742400000000000000e+04 9.395896741719075061e-151
4.748800000000000000e+04 8.756877428996834261e-151
4.755200000000000000e+04 8.756877428996834261e-151
4.761600000000000000e+04 8.756877428996834261e-151
4.768000000000000000e+04 8.756877428996834261e-151
4.774400000000000000e+04 8.756877428996834261e-151
4.780800000000000000e+04 8.756877428996834261e-151
4.787200000000000000e+04 5.023363846049456393e-151
4.793600000000000000e+04 4.884338579953943314e-151
4.800000000000000000e+04 2.831988013413320179e-152
4.806400000000000000e+04 2.831988013413320179e-152
4.812800000000000000e+04 2.831988013413320179e-152
4.819200000000000000e+04 2.831988013413320179e-152
4.825600000000000000e+04 2.831988013413320179e-152
4.832000000000000000e+04 6.860814670338750845e-153
4.838400000000000000e+04 6.860814670338750845e-153
4.844800000000000000e+04 3.986613622008773359e-153
4.851200000000000000e+04 3.986613622008773359e-153
4.857600000000000000e+04 9.766699068488408946e-154
4.864000000000000000e+04 9.766699068488408946e-154
4.870400000000000000e+04 9.766699068488408946e-154
4.876800000000000000e+04 1.206578408691705668e-154
4.883200000000000000e+04 1.206578408691705668e-154
4.889600000000000000e+04 1.206578408691705668e-154
4.896000000000000000e+04 1.206578408691705668e-154
4.902400000000000000e+04 1.206578408691705668e-154
4.908800000000000000e+04 1.046496609496970580e-154
4.915200000000000000e+04 1.046496609496970580e-154
4.921600000000000000e+04 1.046496609496970580e-154
4.928000000000000000e+04 7.466116348193968976e-155
4.934400000000000000e+04 7.466116348193968976e-155
4.940800000000000000e+04 2.280582838503316278e-156
4.947200000000000000e+04 2.218743909469843736e-156
4.953600000000000000e+04 2.218743909469843736e-156
4.960000000000000000e+04 2.218743909469843736e-156
4.966400000000000000e+04 2.218743909469843736e-156
4.972800000000000000e+04 2.218743909469843736e-156
4.979200000000000000e+04 1.458814513463198498e-156
4.985600000000000000e+04 2.062799943722087904e-157
4.992000000000000000e+04 2.062799943722087904e-157
4.998400000000000000e+04 2.062799943722087904e-157
5.004800000000000000e+04 2.062799943722087904e-157
5.011200000000000000e+04 2.283035515608734028e-158
5.017600000000000000e+04 2.283035515608734028e-158
5.024000000000000000e+04 2.283035515608734028e-158
5.030400000000000000e+04 2.211482761831901038e-158
5.036800000000000000e+04 1.876724054612379578e-158
5.043200000000000000e+04 1.876724054612379578e-158
5.049600000000000000e+04 8.491680153072744858e-159
5.056000000000000000e+04 2.545058875358316168e-159
5.062400000000000000e+04 2.098959045961067564e-160
5.068800000000000000e+04 2.098959045961067564e-160
5.075200000000000000e+04 2.098959045961067564e-160
5.081600000000000000e+04 2.098959045961067564e-160
5.088000000000000000e+04 2.098959045961067564e-160
5.094400000000000000e+04 2.098959045961067564e-160
5.100800000000000000e+04 1.572765939796978231e-162
5.107200000000000000e+04 1.572765939796978231e-162
5.113600000000000000e+04 1.572765939796978231e-162
5.120000000000000000e+04 1.572765939796978231e-162
5.126400000000000000e+04 1.572765939796978231e-162
5.132800000000000000e+04 1.572765939796978231e-162
5.139200000000000000e+04 1.572765939796978231e-162
5.145600000000000000e+04 1.572765939796978231e-162
5.152000000000000000e+04 1.572765939796978231e-162
5.158400000000000000e+04 1.468254125295957163e-163
5.164800000000000000e+04 1.468254125295957163e-163
5.171200000000000000e+04 1.468254125295957163e-163
5.177600000000000000e+04 2.562535054796350884e-164
5.184000000000000000e+04 2.562535054796350884e-164
5.190400000000000000e+04 2.562535054796350884e-164
5.196800000000000000e+04 2.562535054796350884e-164
5.203200000000000000e+04 2.562535054796350884e-164
5.209600000000000000e+04 2.562535054796350884e-164
5.216000000000000000e+04 2.562535054796350884e-164
5.222400000000000000e+04 6.997565897214095647e-165
5.228800000000000000e+04 6.997565897214095647e-165
5.235200000000000000e+04 6.997565897214095647e-165
5.241600000000000000e+04 2.284913394635299604e-165
5.248000000000000000e+04 2.284913394635299604e-165
5.254400000000000000e+04 2.284913394635299604e-165
5.260800000000000000e+04 2.284913394635299604e-165
5.267200000000000000e+04 1.027840040404151139e-165
5.273600000000000000e+04 1.027840040404151139e-165
5.280000000000000000e+04 5.539228829529044535e-166
5.286400000000000000e+04 2.442838413377349283e-166
5.292800000000000000e+04 2.442838413377349283e-166
5.299200000000000000e+04 2.397567929986005968e-166
5.305600000000000000e+04 6.135549657535778211e-167
5.312000000000000000e+04 1.763662591880137378e-168
5.318400000000000000e+04 1.763662591880137378e-168
5.324800000000000000e+04 1.763662591880137378e-168
5.331200000000000000e+04 1.763662591880137378e-168
5.337600000000000000e+04 1.763662591880137378e-168
5.344000000000000000e+04 1.763662591880137378e-168
5.350400000000000000e+04 1.763662591880137378e-168
5.356800000000000000e+04 8.188692224510021936e-169
5.363200000000000000e+04 3.128545873412201319e-170
5.369600000000000000e+04 3.128545873412201319e-170
5.376000000000000000e+04 3.128545873412201319e-170
5.382400000000000000e+04 3.128545873412201319e-170
5.388800000000000000e+04 3.128545873412201319e-170
5.395200000000000000e+04 3.128545873412201319e-170
5.401600000000000000e+04 3.586385219694432747e-172
5.408000000000000000e+04 3.586385219694432747e-172
5.414400000000000000e+04 3.586385219694432747e-172
5.420800000000000000e+04 3.586385219694432747e-172
5.427200000000000000e+04 3.586385219694432747e-172
5.433600000000000000e+04 3.586385219694432747e-172
5.440000000000000000e+04 3.586385219694432747e-172
5.446400000000000000e+04 3.586385219694432747e-172
5.452800000000000000e+04 9.405698372235921147e-173
5.459200000000000000e+04 2.109156221666140644e-173
5.465600000000000000e+04 2.109156221666140644e-173
5.472000000000000000e+04 2.109156221666140644e-173
5.478400000000000000e+04 2.109156221666140644e-173
5.484800000000000000e+04 2.109156221666140644e-173
5.491200000000000000e+04 1.153621900552120837e-174
5.497600000000000000e+04 1.153621900552120837e-174
5.504000000000000000e+04 1.153621900552120837e-174
5.510400000000000000e+04 1.153621900552120837e-174
5.516800000000000000e+04 1.153621900552120837e-174
5.523200000000000000e+04 1.153621900552120837e-174
5.529600000000000000e+04 1.153621900552120837e-174
5.536000000000000000e+04 5.918146355210971495e-175
5.542400000000000000e+04 5.918146355210971495e-175
5.548800000000000000e+04 5.918146355210971495e-175
5.555200000000000000e+04 1.359624935201766872e-175
5.561600000000000000e+04 7.602369399895116993e-176
5.568000000000000000e+04 5.513572574139107334e-176
5.574400000000000000e+04 6.154347723999730093e-177
5.580800000000000000e+04 6.154347723999730093e-177
5.587200000000000000e+04 6.154347723999730093e-177
5.593600000000000000e+04 6.154347723999730093e-177
5.600000000000000000e+04 6.154347723999730093e-177
5.606400000000000000e+04 6.154347723999730093e-177
5.612800000000000000e+04 6.154347723999730093e-177
5.619200000000000000e+04 5.193356987747580828e-177
5.625600000000000000e+04 4.916720521921793158e-177
5.632000000000000000e+04 4.962971337990908905e-178
5.638400000000000000e+04 4.962971337990908905e-178
5.644800000000000000e+04 4.962971337990908905e-178
5.651200000000000000e+04 4.962971337990908905e-178
5.657600000000000000e+04 1.172334241784746799e-178
5.664000000000000000e+04 1.172334241784746799e-178
5.670400000000000000e+04 1.172334241784746799e-178
5.676800000000000000e+04 1.660009820214969979e-179
5.683200000000000000e+04 9.593206164617176378e-182
5.689600000000000000e+04 9.593206164617176378e-182
5.696000000000000000e+04 9.593206164617176378e-182
5.702400000000000000e+04 9.593206164617176378e-182
5.708800000000000000e+04 9.593206164617176378e-182
5.715200000000000000e+04 9.593206164617176378e-182
5.721600000000000000e+04 9.593206164617176378e-182
5.728000000000000000e+04 4.549977595973890248e-182
5.734400000000000000e+04 4.549977595973890248e-182
5.740800000000000000e+04 4.549977595973890248e-182
5.747200000000000000e+04 4.549977595973890248e-182
5.753600000000000000e+04 4.549977595973890248e-182
5.760000000000000000e+04 4.549977595973890248e-182
5.766400000000000000e+04 4.549977595973890248e-182
5.772800000000000000e+04 1.587371504051790728e-182
5.779200000000000000e+04 1.587371504051790728e-182
5.785600000000000000e+04 4.145773515320954758e-183
5.792000000000000000e+04 4.145773515320954758e-183
5.798400000000000000e+04 4.145773515320954758e-183
5.804800000000000000e+04 4.145773515320954758e-183
5.811200000000000000e+04 4.145773515320954758e-183
5.817600000000000000e+04 2.542156028576758176e-184
5.824000000000000000e+04 2.542156028576758176e-184
5.830400000000000000e+04 2.542156028576758176e-184
5.836800000000000000e+04 2.542156028576758176e-184
5.843200000000000000e+04 6.981835703608583709e-185
5.849600000000000000e+04 6.981835703608583709e-185
5.856000000000000000e+04 6.981835703608583709e-185
5.862400000000000000e+04 6.981835703608583709e-185
5.868800000000000000e+04 6.981835703608583709e-185
5.875200000000000000e+04 2.657417487264408001e-185
5.881600000000000000e+04 9.053967017379959446e-186
5.888000000000000000e+04 9.053967017379959446e-186
5.894400000000000000e+04 9.053967017379959446e-186
5.900800000000000000e+04 9.053967017379959446e-186
5.907200000000000000e+04 9.053967017379959446e-186
5.913600000000000000e+04 3.792615914146823108e-186
5.920000000000000000e+04 3.792615914146823108e-186
5.926400000000000000e+04 2.709411704498556163e-186
5.932800000000000000e+04 2.061994363768217129e-186
5.939200000000000000e+04 2.114707085879250646e-188
5.945600000000000000e+04 2.114707085879250646e-188
5.952000000000000000e+04 2.114707085879250646e-188
5.958400000000000000e+04 2.114707085879250646e-188
5.964800000000000000e+04 2.114707085879250646e-188
5.971200000000000000e+04 2.114707085879250646e-188
5.977600000000000000e+04 2.114707085879250646e-188
5.984000000000000000e+04 5.419356931097815424e-189
5.990400000000000000e+04 5.419356931097815424e-189
5.996800000000000000e+04 5.419356931097815424e-189
6.003200000000000000e+04 5.419356931097815424e-189
6.009600000000000000e+04 5.419356931097815424e-189
6.016000000000000000e+04 4.265952962435169031e-189
6.022400000000000000e+04 1.735784383218430095e-189
6.028800000000000000e+04 1.735784383218430095e-189
6.035200000000000000e+04 5.066547486049434317e-190
6.041600000000000000e+04 3.443073425622463268e-190
6.048000000000000000e+04 1.937070149410852508e-190
6.054400000000000000e+04 1.715232733821887590e-190
6.060800000000000000e+04 4.577438805340120830e-191
6.067200000000000000e+04 1.625663009612747295e-191
6.073600000000000000e+04 1.217511861646816573e-191
6.080000000000000000e+04 1.217511861646816573e-191
6.086400000000000000e+04 1.217511861646816573e-191
6.092800000000000000e+04 1.217511861646816573e-191
6.099200000000000000e+04 1.886755449698615288e-192
6.105600000000000000e+04 1.886755449698615288e-192
6.112000000000000000e+04 1.748697729789156174e-192
6.118400000000000000e+04 1.008658149632169185e-192
6.124800000000000000e+04 6.336453819436143385e-193
6.131200000000000000e+04 6.336453819436143385e-193
6.137600000000000000e+04 1.384562848203446798e-193
6.144000000000000000e+04 1.384562848203446798e-193
6.150400000000000000e+04 1.307002330176676610e-193
6.156800000000000000e+04 7.116352448859871244e-194
6.163200000000000000e+04 1.331397208862861934e-194
6.169600000000000000e+04 8.307630136821947431e-195
6.176000000000000000e+04 8.307630136821947431e-195
6.182400000000000000e+04 8.307630136821947431e-195
6.188800000000000000e+04 8.307630136821947431e-195
6.195200000000000000e+04 1.751478544006367787e-195
6.201600000000000000e+04 9.024338880206124096e-196
6.208000000000000000e+04 9.024338880206124096e-196
6.214400000000000000e+04 9.024338880206124096e-196
6.220800000000000000e+04 9.024338880206124096e-196
6.227200000000000000e+04 3.059493238636306758e-196
6.233600000000000000e+04 3.059493238636306758e-196
6.240000000000000000e+04 1.733557939449839143e-198
6.246400000000000000e+04 1.733557939449839143e-198
6.252800000000000000e+04 1.733557939449839143e-198
6.259200000000000000e+04 1.733557939449839143e-198
6.265600000000000000e+04 1.733557939449839143e-198
6.272000000000000000e+04 1.733557939449839143e-198
6.278400000000000000e+04 3.082141342717799875e-199
6.284800000000000000e+04 3.082141342717799875e-199
6.291200000000000000e+04 3.082141342717799875e-199
6.297600000000000000e+04 3.082141342717799875e-199
6.304000000000000000e+04 3.082141342717799875e-199
6.310400000000000000e+04 3.082141342717799875e-199
6.316800000000000000e+04 3.082141342717799875e-199
6.323200000000000000e+04 3.082141342717799875e-199
6.329600000000000000e+04 2.505398905335339487e-199
6.336000000000000000e+04 1.536090978430533272e-200
6.342400000000000000e+04 1.536090978430533272e-200
6.348800000000000000e+04 1.202477984390173097e-200
6.355200000000000000e+04 7.214693194559415054e-201
6.361600000000000000e+04 6.846297091180876109e-201
6.368000000000000000e+04 6.711290787755427718e-201
6.374400000000000000e+04 2.338477481219770108e-201
6.380800000000000000e+04 1.819835319821973141e-202
6.387200000000000000e+04 1.391709608605258043e-202
6.393600000000000000e+04 1.391709608605258043e-202
6.400000000000000000e+04 1.391709608605258043e-202
6.406400000000000000e+04 1.391709608605258043e-202
6.412800000000000000e+04 1.391709608605258043e-202
6.419200000000000000e+04 3.469495580680624144e-203
6.425600000000000000e+04 1.071108911283770336e-203
6.432000000000000000e+04 1.071108911283770336e-203
6.438400000000000000e+04 3.212183508367470128e-204
6.444800000000000000e+04 3.212183508367470128e-204
6.451200000000000000e+04 3.212183508367470128e-204
6.457600000000000000e+04 3.212183508367470128e-204
6.464000000000000000e+04 2.040601395374879602e-205
6.470400000000000000e+04 2.040601395374879602e-205
6.476800000000000000e+04 2.040601395374879602e-205
6.483200000000000000e+04 2.040601395374879602e-205
6.489600000000000000e+04 2.040601395374879602e-205
6.496000000000000000e+04 2.040601395374879602e-205
6.502400000000000000e+04 2.040601395374879602e-205
6.508800000000000000e+04 2.040601395374879602e-205
6.515200000000000000e+04 1.011858847227116418e-205
6.521600000000000000e+04 1.011858847227116418e-205
6.528000000000000000e+04 7.408421433408163086e-206
6.534400000000000000e+04 1.737000390790487848e-206
6.540800000000000000e+04 1.737000390790487848e-206
6.547200000000000000e+04 1.737000390790487848e-206
6.553600000000000000e+04 1.737000390790487848e-206
6.560000000000000000e+04 1.475445781610907625e-206
6.566400000000000000e+04 1.475445781610907625e-206
6.572800000000000000e+04 1.475445781610907625e-206
6.579200000000000000e+04 6.668425091417189907e-207
6.585600000000000000e+04 8.116745660490174610e-208
6.592000000000000000e+04 8.285275167658186484e-209
6.598400000000000000e+04 8.285275167658186484e-209
6.604800000000000000e+04 8.285275167658186484e-209
6.611200000000000000e+04 8.285275167658186484e-209
6.617600000000000000e+04 8.285275167658186484e-209
6.624000000000000000e+04 4.372953141123411188e-209
6.630400000000000000e+04 4.372953141123411188e-209
6.636800000000000000e+04 4.372953141123411188e-209
6.643200000000000000e+04 5.452957292779123290e-211
6.649600000000000000e+04 5.452957292779123290e-211
6.656000000000000000e+04 5.452957292779123290e-211
6.662400000000000000e+04 5.452957292779123290e-211
6.668800000000000000e+04 5.452957292779123290e-211
6.675200000000000000e+04 5.452957292779123290e-211
6.681600000000000000e+04 4.867731680161891823e-211
6.688000000000000000e+04 3.124248760680925610e-211
6.694400000000000000e+04 3.124248760680925610e-211
6.700800000000000000e+04 3.124248760680925610e-211
6.707200000000000000e+04 2.257148576508672276e-211
6.713600000000000000e+04 2.580068747842714352e-212
6.720000000000000000e+04 2.580068747842714352e-212
6.726400000000000000e+04 2.580068747842714352e-212
6.732800000000000000e+04 2.580068747842714352e-212
6.739200000000000000e+04 2.187413033069333742e-212
6.745600000000000000e+04 2.187413033069333742e-212
6.752000000000000000e+04 7.575350177896471866e-213
6.758400000000000000e+04 7.575350177896471866e-213
6.764800000000000000e+04 3.770276522314132626e-213
6.771200000000000000e+04 2.578482919026903797e-213
6.777600000000000000e+04 2.578482919026903797e-213
6.784000000000000000e+04 2.412516710163865755e-214
6.790400000000000000e+04 2.412516710163865755e-214
6.796800000000000000e+04 2.412516710163865755e-214
6.803200000000000000e+04 1.163914140659169580e-214
6.809600000000000000e+04 8.273387346768796109e-215
6.816000000000000000e+04 8.273387346768796109e-215
6.822400000000000000e+04 4.641152221152051385e-215
6.828800000000000000e+04 3.246882714428713889e-215
6.835200000000000000e+04 3.246882714428713889e-215
6.841600000000000000e+04 1.626132403956669032e-215
6.848000000000000000e+04 1.626132403956669032e-215
6.854400000000000000e+04 1.658324830986731848e-216
6.860800000000000000e+04 1.100842387328811469e-216
6.867200000000000000e+04 1.100842387328811469e-216
6.873600000000000000e+04 1.100842387328811469e-216
6.880000000000000000e+04 1.100842387328811469e-216
6.886400000000000000e+04 1.100842387328811469e-216
6.892800000000000000e+04 1.100842387328811469e-216
6.899200000000000000e+04 1.100842387328811469e-216
6.905600000000000000e+04 1.100842387328811469e-216
6.912000000000000000e+04 1.032321866446641764e-217
6.918400000000000000e+04 1.032321866446641764e-217
6.924800000000000000e+04 1.032321866446641764e-217
6.931200000000000000e+04 1.032321866446641764e-217
6.937600000000000000e+04 1.032321866446641764e-217
6.944000000000000000e+04 5.173525766997276327e-218
6.950400000000000000e+04 8.721708285192362619e-220
6.956800000000000000e+04 8.721708285192362619e-220
6.963200000000000000e+04 8.721708285192362619e-220
6.969600000000000000e+04 4.235862508873896352e-220
6.976000000000000000e+04 4.235862508873896352e-220
6.982400000000000000e+04 4.235862508873896352e-220
6.988800000000000000e+04 4.235862508873896352e-220
6.995200000000000000e+04 4.235862508873896352e-220
7.001600000000000000e+04 4.259736035430927878e-221
7.008000000000000000e+04 4.259736035430927878e-221
7.014400000000000000e+04 4.259736035430927878e-221
7.020800000000000000e+04 2.125275620426275556e-221
7.027200000000000000e+04 2.125275620426275556e-221
7.033600000000000000e+04 3.988516423961863539e-223
7.040000000000000000e+04 3.988516423961863539e-223
7.046400000000000000e+04 3.988516423961863539e-223
7.052800000000000000e+04 3.988516423961863539e-223
7.059200000000000000e+04 3.988516423961863539e-223
7.065600000000000000e+04 3.988516423961863539e-223
7.072000000000000000e+04 2.101565349470284162e-224
7.078400000000000000e+04 2.101565349470284162e-224
7.084800000000000000e+04 2.101565349470284162e-224
7.091200000000000000e+04 2.101565349470284162e-224
7.097600000000000000e+04 2.101565349470284162e-224
7.104000000000000000e+04 2.101565349470284162e-224
7.110400000000000000e+04 2.101565349470284162e-224
7.116800000000000000e+04 2.101565349470284162e-224
7.123200000000000000e+04 1.822410399464377947e-224
7.129600000000000000e+04 1.284580164795900692e-226
7.136000000000000000e+04 1.284580164795900692e-226
7.142400000000000000e+04 1.284580164795900692e-226
7.148800000000000000e+04 1.284580164795900692e-226
7.155200000000000000e+04 1.284580164795900692e-226
7.161600000000000000e+04 1.284580164795900692e-226
7.168000000000000000e+04 1.284580164795900692e-226
7.174400000000000000e+04 1.284580164795900692e-226
7.180800000000000000e+04 1.284580164795900692e-226
7.187200000000000000e+04 8.796423644072858848e-227
7.193600000000000000e+04 6.412861406718295549e-227
7.200000000000000000e+04 1.485570520997877326e-227
7.206400000000000000e+04 1.485570520997877326e-227
7.212800000000000000e+04 1.217059938350686927e-228
7.219200000000000000e+04 1.217059938350686927e-228
7.225600000000000000e+04 1.217059938350686927e-228
7.232000000000000000e+04 1.217059938350686927e-228
7.238400000000000000e+04 8.021459293707607135e-229
7.244800000000000000e+04 8.021459293707607135e-229
7.251200000000000000e+04 1.650850532255608314e-229
7.257600000000000000e+04 1.650850532255608314e-229
7.264000000000000000e+04 1.650850532255608314e-229
7.270400000000000000e+04 4.625417524275188348e-230
7.276800000000000000e+04 4.625417524275188348e-230
7.283200000000000000e+04 7.539888794097461361e-231
7.289600000000000000e+04 7.539888794097461361e-231
7.296000000000000000e+04 6.197206017197001422e-232
7.302400000000000000e+04 6.197206017197001422e-232
7.308800000000000000e+04 6.197206017197001422e-232
7.315200000000000000e+04 6.197206017197001422e-232
7.321600000000000000e+04 6.197206017197001422e-232
7.328000000000000000e+04 2.758652424586342255e-232
7.334400000000000000e+04 2.758652424586342255e-232
7.340800000000000000e+04 2.758652424586342255e-232
7.347200000000000000e+04 3.277453332457131058e-233
7.353600000000000000e+04 3.277453332457131058e-233
7.360000000000000000e+04 3.277453332457131058e-233
7.366400000000000000e+04 3.258986585319110473e-233
7.372800000000000000e+04 3.258986585319110473e-233
7.379200000000000000e+04 3.258986585319110473e-233
7.385600000000000000e+04 5.363528587623644403e-234
7.392000000000000000e+04 5.363528587623644403e-234
7.398400000000000000e+04 5.363528587623644403e-234
7.404800000000000000e+04 1.728752429281519463e-234
7.411200000000000000e+04 1.728752429281519463e-234
7.417600000000000000e+04 1.728752429281519463e-234
7.424000000000000000e+04 1.728752429281519463e-234
7.430400000000000000e+04 1.012995056185504210e-234
7.436800000000000000e+04 1.012995056185504210e-234
7.443200000000000000e+04 1.340133424472250384e-235
7.449600000000000000e+04 9.698665961096848146e-236
7.456000000000000000e+04 9.698665961096848146e-236
7.462400000000000000e+04 6.731921514766256860e-236
7.468800000000000000e+04 1.928269050185006526e-236
7.475200000000000000e+04 1.831994114262028105e-236
7.481600000000000000e+04 1.831994114262028105e-236
7.488000000000000000e+04 1.831994114262028105e-236
7.494400000000000000e+04 1.831994114262028105e-236
7.500800000000000000e+04 1.748744363776008827e-238
7.507200000000000000e+04 1.748744363776008827e-238
7.513600000000000000e+04 1.748744363776008827e-238
7.520000000000000000e+04 1.748744363776008827e-238
7.526400000000000000e+04 1.748744363776008827e-238
7.532800000000000000e+04 3.012940346889218829e-239
7.539200000000000000e+04 3.012940346889218829e-239
7.545600000000000000e+04 3.012940346889218829e-239
7.552000000000000000e+04 3.012940346889218829e-239
7.558400000000000000e+04 3.012940346889218829e-239
7.564800000000000000e+04 3.012940346889218829e-239
7.571200000000000000e+04 3.012940346889218829e-239
7.577600000000000000e+04 3.012940346889218829e-239
7.584000000000000000e+04 1.858733159156985775e-240
7.590400000000000000e+04 1.858733159156985775e-240
7.596800000000000000e+04 1.617858232734961125e-240
7.603200000000000000e+04 1.617858232734961125e-240
7.609600000000000000e+04 1.617858232734961125e-240
7.616000000000000000e+04 1.617858232734961125e-240
7.622400000000000000e+04 8.429258841818383397e-241
7.628800000000000000e+04 8.429258841818383397e-241
7.635200000000000000e+04 1.848310935044499346e-241
7.641600000000000000e+04 5.010621561730708241e-242
7.648000000000000000e+04 5.010621561730708241e-242
7.654400000000000000e+04 5.010621561730708241e-242
7.660800000000000000e+04 5.010621561730708241e-242
7.667200000000000000e+04 3.254881209133819885e-242
7.673600000000000000e+04 3.254881209133819885e-242
7.680000000000000000e+04 3.169833060768765467e-242
7.686400000000000000e+04 3.044671711755812394e-243
7.692800000000000000e+04 4.867166342782095503e-244
7.699200000000000000e+04 4.867166342782095503e-244
7.705600000000000000e+04 4.867166342782095503e-244
7.712000000000000000e+04 4.867166342782095503e-244
7.718400000000000000e+04 4.867166342782095503e-244
7.724800000000000000e+04 4.360902319259299251e-244
7.731200000000000000e+04 3.710755839842652581e-244
7.737600000000000000e+04 2.565091589325716348e-244
7.744000000000000000e+04 1.436199179868629551e-245
7.750400000000000000e+04 1.436199179868629551e-245
7.756800000000000000e+04 1.436199179868629551e-245
7.763200000000000000e+04 1.436199179868629551e-245
7.769600000000000000e+04 7.285365048677944404e-246
7.776000000000000000e+04 7.285365048677944404e-246
7.782400000000000000e+04 3.307413283871773027e-246
7.788800000000000000e+04 3.307413283871773027e-246
7.795200000000000000e+04 3.307413283871773027e-246
7.801600000000000000e+04 3.307413283871773027e-246
7.808000000000000000e+04 2.574692426137825942e-246
7.814400000000000000e+04 5.579749433349953834e-247
7.820800000000000000e+04 4.920013310278011011e-249
7.827200000000000000e+04 4.920013310278011011e-249
7.833600000000000000e+04 4.920013310278011011e-249
7.840000000000000000e+04 4.920013310278011011e-249
7.846400000000000000e+04 4.920013310278011011e-249
7.852800000000000000e+04 4.920013310278011011e-249
7.859200000000000000e+04 4.920013310278011011e-249
7.865600000000000000e+04 4.920013310278011011e-249
7.872000000000000000e+04 4.920013310278011011e-249
7.878400000000000000e+04 1.393764504885839001e-249
7.884800000000000000e+04 1.393764504885839001e-249
7.891200000000000000e+04 1.148543377868252255e-249
7.897600000000000000e+04 9.077238687461609183e-250
7.904000000000000000e+04 9.049040526115020332e-251
7.910400000000000000e+04 9.049040526115020332e-251
7.916800000000000000e+04 9.049040526115020332e-251
7.923200000000000000e+04 9.049040526115020332e-251
7.929600000000000000e+04 9.049040526115020332e-251
7.936000000000000000e+04 9.049040526115020332e-251
7.942400000000000000e+04 2.560452429148640175e-251
7.948800000000000000e+04 1.624636959071841321e-251
7.955200000000000000e+04 1.624636959071841321e-251
7.961600000000000000e+04 1.624636959071841321e-251
7.968000000000000000e+04 1.078559943807410725e-251
7.974400000000000000e+04 1.078559943807410725e-251
7.980800000000000000e+04 1.049233367322056599e-252
7.987200000000000000e+04 1.049233367322056599e-252
7.993600000000000000e+04 7.797630250070516235e-253
8.000000000000000000e+04 7.797630250070516235e-253
8.006400000000000000e+04 7.797630250070516235e-253
8.012800000000000000e+04 7.797630250070516235e-253
8.019200000000000000e+04 4.035047538213283457e-253
8.025600000000000000e+04 2.531501577254186671e-253
8.032000000000000000e+04 2.264093982897008813e-253
8.038400000000000000e+04 1.194120041532673997e-253
8.044800000000000000e+04 9.955242384504203753e-254
8.051200000000000000e+04 2.567949044432176717e-254
8.057600000000000000e+04 2.567949044432176717e-254
8.064000000000000000e+04 7.311553612170114019e-255
8.070400000000000000e+04 7.311553612170114019e-255
8.076800000000000000e+04 7.311553612170114019e-255
8.083200000000000000e+04 6.683134419588404603e-255
8.089600000000000000e+04 1.251289843047832090e-256
8.096000000000000000e+04 1.251289843047832090e-256
8.102400000000000000e+04 1.251289843047832090e-256
8.108800000000000000e+04 1.251289843047832090e-256
8.115200000000000000e+04 1.251289843047832090e-256
8.121600000000000000e+04 1.251289843047832090e-256
8.128000000000000000e+04 1.251289843047832090e-256
8.134400000000000000e+04 8.717669759663545887e-258
8.140800000000000000e+04 8.717669759663545887e-258
8.147200000000000000e+04 8.717669759663545887e-258
8.153600000000000000e+04 8.717669759663545887e-258
8.160000000000000000e+04 2.333309494347679438e-258
8.166400000000000000e+04 7.895361592754560923e-259
8.172800000000000000e+04 7.895361592754560923e-259
8.179200000000000000e+04 1.779804134186731740e-259
8.185600000000000000e+04 1.195467846386391000e-260
8.192000000000000000e+04 1.195467846386391000e-260
8.198400000000000000e+04 1.195467846386391000e-260
8.204800000000000000e+04 1.195467846386391000e-260
8.211200000000000000e+04 1.195467846386391000e-260
8.217600000000000000e+04 1.195467846386391000e-260
8.224000000000000000e+04 1.195467846386391000e-260
8.230400000000000000e+04 1.195467846386391000e-260
8.236800000000000000e+04 1.195467846386391000e-260
8.243200000000000000e+04 1.195467846386391000e-260
8.249600000000000000e+04 1.195467846386391000e-260
8.256000000000000000e+04 1.195467846386391000e-260
8.262400000000000000e+04 5.373671063159898774e-261
8.268800000000000000e+04 4.278812357847728945e-261
8.275200000000000000e+04 2.834040106382030822e-261
8.281600000000000000e+04 2.834040106382030822e-261
8.288000000000000000e+04 4.944696484730715813e-262
8.294400000000000000e+04 2.394441852205777960e-262
8.300800000000000000e+04 1.518646156315789665e-262
8.307200000000000000e+04 1.518646156315789665e-262
8.313600000000000000e+04 4.639417782184034973e-263
8.320000000000000000e+04 4.639417782184034973e-263
8.326400000000000000e+04 4.639417782184034973e-263
8.332800000000000000e+04 4.639417782184034973e-263
8.339200000000000000e+04 2.799173080487619178e-263
8.345600000000000000e+04 1.056222344123311989e-263
8.352000000000000000e+04 1.056222344123311989e-263
8.358400000000000000e+04 1.056222344123311989e-263
8.364800000000000000e+04 1.056222344123311989e-263
8.371200000000000000e+04 2.589610779303379150e-264
8.377600000000000000e+04 1.357247845861877525e-264
8.384000000000000000e+04 1.013864757583593387e-264
8.390400000000000000e+04 1.013864757583593387e-264
8.396800000000000000e+04 4.692110410931921210e-266
8.403200000000000000e+04 4.692110410931921210e-266
8.409600000000000000e+04 4.692110410931921210e-266
8.416000000000000000e+04 2.915962624580449566e-266
8.422400000000000000e+04 1.636454912719820189e-266
8.428800000000000000e+04 1.636454912719820189e-266
8.435200000000000000e+04 6.787738302725180960e-267
8.441600000000000000e+04 6.787738302725180960e-267
8.448000000000000000e+04 8.954602764162115677e-269
8.454400000000000000e+04 8.954602764162115677e-269
8.460800000000000000e+04 8.954602764162115677e-269
8.467200000000000000e+04 8.954602764162115677e-269
8.473600000000000000e+04 8.954602764162115677e-269
8.480000000000000000e+04 8.954602764162115677e-269
8.486400000000000000e+04 8.954602764162115677e-269
8.492800000000000000e+04 8.954602764162115677e-269
8.499200000000000000e+04 8.954602764162115677e-269
8.505600000000000000e+04 8.954602764162115677e-269
8.512000000000000000e+04 3.083772573223451670e-269
8.518400000000000000e+04 5.112368560891303356e-270
8.524800000000000000e+04 7.121390335508065345e-271
8.531200000000000000e+04 7.121390335508065345e-271
8.537600000000000000e+04 7.121390335508065345e-271
8.544000000000000000e+04 7.121390335508065345e-271
8.550400000000000000e+04 7.121390335508065345e-271
8.556800000000000000e+04 7.121390335508065345e-271
8.563200000000000000e+04 7.121390335508065345e-271
8.569600000000000000e+04 4.674028968625246437e-272
8.576000000000000000e+04 4.674028968625246437e-272
8.582400000000000000e+04 1.131183469742831548e-272
8.588800000000000000e+04 1.131183469742831548e-272
8.595200000000000000e+04 5.913644925576237080e-273
8.601600000000000000e+04 5.913644925576237080e-273
8.608000000000000000e+04 5.913644925576237080e-273
8.614400000000000000e+04 5.913644925576237080e-273
8.620800000000000000e+04 5.913644925576237080e-273
8.627200000000000000e+04 5.268477339972662468e-273
8.633600000000000000e+04 5.268477339972662468e-273
8.640000000000000000e+04 5.268477339972662468e-273
8.646400000000000000e+04 4.699904324562718761e-273
8.652800000000000000e+04 4.467027382282404441e-273
8.659200000000000000e+04 1.196152745409960500e-273
8.665600000000000000e+04 3.587903973781570096e-274
8.672000000000000000e+04 1.342145962244928923e-274
8.678400000000000000e+04 1.342145962244928923e-274
8.684800000000000000e+04 2.062732927806210851e-275
8.691200000000000000e+04 2.062732927806210851e-275
8.697600000000000000e+04 2.062732927806210851e-275
8.704000000000000000e+04 2.062732927806210851e-275
8.710400000000000000e+04 2.062732927806210851e-275
8.716800000000000000e+04 2.648541545128753667e-276
8.723200000000000000e+04 2.648541545128753667e-276
8.729600000000000000e+04 2.648541545128753667e-276
8.736000000000000000e+04 2.648541545128753667e-276
8.742400000000000000e+04 2.648541545128753667e-276
8.748800000000000000e+04 2.982816317720770124e-277
8.755200000000000000e+04 2.982816317720770124e-277
8.761600000000000000e+04 2.982816317720770124e-277
8.768000000000000000e+04 2.982816317720770124e-277
8.774400000000000000e+04 2.152167303764689876e-277
8.780800000000000000e+04 1.136953549161579947e-277
8.787200000000000000e+04 1.136953549161579947e-277
8.793600000000000000e+04 9.381501101132926611e-278
8.800000000000000000e+04 2.842950593793768294e-278
8.806400000000000000e+04 2.842950593793768294e-278
8.812800000000000000e+04 2.842950593793768294e-278
8.819200000000000000e+04 1.963792540800913959e-278
8.825600000000000000e+04 1.622086998641100860e-278
8.832000000000000000e+04 1.204680025080546461e-278
8.838400000000000000e+04 7.468530200099712205e-279
8.844800000000000000e+04 2.475714379041108430e-279
8.851200000000000000e+04 2.302542824501473422e-279
8.857600000000000000e+04 1.776852177401470322e-279
8.864000000000000000e+04 9.581450134587644260e-280
8.870400000000000000e+04 2.284670099110602570e-280
8.876800000000000000e+04 2.284670099110602570e-280
8.883200000000000000e+04 1.636448056583145356e-280
8.889600000000000000e+04 1.360071455666768609e-281
8.896000000000000000e+04 2.329736765905200225e-282
8.902400000000000000e+04 2.329736765905200225e-282
8.908800000000000000e+04 2.329736765905200225e-282
8.915200000000000000e+04 2.329736765905200225e-282
8.921600000000000000e+04 2.329736765905200225e-282
8.928000000000000000e+04 7.513096289545706985e-283
8.934400000000000000e+04 7.513096289545706985e-283
8.940800000000000000e+04 6.536794091506851104e-284
8.947200000000000000e+04 6.536794091506851104e-284
8.953600000000000000e+04 6.536794091506851104e-284
8.960000000000000000e+04 5.368568331903957202e-284
8.966400000000000000e+04 5.368568331903957202e-284
8.972800000000000000e+04 5.368568331903957202e-284
8.979200000000000000e+04 5.368568331903957202e-284
8.985600000000000000e+04 5.368568331903957202e-284
8.992000000000000000e+04 5.368568331903957202e-284
8.998400000000000000e+04 7.340556490684601107e-285
9.004800000000000000e+04 2.668365814776666790e-285
9.011200000000000000e+04 2.668365814776666790e-285
9.017600000000000000e+04 2.668365814776666790e-285
9.024000000000000000e+04 1.466905889664314540e-285
9.030400000000000000e+04 8.958519808254264929e-286
9.036800000000000000e+04 8.958519808254264929e-286
9.043200000000000000e+04 1.598566468775801496e-287
9.049600000000000000e+04 1.598566468775801496e-287
9.056000000000000000e+04 1.598566468775801496e-287
9.062400000000000000e+04 1.598566468775801496e-287
9.068800000000000000e+04 1.598566468775801496e-287
9.075200000000000000e+04 1.598566468775801496e-287
9.081600000000000000e+04 1.598566468775801496e-287
9.088000000000000000e+04 1.598566468775801496e-287
9.094400000000000000e+04 8.825853373422487473e-288
9.100800000000000000e+04 8.825853373422487473e-288
9.107200000000000000e+04 1.272073468630459103e-288
9.113600000000000000e+04 1.272073468630459103e-288
9.120000000000000000e+04 1.272073468630459103e-288
9.126400000000000000e+04 7.146896651082923342e-289
9.132800000000000000e+04 5.151299480343991675e-290
9.139200000000000000e+04 5.151299480343991675e-290
9.145600000000000000e+04 5.151299480343991675e-290
9.152000000000000000e+04 5.151299480343991675e-290
9.158400000000000000e+04 5.151299480343991675e-290
9.164800000000000000e+04 5.151299480343991675e-290
9.171200000000000000e+04 5.151299480343991675e-290
9.177600000000000000e+04 3.153861054420155204e-291
9.184000000000000000e+04 3.153861054420155204e-291
9.190400000000000000e+04 3.153861054420155204e-291
9.196800000000000000e+04 2.093139711074530927e-291
9.203200000000000000e+04 2.093139711074530927e-291
9.209600000000000000e+04 6.957784880412088961e-292
9.216000000000000000e+04 6.957784880412088961e-292
9.222400000000000000e+04 6.957784880412088961e-292
9.228800000000000000e+04 6.957784880412088961e-292
9.235200000000000000e+04 5.672636729794335138e-292
9.241600000000000000e+04 3.635859102345693254e-292
9.248000000000000000e+04 3.635859102345693254e-292
9.254400000000000000e+04 2.636439754180332348e-292
9.260800000000000000e+04 4.358106054478919661e-293
9.267200000000000000e+04 3.428392896624729650e-293
9.273600000000000000e+04 3.428392896624729650e-293
9.280000000000000000e+04 1.065916193118640186e-293
9.286400000000000000e+04 1.065916193118640186e-293
9.292800000000000000e+04 1.065916193118640186e-293
9.299200000000000000e+04 3.539318259943438746e-294
9.305600000000000000e+04 6.388856667887218864e-295
9.312000000000000000e+04 6.388856667887218864e-295
9.318400000000000000e+04 6.388856667887218864e-295
9.324800000000000000e+04 6.388856667887218864e-295
9.331200000000000000e+04 6.156854124279945376e-295
9.337600000000000000e+04 6.156854124279945376e-295
9.344000000000000000e+04 1.459422795605668812e-295
9.350400000000000000e+04 9.296243585902072770e-296
9.356800000000000000e+04 9.296243585902072770e-296
9.363200000000000000e+04 9.296243585902072770e-296
9.369600000000000000e+04 9.296243585902072770e-296
9.376000000000000000e+04 9.296243585902072770e-296
9.382400000000000000e+04 9.296243585902072770e-296
9.388800000000000000e+04 2.982868976823684848e-296
9.395200000000000000e+04 2.982868976823684848e-296
9.401600000000000000e+04 2.982868976823684848e-296
9.408000000000000000e+04 6.866066166023753175e-297
9.414400000000000000e+04 6.509441137144527156e-297
9.420800000000000000e+04 1.980128370570889160e-298
9.427200000000000000e+04 1.980128370570889160e-298
9.433600000000000000e+04 1.980128370570889160e-298
9.440000000000000000e+04 1.980128370570889160e-298
9.446400000000000000e+04 1.381989862524038155e-298
9.452800000000000000e+04 1.381989862524038155e-298
9.459200000000000000e+04 1.381989862524038155e-298
9.465600000000000000e+04 5.999397144485715689e-300
9.472000000000000000e+04 5.999397144485715689e-300
9.478400000000000000e+04 5.999397144485715689e-300
9.484800000000000000e+04 4.139323638208281592e-302
9.491200000000000000e+04 4.139323638208281592e-302
9.497600000000000000e+04 4.139323638208281592e-302
9.504000000000000000e+04 4.139323638208281592e-302
9.510400000000000000e+04 4.139323638208281592e-302
9.516800000000000000e+04 4.139323638208281592e-302
9.523200000000000000e+04 4.139323638208281592e-302
9.529600000000000000e+04 4.139323638208281592e-302
9.536000000000000000e+04 4.139323638208281592e-302
9.542400000000000000e+04 4.139323638208281592e-302
9.548800000000000000e+04 4.139323638208281592e-302
9.555200000000000000e+04 4.139323638208281592e-302
9.561600000000000000e+04 4.139323638208281592e-302
9.568000000000000000e+04 4.139323638208281592e-302
9.574400000000000000e+04 4.139323638208281592e-302
9.580800000000000000e+04 4.139323638208281592e-302
9.587200000000000000e+04 4.114195170365414879e-302
9.593600000000000000e+04 5.280698163160239189e-303
9.600000000000000000e+04 5.280698163160239189e-303
9.606400000000000000e+04 5.280698163160239189e-303
9.612800000000000000e+04 5.280698163160239189e-303
9.619200000000000000e+04 5.280698163160239189e-303
9.625600000000000000e+04 6.762206085951202318e-304
9.632000000000000000e+04 6.762206085951202318e-304
9.638400000000000000e+04 6.762206085951202318e-304
9.644800000000000000e+04 6.762206085951202318e-304
9.651200000000000000e+04 3.552224950284225580e-304
9.657600000000000000e+04 3.417128726098480131e-304
9.664000000000000000e+04 4.764419558040721040e-305
9.670400000000000000e+04 4.764419558040721040e-305
9.676800000000000000e+04 2.700715550540025899e-305
9.683200000000000000e+04 2.700715550540025899e-305
9.689600000000000000e+04 1.662882024794785212e-305
9.696000000000000000e+04 2.457142493467550902e-306
9.702400000000000000e+04 2.457142493467550902e-306
9.708800000000000000e+04 2.457142493467550902e-306
9.715200000000000000e+04 2.457142493467550902e-306
9.721600000000000000e+04 1.488782844552333434e-306
9.728000000000000000e+04 1.149126151650065455e-306
9.734400000000000000e+04 1.149126151650065455e-306
9.740800000000000000e+04 1.149126151650065455e-306
9.747200000000000000e+04 3.324410782268958176e-307
9.753600000000000000e+04 3.324410782268958176e-307
9.760000000000000000e+04 3.324410782268958176e-307
9.766400000000000000e+04 3.324410782268958176e-307
9.772800000000000000e+04 1.264443040977833123e-307
9.779200000000000000e+04 3.857474635989383895e-308
9.785600000000000000e+04 2.666442232418955281e-308
9.792000000000000000e+04 2.666442232418955281e-308
9.798400000000000000e+04 2.666442232418955281e-308
9.804800000000000000e+04 2.666442232418955281e-308
9.811200000000000000e+04 1.210646425488448483e-308
9.817600000000000000e+04 6.236318864468929570e-311
9.824000000000000000e+04 6.236318864468929570e-311
9.830400000000000000e+04 6.236318864468929570e-311
9.836800000000000000e+04 6.236318864468929570e-311
9.843200000000000000e+04 6.236318864468929570e-311
9.849600000000000000e+04 6.236318864468929570e-311
9.856000000000000000e+04 6.236318864468929570e-311
9.862400000000000000e+04 6.236318864468929570e-311
9.868800000000000000e+04 1.372969209864338729e-311
9.875200000000000000e+04 1.372969209864338729e-311
9.881600000000000000e+04 1.372969209864338729e-311
9.888000000000000000e+04 1.096503515272297027e-311
9.894400000000000000e+04 1.096503515272297027e-311
9.900800000000000000e+04 1.096503515272297027e-311
9.907200000000000000e+04 1.096503515272297027e-311
9.913600000000000000e+04 1.096503515272297027e-311
9.920000000000000000e+04 1.096503515272297027e-311
9.926400000000000000e+04 3.556374908673018713e-312
9.932800000000000000e+04 1.348051321868089654e-312
9.939200000000000000e+04 8.509218970971764115e-313
9.945600000000000000e+04 4.793973190687561835e-313
9.952000000000000000e+04 7.078263493068797357e-314
9.958400000000000000e+04 2.959377937806609969e-315
9.964800000000000000e+04 2.959377937806609969e-315
9.971200000000000000e+04 2.959377937806609969e-315
9.977600000000000000e+04 2.959377937806609969e-315
9.984000000000000000e+04 2.959377937806609969e-315
9.990400000000000000e+04 2.959377937806609969e-315
9.996800000000000000e+04 2.959377937806609969e-315
1.000320000000000000e+05 1.616062413610419941e-315
