6.400000000000000000e+01 1.206874789843197293e+00
1.280000000000000000e+02 1.206874789843197293e+00
1.920000000000000000e+02 1.164224718941096748e-01
2.560000000000000000e+02 1.164224718941096748e-01
3.200000000000000000e+02 1.164224718941096748e-01
3.840000000000000000e+02 1.164224718941096748e-01
4.480000000000000000e+02 1.164224718941096748e-01
5.120000000000000000e+02 3.515797792937799121e-02
5.760000000000000000e+02 3.515797792937799121e-02
6.400000000000000000e+02 3.515797792937799121e-02
7.040000000000000000e+02 3.515797792937799121e-02
7.680000000000000000e+02 3.515797792937799121e-02
8.320000000000000000e+02 3.515797792937799121e-02
8.960000000000000000e+02 2.881129869730141707e-03
9.600000000000000000e+02 2.881129869730141707e-03
1.024000000000000000e+03 2.881129869730141707e-03
1.088000000000000000e+03 3.510522609887040363e-04
1.152000000000000000e+03 3.510522609887040363e-04
1.216000000000000000e+03 3.510522609887040363e-04
1.280000000000000000e+03 1.285806758227261970e-04
1.344000000000000000e+03 1.285806758227261970e-04
1.408000000000000000e+03 1.204333925063798190e-04
1.472000000000000000e+03 1.204333925063798190e-04
1.536000000000000000e+03 1.204333925063798190e-04
1.600000000000000000e+03 1.204333925063798190e-04
1.664000000000000000e+03 9.438861580854721305e-05
1.728000000000000000e+03 5.312261082374702823e-05
1.792000000000000000e+03 5.312261082374702823e-05
1.856000000000000000e+03 2.592380889060569350e-05
1.920000000000000000e+03 9.722949431115403119e-06
1.984000000000000000e+03 3.011484413531896336e-07
2.048000000000000000e+03 3.011484413531896336e-07
2.112000000000000000e+03 3.011484413531896336e-07
2.176000000000000000e+03 3.011484413531896336e-07
2.240000000000000000e+03 3.011484413531896336e-07
2.304000000000000000e+03 3.011484413531896336e-07
2.368000000000000000e+03 3.011484413531896336e-07
2.432000000000000000e+03 3.011484413531896336e-07
2.496000000000000000e+03 3.011484413531896336e-07
2.560000000000000000e+03 8.603417026793176375e-08
2.624000000000000000e+03 7.139114910581391508e-08
2.688000000000000000e+03 7.139114910581391508e-08
2.752000000000000000e+03 1.145846693195839043e-09
2.816000000000000000e+03 1.145846693195839043e-09
2.880000000000000000e+03 1.145846693195839043e-09
2.944000000000000000e+03 1.145846693195839043e-09
3.008000000000000000e+03 1.145846693195839043e-09
3.072000000000000000e+03 1.145846693195839043e-09
3.136000000000000000e+03 5.209771328997032776e-10
3.200000000000000000e+03 2.650964419583117471e-10
3.264000000000000000e+03 2.650964419583117471e-10
3.328000000000000000e+03 2.650964419583117471e-10
3.392000000000000000e+03 4.930198983561709695e-11
3.456000000000000000e+03 4.930198983561709695e-11
3.520000000000000000e+03 4.930198983561709695e-11
3.584000000000000000e+03 4.930198983561709695e-11
3.648000000000000000e+03 4.930198983561709695e-11
3.712000000000000000e+03 3.956674779373998310e-11
3.776000000000000000e+03 3.046073200112289116e-11
3.840000000000000000e+03 3.046073200112289116e-11
3.904000000000000000e+03 3.633193782078047529e-12
3.968000000000000000e+03 8.985598641675925622e-13
4.032000000000000000e+03 8.985598641675925622e-13
4.096000000000000000e+03 8.985598641675925622e-13
4.160000000000000000e+03 7.773878663654962468e-13
4.224000000000000000e+03 6.453622551040312076e-13
4.288000000000000000e+03 2.044217691797635263e-15
4.352000000000000000e+03 2.044217691797635263e-15
4.416000000000000000e+03 2.044217691797635263e-15
4.480000000000000000e+03 2.044217691797635263e-15
4.544000000000000000e+03 2.044217691797635263e-15
4.608000000000000000e+03 2.044217691797635263e-15
4.672000000000000000e+03 2.044217691797635263e-15
4.736000000000000000e+03 2.044217691797635263e-15
4.800000000000000000e+03 2.044217691797635263e-15
4.864000000000000000e+03 1.765761461655037136e-15
4.928000000000000000e+03 4.148229985448325196e-16
4.992000000000000000e+03 4.148229985448325196e-16
5.056000000000000000e+03 4.148229985448325196e-16
5.120000000000000000e+03 4.148229985448325196e-16
5.184000000000000000e+03 3.339760930801569740e-16
5.248000000000000000e+03 1.004787580893140621e-16
5.312000000000000000e+03 1.004787580893140621e-16
5.376000000000000000e+03 1.183231881920379618e-17
5.440000000000000000e+03 1.183231881920379618e-17
5.504000000000000000e+03 1.183231881920379618e-17
5.568000000000000000e+03 1.183231881920379618e-17
5.632000000000000000e+03 1.183231881920379618e-17
5.696000000000000000e+03 7.518214081841459187e-18
5.760000000000000000e+03 2.418124099354005083e-18
5.824000000000000000e+03 2.418124099354005083e-18
5.888000000000000000e+03 1.404036612989920159e-18
5.952000000000000000e+03 1.404036612989920159e-18
6.016000000000000000e+03 5.320075344162180166e-19
6.080000000000000000e+03 4.293759537520188675e-19
6.144000000000000000e+03 4.293759537520188675e-19
6.208000000000000000e+03 1.513464664501797257e-19
6.272000000000000000e+03 6.221601212602518542e-20
6.336000000000000000e+03 6.221601212602518542e-20
6.400000000000000000e+03 6.221601212602518542e-20
6.464000000000000000e+03 1.382685786731125219e-20
6.528000000000000000e+03 1.382685786731125219e-20
6.592000000000000000e+03 1.382685786731125219e-20
6.656000000000000000e+03 4.645402112287703620e-21
6.720000000000000000e+03 4.645402112287703620e-21
6.784000000000000000e+03 4.442653482788545063e-21
6.848000000000000000e+03 2.731772357299344283e-21
6.912000000000000000e+03 3.408587601108104944e-22
6.976000000000000000e+03 3.408587601108104944e-22
7.040000000000000000e+03 3.408587601108104944e-22
7.104000000000000000e+03 3.408587601108104944e-22
7.168000000000000000e+03 3.408587601108104944e-22
7.232000000000000000e+03 2.093647038097184248e-22
7.296000000000000000e+03 8.174148916594792504e-23
7.360000000000000000e+03 3.995232949126274462e-23
7.424000000000000000e+03 3.220411580265744090e-23
7.488000000000000000e+03 3.220411580265744090e-23
7.552000000000000000e+03 4.681039422625399127e-24
7.616000000000000000e+03 6.014593464561820069e-25
7.680000000000000000e+03 6.014593464561820069e-25
7.744000000000000000e+03 6.014593464561820069e-25
7.808000000000000000e+03 6.014593464561820069e-25
7.872000000000000000e+03 6.014593464561820069e-25
7.936000000000000000e+03 6.014593464561820069e-25
8.000000000000000000e+03 1.193381433182844377e-26
8.064000000000000000e+03 1.193381433182844377e-26
8.128000000000000000e+03 1.193381433182844377e-26
8.192000000000000000e+03 8.303179334798313178e-27
8.256000000000000000e+03 1.986859823913036137e-27
8.320000000000000000e+03 1.986859823913036137e-27
8.384000000000000000e+03 1.986859823913036137e-27
8.448000000000000000e+03 1.986859823913036137e-27
8.512000000000000000e+03 1.986859823913036137e-27
8.576000000000000000e+03 1.986859823913036137e-27
8.640000000000000000e+03 2.886773549452292664e-28
8.704000000000000000e+03 2.886773549452292664e-28
8.768000000000000000e+03 2.886773549452292664e-28
8.832000000000000000e+03 2.886773549452292664e-28
8.896000000000000000e+03 2.886773549452292664e-28
8.960000000000000000e+03 2.886773549452292664e-28
9.024000000000000000e+03 9.431755864631588805e-29
9.088000000000000000e+03 9.431755864631588805e-29
9.152000000000000000e+03 9.431755864631588805e-29
9.216000000000000000e+03 9.431755864631588805e-29
9.280000000000000000e+03 2.746614628675398316e-30
9.344000000000000000e+03 2.746614628675398316e-30
9.408000000000000000e+03 2.746614628675398316e-30
9.472000000000000000e+03 2.746614628675398316e-30
9.536000000000000000e+03 2.746614628675398316e-30
9.600000000000000000e+03 2.746614628675398316e-30
9.664000000000000000e+03 2.746614628675398316e-30
9.728000000000000000e+03 2.746614628675398316e-30
9.792000000000000000e+03 2.487227707169126411e-30
9.856000000000000000e+03 1.307653461149242390e-30
9.920000000000000000e+03 1.307653461149242390e-30
9.984000000000000000e+03 3.333850512349920506e-31
1.004800000000000000e+04 3.333850512349920506e-31
1.011200000000000000e+04 3.333850512349920506e-31
1.017600000000000000e+04 1.134949583834325401e-31
1.024000000000000000e+04 5.960615824941735340e-32
1.030400000000000000e+04 2.075772134159071724e-32
1.036800000000000000e+04 2.075772134159071724e-32
1.043200000000000000e+04 2.075772134159071724e-32
1.049600000000000000e+04 2.075772134159071724e-32
1.056000000000000000e+04 2.075772134159071724e-32
1.062400000000000000e+04 7.032672218187245342e-33
1.068800000000000000e+04 7.032672218187245342e-33
1.075200000000000000e+04 3.442829185251783454e-33
1.081600000000000000e+04 3.442829185251783454e-33
1.088000000000000000e+04 3.442829185251783454e-33
1.094400000000000000e+04 1.062985363182724435e-33
1.100800000000000000e+04 1.062985363182724435e-33
1.107200000000000000e+04 6.990337693517506035e-34
1.113600000000000000e+04 2.197030496953228830e-34
1.120000000000000000e+04 2.197030496953228830e-34
1.126400000000000000e+04 1.976056632183431550e-34
1.132800000000000000e+04 2.483288755361459957e-35
1.139200000000000000e+04 2.483288755361459957e-35
1.145600000000000000e+04 2.483288755361459957e-35
1.152000000000000000e+04 1.721360753709100714e-35
1.158400000000000000e+04 1.721360753709100714e-35
1.164800000000000000e+04 6.693855339524491882e-36
1.171200000000000000e+04 6.693855339524491882e-36
1.177600000000000000e+04 1.646138333155519483e-36
1.184000000000000000e+04 1.646138333155519483e-36
1.190400000000000000e+04 1.304138381387960055e-36
1.196800000000000000e+04 1.065339626138739504e-36
1.203200000000000000e+04 1.416154369390972133e-37
1.209600000000000000e+04 1.416154369390972133e-37
1.216000000000000000e+04 1.416154369390972133e-37
1.222400000000000000e+04 1.416154369390972133e-37
1.228800000000000000e+04 1.011905145852481873e-37
1.235200000000000000e+04 5.702209787328289436e-38
1.241600000000000000e+04 5.702209787328289436e-38
1.248000000000000000e+04 5.702209787328289436e-38
1.254400000000000000e+04 4.082019166072653161e-38
1.260800000000000000e+04 2.581255588192478489e-38
1.267200000000000000e+04 7.466537730314811989e-39
1.273600000000000000e+04 7.466537730314811989e-39
1.280000000000000000e+04 7.466537730314811989e-39
1.286400000000000000e+04 5.625720567506400861e-39
1.292800000000000000e+04 1.315266463057798964e-39
1.299200000000000000e+04 2.433326415334817071e-40
1.305600000000000000e+04 1.814387796189684350e-40
1.312000000000000000e+04 1.814387796189684350e-40
1.318400000000000000e+04 7.019792516973291157e-41
1.324800000000000000e+04 7.019792516973291157e-41
1.331200000000000000e+04 7.019792516973291157e-41
1.337600000000000000e+04 6.372933153032199078e-41
1.344000000000000000e+04 2.218138463429089241e-41
1.350400000000000000e+04 2.218138463429089241e-41
1.356800000000000000e+04 2.218138463429089241e-41
1.363200000000000000e+04 2.218138463429089241e-41
1.369600000000000000e+04 3.568476878338331828e-42
1.376000000000000000e+04 3.568476878338331828e-42
1.382400000000000000e+04 1.333094466585882730e-42
1.388800000000000000e+04 7.023405936843026016e-43
1.395200000000000000e+04 1.360590850757820032e-43
1.401600000000000000e+04 1.360590850757820032e-43
1.408000000000000000e+04 1.360590850757820032e-43
1.414400000000000000e+04 1.360590850757820032e-43
1.420800000000000000e+04 5.198529396351745991e-44
1.427200000000000000e+04 1.520829604588659251e-44
1.433600000000000000e+04 1.520829604588659251e-44
1.440000000000000000e+04 1.520829604588659251e-44
1.446400000000000000e+04 1.520829604588659251e-44
1.452800000000000000e+04 1.032679839978764087e-44
1.459200000000000000e+04 1.032679839978764087e-44
1.465600000000000000e+04 1.032679839978764087e-44
1.472000000000000000e+04 6.101459475610491757e-45
1.478400000000000000e+04 6.101459475610491757e-45
1.484800000000000000e+04 6.101459475610491757e-45
1.491200000000000000e+04 6.101459475610491757e-45
1.497600000000000000e+04 4.850489933404073901e-46
1.504000000000000000e+04 4.850489933404073901e-46
1.510400000000000000e+04 4.850489933404073901e-46
1.516800000000000000e+04 4.479596549208687510e-46
1.523200000000000000e+04 2.917146334287372169e-46
1.529600000000000000e+04 4.939618548809719204e-47
1.536000000000000000e+04 4.939618548809719204e-47
1.542400000000000000e+04 4.939618548809719204e-47
1.548800000000000000e+04 2.411486779312125524e-47
1.555200000000000000e+04 2.411486779312125524e-47
1.561600000000000000e+04 1.547503774105869242e-48
1.568000000000000000e+04 1.547503774105869242e-48
1.574400000000000000e+04 5.472615133541148226e-49
1.580800000000000000e+04 5.472615133541148226e-49
1.587200000000000000e+04 5.472615133541148226e-49
1.593600000000000000e+04 5.472615133541148226e-49
1.600000000000000000e+04 5.472615133541148226e-49
1.606400000000000000e+04 5.472615133541148226e-49
1.612800000000000000e+04 2.323610519055330098e-49
1.619200000000000000e+04 2.323610519055330098e-49
1.625600000000000000e+04 2.323610519055330098e-49
1.632000000000000000e+04 9.984623484912945372e-50
1.638400000000000000e+04 9.984623484912945372e-50
1.644800000000000000e+04 7.237771188506039207e-50
1.651200000000000000e+04 7.237771188506039207e-50
1.657600000000000000e+04 1.472175768676657217e-50
1.664000000000000000e+04 8.679813574444906251e-51
1.670400000000000000e+04 8.679813574444906251e-51
1.676800000000000000e+04 8.679813574444906251e-51
1.683200000000000000e+04 8.679813574444906251e-51
1.689600000000000000e+04 7.735641649631448825e-51
1.696000000000000000e+04 4.132804918219602171e-51
1.702400000000000000e+04 1.730814261366082416e-52
1.708800000000000000e+04 1.730814261366082416e-52
1.715200000000000000e+04 1.730814261366082416e-52
1.721600000000000000e+04 1.730814261366082416e-52
1.728000000000000000e+04 1.730814261366082416e-52
1.734400000000000000e+04 8.187832638238741905e-53
1.740800000000000000e+04 8.187832638238741905e-53
1.747200000000000000e+04 8.187832638238741905e-53
1.753600000000000000e+04 4.264150488944473335e-53
1.760000000000000000e+04 2.319229076045391118e-53
1.766400000000000000e+04 2.927990965582199386e-54
1.772800000000000000e+04 2.927990965582199386e-54
1.779200000000000000e+04 2.927990965582199386e-54
1.785600000000000000e+04 2.927990965582199386e-54
1.792000000000000000e+04 2.541036925584603370e-54
1.798400000000000000e+04 2.541036925584603370e-54
1.804800000000000000e+04 9.251862050625065510e-55
1.811200000000000000e+04 1.296893502068055134e-55
1.817600000000000000e+04 7.102357375447740006e-56
1.824000000000000000e+04 7.102357375447740006e-56
1.830400000000000000e+04 3.718549056196841996e-56
1.836800000000000000e+04 3.718549056196841996e-56
1.843200000000000000e+04 3.229617228863788835e-56
1.849600000000000000e+04 3.229617228863788835e-56
1.856000000000000000e+04 3.695561501527709949e-57
1.862400000000000000e+04 3.695561501527709949e-57
1.868800000000000000e+04 3.695561501527709949e-57
1.875200000000000000e+04 3.727581390394985431e-58
1.881600000000000000e+04 3.727581390394985431e-58
1.888000000000000000e+04 3.727581390394985431e-58
1.894400000000000000e+04 2.515683873383195148e-58
1.900800000000000000e+04 2.515683873383195148e-58
1.907200000000000000e+04 4.219837883388356897e-59
1.913600000000000000e+04 4.219837883388356897e-59
1.920000000000000000e+04 4.219837883388356897e-59
1.926400000000000000e+04 4.219837883388356897e-59
1.932800000000000000e+04 9.516303573091958653e-60
1.939200000000000000e+04 3.740742504455975302e-60
1.945600000000000000e+04 3.740742504455975302e-60
1.952000000000000000e+04 1.334956695324058417e-61
1.958400000000000000e+04 1.334956695324058417e-61
1.964800000000000000e+04 1.334956695324058417e-61
1.971200000000000000e+04 1.334956695324058417e-61
1.977600000000000000e+04 1.334956695324058417e-61
1.984000000000000000e+04 1.334956695324058417e-61
1.990400000000000000e+04 1.272744299271291022e-61
1.996800000000000000e+04 1.272744299271291022e-61
2.003200000000000000e+04 5.503714690482362478e-62
2.009600000000000000e+04 9.099459351961870005e-63
2.016000000000000000e+04 9.099459351961870005e-63
2.022400000000000000e+04 9.099459351961870005e-63
2.028800000000000000e+04 9.099459351961870005e-63
2.035200000000000000e+04 9.099459351961870005e-63
2.041600000000000000e+04 9.099459351961870005e-63
2.048000000000000000e+04 3.698320660990536118e-63
2.054400000000000000e+04 4.736726212615678187e-64
2.060800000000000000e+04 4.736726212615678187e-64
2.067200000000000000e+04 4.736726212615678187e-64
2.073600000000000000e+04 4.736726212615678187e-64
2.080000000000000000e+04 4.736726212615678187e-64
2.086400000000000000e+04 4.736726212615678187e-64
2.092800000000000000e+04 2.885234827687779805e-64
2.099200000000000000e+04 2.885234827687779805e-64
2.105600000000000000e+04 5.069734002872454363e-66
2.112000000000000000e+04 5.069734002872454363e-66
2.118400000000000000e+04 5.069734002872454363e-66
2.124800000000000000e+04 4.743675698672424231e-67
2.131200000000000000e+04 4.743675698672424231e-67
2.137600000000000000e+04 4.743675698672424231e-67
2.144000000000000000e+04 4.743675698672424231e-67
2.150400000000000000e+04 4.743675698672424231e-67
2.156800000000000000e+04 4.743675698672424231e-67
2.163200000000000000e+04 4.743675698672424231e-67
2.169600000000000000e+04 7.493322758274221038e-68
2.176000000000000000e+04 7.493322758274221038e-68
2.182400000000000000e+04 7.493322758274221038e-68
2.188800000000000000e+04 6.715521175895744381e-68
2.195200000000000000e+04 6.715521175895744381e-68
2.201600000000000000e+04 6.715521175895744381e-68
2.208000000000000000e+04 2.402524844609108560e-68
2.214400000000000000e+04 2.274376143873027893e-69
2.220800000000000000e+04 1.658867726643498098e-69
2.227200000000000000e+04 1.658867726643498098e-69
2.233600000000000000e+04 1.658867726643498098e-69
2.240000000000000000e+04 1.554957640968352859e-69
2.246400000000000000e+04 8.838653856155539282e-70
2.252800000000000000e+04 8.838653856155539282e-70
2.259200000000000000e+04 8.838653856155539282e-70
2.265600000000000000e+04 8.838653856155539282e-70
2.272000000000000000e+04 9.185093984497934012e-71
2.278400000000000000e+04 9.185093984497934012e-71
2.284800000000000000e+04 9.185093984497934012e-71
2.291200000000000000e+04 9.185093984497934012e-71
2.297600000000000000e+04 9.185093984497934012e-71
2.304000000000000000e+04 9.128576255175055582e-72
2.310400000000000000e+04 9.128576255175055582e-72
2.316800000000000000e+04 4.244165245974901070e-72
2.323200000000000000e+04 2.315681347757000271e-72
2.329600000000000000e+04 2.308716703513205613e-72
2.336000000000000000e+04 1.452497575655383443e-73
2.342400000000000000e+04 1.452497575655383443e-73
2.348800000000000000e+04 1.452497575655383443e-73
2.355200000000000000e+04 1.452497575655383443e-73
2.361600000000000000e+04 1.452497575655383443e-73
2.368000000000000000e+04 4.006214135135942790e-74
2.374400000000000000e+04 9.058045812751624033e-75
2.380800000000000000e+04 9.058045812751624033e-75
2.387200000000000000e+04 9.058045812751624033e-75
2.393600000000000000e+04 9.058045812751624033e-75
2.400000000000000000e+04 3.623374907416996207e-75
2.406400000000000000e+04 1.596972430521480118e-75
2.412800000000000000e+04 1.596972430521480118e-75
2.419200000000000000e+04 4.783560839889926461e-77
2.425600000000000000e+04 4.783560839889926461e-77
2.432000000000000000e+04 4.783560839889926461e-77
2.438400000000000000e+04 4.783560839889926461e-77
2.444800000000000000e+04 4.783560839889926461e-77
2.451200000000000000e+04 4.783560839889926461e-77
2.457600000000000000e+04 4.783560839889926461e-77
2.464000000000000000e+04 6.132048670484110556e-78
2.470400000000000000e+04 6.132048670484110556e-78
2.476800000000000000e+04 5.586625616802198037e-78
2.483200000000000000e+04 5.586625616802198037e-78
2.489600000000000000e+04 5.586625616802198037e-78
2.496000000000000000e+04 5.533639964167234727e-78
2.502400000000000000e+04 1.056310582957550855e-78
2.508800000000000000e+04 1.056310582957550855e-78
2.515200000000000000e+04 4.215383803892770723e-79
2.521600000000000000e+04 4.215383803892770723e-79
2.528000000000000000e+04 4.215383803892770723e-79
2.534400000000000000e+04 1.546894247638248334e-79
2.540800000000000000e+04 1.546894247638248334e-79
2.547200000000000000e+04 1.546894247638248334e-79
2.553600000000000000e+04 1.043319847222929793e-79
2.560000000000000000e+04 6.136552691377927374e-80
2.566400000000000000e+04 1.571515888066732752e-80
2.572800000000000000e+04 1.571515888066732752e-80
2.579200000000000000e+04 5.676297891234787407e-81
2.585600000000000000e+04 9.428404636364665298e-82
2.592000000000000000e+04 9.428404636364665298e-82
2.598400000000000000e+04 9.428404636364665298e-82
2.604800000000000000e+04 3.276309734938346469e-83
2.611200000000000000e+04 3.276309734938346469e-83
2.617600000000000000e+04 3.276309734938346469e-83
2.624000000000000000e+04 3.276309734938346469e-83
2.630400000000000000e+04 3.276309734938346469e-83
2.636800000000000000e+04 3.276309734938346469e-83
2.643200000000000000e+04 3.276309734938346469e-83
2.649600000000000000e+04 2.437755025322054275e-83
2.656000000000000000e+04 2.437755025322054275e-83
2.662400000000000000e+04 3.447269258933494386e-84
2.668800000000000000e+04 3.447269258933494386e-84
2.675200000000000000e+04 2.560352553064059436e-84
2.681600000000000000e+04 2.560352553064059436e-84
2.688000000000000000e+04 2.560352553064059436e-84
2.694400000000000000e+04 2.560352553064059436e-84
2.700800000000000000e+04 1.846736167629674109e-84
2.707200000000000000e+04 1.846736167629674109e-84
2.713600000000000000e+04 4.596080940555837973e-85
2.720000000000000000e+04 4.596080940555837973e-85
2.726400000000000000e+04 4.110900183795180852e-85
2.732800000000000000e+04 9.202434993727861517e-88
2.739200000000000000e+04 9.202434993727861517e-88
2.745600000000000000e+04 9.202434993727861517e-88
2.752000000000000000e+04 9.202434993727861517e-88
2.758400000000000000e+04 9.202434993727861517e-88
2.764800000000000000e+04 9.202434993727861517e-88
2.771200000000000000e+04 9.202434993727861517e-88
2.777600000000000000e+04 1.153635974182598077e-88
2.784000000000000000e+04 1.153635974182598077e-88
2.790400000000000000e+04 1.153635974182598077e-88
2.796800000000000000e+04 1.153635974182598077e-88
2.803200000000000000e+04 1.153635974182598077e-88
2.809600000000000000e+04 1.153635974182598077e-88
2.816000000000000000e+04 1.153635974182598077e-88
2.822400000000000000e+04 1.153635974182598077e-88
2.828800000000000000e+04 3.438204634091594924e-89
2.835200000000000000e+04 7.668592286464394156e-90
2.841600000000000000e+04 7.668592286464394156e-90
2.848000000000000000e+04 7.668592286464394156e-90
2.854400000000000000e+04 5.534556052432671612e-90
2.860800000000000000e+04 5.534556052432671612e-90
2.867200000000000000e+04 5.534556052432671612e-90
2.873600000000000000e+04 4.150937451178556776e-91
2.880000000000000000e+04 4.150937451178556776e-91
2.886400000000000000e+04 2.060014647822126844e-91
2.892800000000000000e+04 2.060014647822126844e-91
2.899200000000000000e+04 1.885055300162976314e-91
2.905600000000000000e+04 1.885055300162976314e-91
2.912000000000000000e+04 1.772164425660737695e-91
2.918400000000000000e+04 6.626831748190803976e-92
2.924800000000000000e+04 6.262835096349312904e-93
2.931200000000000000e+04 6.262835096349312904e-93
2.937600000000000000e+04 2.062599057799332011e-94
2.944000000000000000e+04 2.062599057799332011e-94
2.950400000000000000e+04 2.062599057799332011e-94
2.956800000000000000e+04 2.062599057799332011e-94
2.963200000000000000e+04 2.062599057799332011e-94
2.969600000000000000e+04 2.062599057799332011e-94
2.976000000000000000e+04 2.062599057799332011e-94
2.982400000000000000e+04 2.062599057799332011e-94
2.988800000000000000e+04 1.600100050082262520e-95
2.995200000000000000e+04 5.148796050985235514e-96
3.001600000000000000e+04 5.148796050985235514e-96
3.008000000000000000e+04 5.148796050985235514e-96
3.014400000000000000e+04 2.903960491696842865e-96
3.020800000000000000e+04 2.903960491696842865e-96
3.027200000000000000e+04 2.903960491696842865e-96
3.033600000000000000e+04 2.903960491696842865e-96
3.040000000000000000e+04 2.381425700500315543e-96
3.046400000000000000e+04 1.926901413320772259e-96
3.052800000000000000e+04 1.506316127687713172e-96
3.059200000000000000e+04 8.710937235301474313e-97
3.065600000000000000e+04 7.424075987265462871e-98
3.072000000000000000e+04 7.424075987265462871e-98
3.078400000000000000e+04 7.424075987265462871e-98
3.084800000000000000e+04 7.424075987265462871e-98
3.091200000000000000e+04 7.424075987265462871e-98
3.097600000000000000e+04 7.424075987265462871e-98
3.104000000000000000e+04 1.085279612515306609e-98
3.110400000000000000e+04 1.006807515516049592e-98
3.116800000000000000e+04 1.006807515516049592e-98
3.123200000000000000e+04 4.261772867764679217e-99
3.129600000000000000e+04 4.261772867764679217e-99
3.136000000000000000e+04 4.261772867764679217e-99
3.142400000000000000e+04 8.045421234757426476e-100
3.148800000000000000e+04 8.045421234757426476e-100
3.155200000000000000e+04 1.702530872682539207e-100
3.161600000000000000e+04 1.702530872682539207e-100
3.168000000000000000e+04 1.702530872682539207e-100
3.174400000000000000e+04 9.436817593851807272e-101
3.180800000000000000e+04 6.517710069727552074e-101
3.187200000000000000e+04 6.517710069727552074e-101
3.193600000000000000e+04 1.942414799612214401e-101
3.200000000000000000e+04 1.942414799612214401e-101
3.206400000000000000e+04 1.942414799612214401e-101
3.212800000000000000e+04 1.942414799612214401e-101
3.219200000000000000e+04 1.570413206289168785e-101
3.225600000000000000e+04 1.570413206289168785e-101
3.232000000000000000e+04 1.481977521735436623e-102
3.238400000000000000e+04 1.481977521735436623e-102
3.244800000000000000e+04 3.158950797979195924e-103
3.251200000000000000e+04 3.158950797979195924e-103
3.257600000000000000e+04 3.158950797979195924e-103
3.264000000000000000e+04 6.381122223509074697e-104
3.270400000000000000e+04 6.381122223509074697e-104
3.276800000000000000e+04 6.381122223509074697e-104
3.283200000000000000e+04 6.381122223509074697e-104
3.289600000000000000e+04 6.381122223509074697e-104
3.296000000000000000e+04 6.381122223509074697e-104
3.302400000000000000e+04 1.324323115356243981e-104
3.308800000000000000e+04 1.323318244910103265e-104
3.315200000000000000e+04 1.323318244910103265e-104
3.321600000000000000e+04 1.323318244910103265e-104
3.328000000000000000e+04 8.678282660784706093e-105
3.334400000000000000e+04 5.062005297247023535e-105
3.340800000000000000e+04 4.188119197586395033e-105
3.347200000000000000e+04 3.176166457038995686e-107
3.353600000000000000e+04 2.640825676109531182e-107
3.360000000000000000e+04 2.640825676109531182e-107
3.366400000000000000e+04 2.640825676109531182e-107
3.372800000000000000e+04 2.640825676109531182e-107
3.379200000000000000e+04 2.640825676109531182e-107
3.385600000000000000e+04 2.640825676109531182e-107
3.392000000000000000e+04 3.893961640385115273e-108
3.398400000000000000e+04 3.893961640385115273e-108
3.404800000000000000e+04 3.893961640385115273e-108
3.411200000000000000e+04 3.893961640385115273e-108
3.417600000000000000e+04 3.893961640385115273e-108
3.424000000000000000e+04 2.097690869394409929e-108
3.430400000000000000e+04 2.097690869394409929e-108
3.436800000000000000e+04 3.426976544449566882e-109
3.443200000000000000e+04 4.109278634690850843e-110
3.449600000000000000e+04 4.109278634690850843e-110
3.456000000000000000e+04 4.109278634690850843e-110
3.462400000000000000e+04 4.109278634690850843e-110
3.468800000000000000e+04 4.109278634690850843e-110
3.475200000000000000e+04 4.109278634690850843e-110
3.481600000000000000e+04 6.819138378549499230e-112
3.488000000000000000e+04 6.819138378549499230e-112
3.494400000000000000e+04 6.819138378549499230e-112
3.500800000000000000e+04 6.819138378549499230e-112
3.507200000000000000e+04 6.819138378549499230e-112
3.513600000000000000e+04 6.819138378549499230e-112
3.520000000000000000e+04 6.819138378549499230e-112
3.526400000000000000e+04 5.537220133898200053e-112
3.532800000000000000e+04 5.537220133898200053e-112
3.539200000000000000e+04 2.431599066177000794e-112
3.545600000000000000e+04 1.013875346157132265e-113
3.552000000000000000e+04 1.013875346157132265e-113
3.558400000000000000e+04 1.013875346157132265e-113
3.564800000000000000e+04 1.013875346157132265e-113
3.571200000000000000e+04 1.013875346157132265e-113
3.577600000000000000e+04 1.013875346157132265e-113
3.584000000000000000e+04 1.013875346157132265e-113
3.590400000000000000e+04 1.013875346157132265e-113
3.596800000000000000e+04 2.207212929620247034e-114
3.603200000000000000e+04 2.207212929620247034e-114
3.609600000000000000e+04 2.207212929620247034e-114
3.616000000000000000e+04 8.282818391163355233e-115
3.622400000000000000e+04 9.367907596982862543e-116
3.628800000000000000e+04 9.367907596982862543e-116
3.635200000000000000e+04 6.151095676865457839e-116
3.641600000000000000e+04 1.569369134611647083e-116
3.648000000000000000e+04 1.569369134611647083e-116
3.654400000000000000e+04 1.569369134611647083e-116
3.660800000000000000e+04 1.569369134611647083e-116
3.667200000000000000e+04 9.274129495331542266e-117
3.673600000000000000e+04 3.171810691930007527e-117
3.680000000000000000e+04 3.171810691930007527e-117
3.686400000000000000e+04 3.171810691930007527e-117
3.692800000000000000e+04 3.171810691930007527e-117
3.699200000000000000e+04 3.171810691930007527e-117
3.705600000000000000e+04 3.171810691930007527e-117
3.712000000000000000e+04 3.171810691930007527e-117
3.718400000000000000e+04 1.723844421199803260e-117
3.724800000000000000e+04 1.961889988488849255e-118
3.731200000000000000e+04 1.236245822354889716e-119
3.737600000000000000e+04 1.236245822354889716e-119
3.744000000000000000e+04 1.087919955408963000e-119
3.750400000000000000e+04 1.087919955408963000e-119
3.756800000000000000e+04 1.087919955408963000e-119
3.763200000000000000e+04 1.087919955408963000e-119
3.769600000000000000e+04 7.304464625929150309e-120
3.776000000000000000e+04 7.304464625929150309e-120
3.782400000000000000e+04 3.076822920996005496e-120
3.788800000000000000e+04 3.076822920996005496e-120
3.795200000000000000e+04 2.649733446357187826e-121
3.801600000000000000e+04 2.649733446357187826e-121
3.808000000000000000e+04 1.091627325062174320e-121
3.814400000000000000e+04 1.091627325062174320e-121
3.820800000000000000e+04 8.673348747224995089e-122
3.827200000000000000e+04 8.673348747224995089e-122
3.833600000000000000e+04 8.673348747224995089e-122
3.840000000000000000e+04 4.677626680983251352e-122
3.846400000000000000e+04 1.372039875247873726e-122
3.852800000000000000e+04 1.372039875247873726e-122
3.859200000000000000e+04 1.018451193049403615e-122
3.865600000000000000e+04 1.018451193049403615e-122
3.872000000000000000e+04 3.449905615460994015e-123
3.878400000000000000e+04 3.449905615460994015e-123
3.884800000000000000e+04 9.164332569157221526e-124
3.891200000000000000e+04 9.164332569157221526e-124
3.897600000000000000e+04 9.164332569157221526e-124
3.904000000000000000e+04 7.318742950378600559e-124
3.910400000000000000e+04 7.318742950378600559e-124
3.916800000000000000e+04 7.318742950378600559e-124
3.923200000000000000e+04 2.759742311940705827e-124
3.929600000000000000e+04 5.500121806374623946e-125
3.936000000000000000e+04 5.500121806374623946e-125
3.942400000000000000e+04 2.172663615353100807e-125
3.948800000000000000e+04 2.172663615353100807e-125
3.955200000000000000e+04 2.172663615353100807e-125
3.961600000000000000e+04 2.172663615353100807e-125
3.968000000000000000e+04 2.169980265834486480e-125
3.974400000000000000e+04 1.794831855587601335e-125
3.980800000000000000e+04 1.669058017629588855e-125
3.987200000000000000e+04 1.140431593773449139e-125
3.993600000000000000e+04 5.630319638916455335e-127
4.000000000000000000e+04 5.630319638916455335e-127
4.006400000000000000e+04 1.980739592245594667e-127
4.012800000000000000e+04 1.100643489735942841e-127
4.019200000000000000e+04 1.100643489735942841e-127
4.025600000000000000e+04 5.282080132746028796e-128
4.032000000000000000e+04 5.282080132746028796e-128
4.038400000000000000e+04 5.282080132746028796e-128
4.044800000000000000e+04 3.511190507188004196e-128
4.051200000000000000e+04 2.195217906763639434e-128
4.057600000000000000e+04 7.797062744242251268e-129
4.064000000000000000e+04 7.797062744242251268e-129
4.070400000000000000e+04 4.218637699390860055e-129
4.076800000000000000e+04 4.218637699390860055e-129
4.083200000000000000e+04 2.131227391783471062e-129
4.089600000000000000e+04 2.663847745613907567e-130
4.096000000000000000e+04 2.663847745613907567e-130
4.102400000000000000e+04 2.663847745613907567e-130
4.108800000000000000e+04 2.663847745613907567e-130
4.115200000000000000e+04 2.663847745613907567e-130
4.121600000000000000e+04 6.246280177020674315e-131
4.128000000000000000e+04 6.246280177020674315e-131
4.134400000000000000e+04 6.246280177020674315e-131
4.140800000000000000e+04 6.246280177020674315e-131
4.147200000000000000e+04 4.178794543446967690e-131
4.153600000000000000e+04 1.274579240938012294e-131
4.160000000000000000e+04 8.178156291472897473e-132
4.166400000000000000e+04 4.500890978366488704e-132
4.172800000000000000e+04 1.449034720142791486e-132
4.179200000000000000e+04 1.449034720142791486e-132
4.185600000000000000e+04 8.530774378625175854e-133
4.192000000000000000e+04 1.387295005534756158e-133
4.198400000000000000e+04 9.825560004992705560e-134
4.204800000000000000e+04 9.825560004992705560e-134
4.211200000000000000e+04 2.694616889303291931e-134
4.217600000000000000e+04 2.681603598359566850e-134
4.224000000000000000e+04 2.681603598359566850e-134
4.230400000000000000e+04 2.681603598359566850e-134
4.236800000000000000e+04 2.083066538095582205e-134
4.243200000000000000e+04 1.157387905556574183e-134
4.249600000000000000e+04 2.352024901370676539e-135
4.256000000000000000e+04 2.043809735837022129e-135
4.262400000000000000e+04 2.043809735837022129e-135
4.268800000000000000e+04 2.043809735837022129e-135
4.275200000000000000e+04 3.638949830929572193e-136
4.281600000000000000e+04 3.638949830929572193e-136
4.288000000000000000e+04 3.501719004083415054e-136
4.294400000000000000e+04 1.581507541087241723e-136
4.300800000000000000e+04 2.681042294737705987e-137
4.307200000000000000e+04 2.681042294737705987e-137
4.313600000000000000e+04 3.403684930416045227e-138
4.320000000000000000e+04 3.403684930416045227e-138
4.326400000000000000e+04 2.477883514795946342e-138
4.332800000000000000e+04 2.477883514795946342e-138
4.339200000000000000e+04 1.278958318922913741e-138
4.345600000000000000e+04 1.278958318922913741e-138
4.352000000000000000e+04 1.278958318922913741e-138
4.358400000000000000e+04 1.278958318922913741e-138
4.364800000000000000e+04 1.967922605362217063e-139
4.371200000000000000e+04 1.967922605362217063e-139
4.377600000000000000e+04 1.320085651902656451e-139
4.384000000000000000e+04 1.320085651902656451e-139
4.390400000000000000e+04 5.742398246596272118e-140
4.396800000000000000e+04 4.635044306055028894e-141
4.403200000000000000e+04 4.635044306055028894e-141
4.409600000000000000e+04 4.635044306055028894e-141
4.416000000000000000e+04 4.635044306055028894e-141
4.422400000000000000e+04 2.714581514655585243e-141
4.428800000000000000e+04 2.714581514655585243e-141
4.435200000000000000e+04 2.714581514655585243e-141
4.441600000000000000e+04 2.714581514655585243e-141
4.448000000000000000e+04 2.714581514655585243e-141
4.454400000000000000e+04 2.714581514655585243e-141
4.460800000000000000e+04 2.267119237731080948e-141
4.467200000000000000e+04 1.556502933795971139e-141
4.473600000000000000e+04 7.118693203566259156e-142
4.480000000000000000e+04 3.534715682879145748e-142
4.486400000000000000e+04 1.012266419477655176e-142
4.492800000000000000e+04 1.012266419477655176e-142
4.499200000000000000e+04 4.018717092600346706e-143
4.505600000000000000e+04 4.880200082825186334e-144
4.512000000000000000e+04 4.880200082825186334e-144
4.518400000000000000e+04 4.778689160098958636e-144
4.524800000000000000e+04 4.778689160098958636e-144
4.531200000000000000e+04 4.778689160098958636e-144
4.537600000000000000e+04 2.444529321453004439e-144
4.544000000000000000e+04 2.444529321453004439e-144
4.550400000000000000e+04 2.444529321453004439e-144
4.556800000000000000e+04 8.453269037603372143e-145
4.563200000000000000e+04 8.453269037603372143e-145
4.569600000000000000e+04 8.221392844921758273e-146
4.576000000000000000e+04 6.445729379003218819e-146
4.582400000000000000e+04 6.445729379003218819e-146
4.588800000000000000e+04 6.445729379003218819e-146
4.595200000000000000e+04 1.040749063683352914e-146
4.601600000000000000e+04 1.040749063683352914e-146
4.608000000000000000e+04 1.040749063683352914e-146
4.614400000000000000e+04 1.040749063683352914e-146
4.620800000000000000e+04 1.040749063683352914e-146
4.627200000000000000e+04 1.040749063683352914e-146
4.633600000000000000e+04 5.451992613220615166e-147
4.640000000000000000e+04 3.298931975822781977e-148
4.646400000000000000e+04 3.269438123109711899e-148
4.652800000000000000e+04 5.328511821605941289e-149
4.659200000000000000e+04 5.328511821605941289e-149
4.665600000000000000e+04 5.328511821605941289e-149
4.672000000000000000e+04 5.328511821605941289e-149
4.678400000000000000e+04 5.328511821605941289e-149
4.684800000000000000e+04 5.328511821605941289e-149
4.691200000000000000e+04 5.328511821605941289e-149
4.697600000000000000e+04 3.210007595323361850e-149
4.704000000000000000e+04 1.371189413482419405e-149
4.710400000000000000e+04 1.371189413482419405e-149
4.716800000000000000e+04 2.157830213947972311e-150
4.723200000000000000e+04 2.157830213947972311e-150
4.729600000000000000e+04 3.516419599669466313e-151
4.736000000000000000e+04 3.516419599669466313e-151
4.742400000000000000e+04 3.516419599669466313e-151
4.748800000000000000e+04 1.752005550191135647e-151
4.755200000000000000e+04 1.775890701592426547e-152
4.761600000000000000e+04 1.003472454103269652e-152
4.768000000000000000e+04 1.003472454103269652e-152
4.774400000000000000e+04 8.561744064883783592e-153
4.780800000000000000e+04 8.561744064883783592e-153
4.787200000000000000e+04 8.561744064883783592e-153
4.793600000000000000e+04 8.561744064883783592e-153
4.800000000000000000e+04 8.561744064883783592e-153
4.806400000000000000e+04 3.759149004722850850e-153
4.812800000000000000e+04 1.907932020353899514e-153
4.819200000000000000e+04 1.630882924201653958e-153
4.825600000000000000e+04 1.630882924201653958e-153
4.832000000000000000e+04 1.217273000304552554e-153
4.838400000000000000e+04 5.188629269734319629e-155
4.844800000000000000e+04 5.188629269734319629e-155
4.851200000000000000e+04 5.188629269734319629e-155
4.857600000000000000e+04 4.647202566993078663e-155
4.864000000000000000e+04 4.647202566993078663e-155
4.870400000000000000e+04 4.647202566993078663e-155
4.876800000000000000e+04 4.647202566993078663e-155
4.883200000000000000e+04 2.770890109353380400e-155
4.889600000000000000e+04 2.770890109353380400e-155
4.896000000000000000e+04 2.016431928185882884e-156
4.902400000000000000e+04 2.016431928185882884e-156
4.908800000000000000e+04 2.016431928185882884e-156
4.915200000000000000e+04 2.016431928185882884e-156
4.921600000000000000e+04 4.476437030979769221e-157
4.928000000000000000e+04 4.476437030979769221e-157
4.934400000000000000e+04 4.476437030979769221e-157
4.940800000000000000e+04 4.476437030979769221e-157
4.947200000000000000e+04 4.476437030979769221e-157
4.953600000000000000e+04 4.476437030979769221e-157
4.960000000000000000e+04 4.476437030979769221e-157
4.966400000000000000e+04 1.909286932952310441e-157
4.972800000000000000e+04 1.909286932952310441e-157
4.979200000000000000e+04 1.909286932952310441e-157
4.985600000000000000e+04 1.909286932952310441e-157
4.992000000000000000e+04 1.476609850566871740e-157
4.998400000000000000e+04 1.471270542022877146e-157
5.004800000000000000e+04 3.174327157608834464e-158
5.011200000000000000e+04 3.174327157608834464e-158
5.017600000000000000e+04 1.770204044236200630e-158
5.024000000000000000e+04 4.746432172284712055e-159
5.030400000000000000e+04 4.746432172284712055e-159
5.036800000000000000e+04 2.485979623615904150e-159
5.043200000000000000e+04 1.092446218131725534e-159
5.049600000000000000e+04 6.421345165649816475e-161
5.056000000000000000e+04 6.421345165649816475e-161
5.062400000000000000e+04 6.421345165649816475e-161
5.068800000000000000e+04 6.421345165649816475e-161
5.075200000000000000e+04 6.421345165649816475e-161
5.081600000000000000e+04 6.421345165649816475e-161
5.088000000000000000e+04 5.267128208280331253e-162
5.094400000000000000e+04 5.267128208280331253e-162
5.100800000000000000e+04 5.267128208280331253e-162
5.107200000000000000e+04 2.159632558991375593e-163
5.113600000000000000e+04 2.159632558991375593e-163
5.120000000000000000e+04 2.159632558991375593e-163
5.126400000000000000e+04 2.159632558991375593e-163
5.132800000000000000e+04 2.159632558991375593e-163
5.139200000000000000e+04 2.159632558991375593e-163
5.145600000000000000e+04 2.159632558991375593e-163
5.152000000000000000e+04 2.159632558991375593e-163
5.158400000000000000e+04 2.159632558991375593e-163
5.164800000000000000e+04 1.859087215944432185e-163
5.171200000000000000e+04 1.859087215944432185e-163
5.177600000000000000e+04 7.257008555110077795e-164
5.184000000000000000e+04 7.257008555110077795e-164
5.190400000000000000e+04 7.257008555110077795e-164
5.196800000000000000e+04 6.466405318088508024e-164
5.203200000000000000e+04 2.320478649033892876e-164
5.209600000000000000e+04 1.161142078423055818e-165
5.216000000000000000e+04 1.161142078423055818e-165
5.222400000000000000e+04 1.161142078423055818e-165
5.228800000000000000e+04 1.161142078423055818e-165
5.235200000000000000e+04 1.161142078423055818e-165
5.241600000000000000e+04 8.279384503972760020e-166
5.248000000000000000e+04 8.279384503972760020e-166
5.254400000000000000e+04 1.773181933316111300e-166
5.260800000000000000e+04 1.443750413523651239e-166
5.267200000000000000e+04 2.954600320284644350e-167
5.273600000000000000e+04 1.123351304154186761e-167
5.280000000000000000e+04 1.123351304154186761e-167
5.286400000000000000e+04 3.158135360222845713e-168
5.292800000000000000e+04 3.158135360222845713e-168
5.299200000000000000e+04 3.158135360222845713e-168
5.305600000000000000e+04 3.845758316775781464e-170
5.312000000000000000e+04 3.845758316775781464e-170
5.318400000000000000e+04 3.845758316775781464e-170
5.324800000000000000e+04 3.845758316775781464e-170
5.331200000000000000e+04 3.845758316775781464e-170
5.337600000000000000e+04 3.845758316775781464e-170
5.344000000000000000e+04 3.845758316775781464e-170
5.350400000000000000e+04 1.465460612256234570e-170
5.356800000000000000e+04 1.465460612256234570e-170
5.363200000000000000e+04 1.465460612256234570e-170
5.369600000000000000e+04 1.465460612256234570e-170
5.376000000000000000e+04 1.465460612256234570e-170
5.382400000000000000e+04 1.465460612256234570e-170
5.388800000000000000e+04 1.465460612256234570e-170
5.395200000000000000e+04 9.098613758383167712e-171
5.401600000000000000e+04 8.457734055569675650e-173
5.408000000000000000e+04 8.457734055569675650e-173
5.414400000000000000e+04 8.457734055569675650e-173
5.420800000000000000e+04 8.457734055569675650e-173
5.427200000000000000e+04 8.457734055569675650e-173
5.433600000000000000e+04 8.457734055569675650e-173
5.440000000000000000e+04 8.457734055569675650e-173
5.446400000000000000e+04 7.123821527501702583e-173
5.452800000000000000e+04 4.333386833502819765e-173
5.459200000000000000e+04 1.877734203160840445e-173
5.465600000000000000e+04 1.877734203160840445e-173
5.472000000000000000e+04 1.877734203160840445e-173
5.478400000000000000e+04 1.025549015825144586e-173
5.484800000000000000e+04 1.025549015825144586e-173
5.491200000000000000e+04 2.428726694925021507e-174
5.497600000000000000e+04 1.126376657544123470e-174
5.504000000000000000e+04 1.126376657544123470e-174
5.510400000000000000e+04 1.126376657544123470e-174
5.516800000000000000e+04 4.535293147023599376e-175
5.523200000000000000e+04 1.781767468554713299e-175
5.529600000000000000e+04 4.092889254711484933e-176
5.536000000000000000e+04 4.092889254711484933e-176
5.542400000000000000e+04 4.092889254711484933e-176
5.548800000000000000e+04 4.092889254711484933e-176
5.555200000000000000e+04 1.492073182430164044e-176
5.561600000000000000e+04 1.492073182430164044e-176
5.568000000000000000e+04 8.419572308731656719e-177
5.574400000000000000e+04 8.419572308731656719e-177
5.580800000000000000e+04 8.419572308731656719e-177
5.587200000000000000e+04 1.198052798501892979e-177
5.593600000000000000e+04 1.000644732091466393e-177
5.600000000000000000e+04 1.000644732091466393e-177
5.606400000000000000e+04 1.000644732091466393e-177
5.612800000000000000e+04 2.192967024842714003e-178
5.619200000000000000e+04 2.192967024842714003e-178
5.625600000000000000e+04 1.576286580400716101e-178
5.632000000000000000e+04 3.784260987967246436e-179
5.638400000000000000e+04 3.784260987967246436e-179
5.644800000000000000e+04 9.610290211961883699e-180
5.651200000000000000e+04 9.610290211961883699e-180
5.657600000000000000e+04 9.610290211961883699e-180
5.664000000000000000e+04 9.610290211961883699e-180
5.670400000000000000e+04 9.610290211961883699e-180
5.676800000000000000e+04 4.476357317982207259e-180
5.683200000000000000e+04 3.328642369074173601e-180
5.689600000000000000e+04 2.139985642444687597e-180
5.696000000000000000e+04 2.139985642444687597e-180
5.702400000000000000e+04 1.517235438945231710e-180
5.708800000000000000e+04 8.175827449591882673e-181
5.715200000000000000e+04 3.405600027062067742e-181
5.721600000000000000e+04 5.802731184104076371e-182
5.728000000000000000e+04 5.802731184104076371e-182
5.734400000000000000e+04 5.802731184104076371e-182
5.740800000000000000e+04 5.802731184104076371e-182
5.747200000000000000e+04 1.213760617633879144e-183
5.753600000000000000e+04 1.213760617633879144e-183
5.760000000000000000e+04 1.213760617633879144e-183
5.766400000000000000e+04 1.213760617633879144e-183
5.772800000000000000e+04 1.213760617633879144e-183
5.779200000000000000e+04 1.213760617633879144e-183
5.785600000000000000e+04 1.213760617633879144e-183
5.792000000000000000e+04 1.213760617633879144e-183
5.798400000000000000e+04 6.472119230908953268e-184
5.804800000000000000e+04 6.472119230908953268e-184
5.811200000000000000e+04 4.366902907498354428e-184
5.817600000000000000e+04 4.366902907498354428e-184
5.824000000000000000e+04 4.366902907498354428e-184
5.830400000000000000e+04 2.798316994017213994e-185
5.836800000000000000e+04 2.798316994017213994e-185
5.843200000000000000e+04 2.798316994017213994e-185
5.849600000000000000e+04 2.412008900266659544e-185
5.856000000000000000e+04 7.297382621476353705e-186
5.862400000000000000e+04 7.297382621476353705e-186
5.868800000000000000e+04 7.297382621476353705e-186
5.875200000000000000e+04 1.914522011590732386e-186
5.881600000000000000e+04 1.914522011590732386e-186
5.888000000000000000e+04 1.914522011590732386e-186
5.894400000000000000e+04 3.924926132546928229e-187
5.900800000000000000e+04 3.924926132546928229e-187
5.907200000000000000e+04 3.924926132546928229e-187
5.913600000000000000e+04 3.924926132546928229e-187
5.920000000000000000e+04 5.896573190104144563e-188
5.926400000000000000e+04 5.896573190104144563e-188
5.932800000000000000e+04 5.896573190104144563e-188
5.939200000000000000e+04 5.896573190104144563e-188
5.945600000000000000e+04 5.896573190104144563e-188
5.952000000000000000e+04 8.780828445010412438e-189
5.958400000000000000e+04 8.905427121386394728e-190
5.964800000000000000e+04 8.905427121386394728e-190
5.971200000000000000e+04 8.905427121386394728e-190
5.977600000000000000e+04 1.431502102372767138e-190
5.984000000000000000e+04 1.431502102372767138e-190
5.990400000000000000e+04 1.431502102372767138e-190
5.996800000000000000e+04 1.431502102372767138e-190
6.003200000000000000e+04 1.431502102372767138e-190
6.009600000000000000e+04 1.431502102372767138e-190
6.016000000000000000e+04 1.335130099403937996e-190
6.022400000000000000e+04 1.335130099403937996e-190
6.028800000000000000e+04 7.722886004772644290e-191
6.035200000000000000e+04 1.123137869069734849e-191
6.041600000000000000e+04 1.123137869069734849e-191
6.048000000000000000e+04 8.736986835826410747e-192
6.054400000000000000e+04 2.410222302301640690e-192
6.060800000000000000e+04 2.410222302301640690e-192
6.067200000000000000e+04 2.410222302301640690e-192
6.073600000000000000e+04 1.290513083003817422e-192
6.080000000000000000e+04 1.539990460162352454e-193
6.086400000000000000e+04 1.539990460162352454e-193
6.092800000000000000e+04 1.539990460162352454e-193
6.099200000000000000e+04 1.395303642277910517e-193
6.105600000000000000e+04 1.395303642277910517e-193
6.112000000000000000e+04 1.395303642277910517e-193
6.118400000000000000e+04 1.395303642277910517e-193
6.124800000000000000e+04 3.523491882466849595e-194
6.131200000000000000e+04 4.566842382601799745e-195
6.137600000000000000e+04 4.566842382601799745e-195
6.144000000000000000e+04 4.566842382601799745e-195
6.150400000000000000e+04 4.566842382601799745e-195
6.156800000000000000e+04 4.566842382601799745e-195
6.163200000000000000e+04 4.287634858473350047e-195
6.169600000000000000e+04 4.287634858473350047e-195
6.176000000000000000e+04 3.954217719857741706e-195
6.182400000000000000e+04 3.954217719857741706e-195
6.188800000000000000e+04 3.954217719857741706e-195
6.195200000000000000e+04 2.061425101753846319e-195
6.201600000000000000e+04 2.061425101753846319e-195
6.208000000000000000e+04 2.061425101753846319e-195
6.214400000000000000e+04 1.943493104698937926e-197
6.220800000000000000e+04 1.943493104698937926e-197
6.227200000000000000e+04 1.943493104698937926e-197
6.233600000000000000e+04 1.943493104698937926e-197
6.240000000000000000e+04 1.943493104698937926e-197
6.246400000000000000e+04 1.943493104698937926e-197
6.252800000000000000e+04 1.943493104698937926e-197
6.259200000000000000e+04 1.943493104698937926e-197
6.265600000000000000e+04 6.058085596535410534e-198
6.272000000000000000e+04 6.058085596535410534e-198
6.278400000000000000e+04 3.816697520081278957e-198
6.284800000000000000e+04 1.207796290166281440e-198
6.291200000000000000e+04 1.207796290166281440e-198
6.297600000000000000e+04 1.207796290166281440e-198
6.304000000000000000e+04 1.207796290166281440e-198
6.310400000000000000e+04 2.596403067865638524e-199
6.316800000000000000e+04 1.258789425902655522e-199
6.323200000000000000e+04 1.258789425902655522e-199
6.329600000000000000e+04 1.258789425902655522e-199
6.336000000000000000e+04 7.080637505470207216e-200
6.342400000000000000e+04 7.080637505470207216e-200
6.348800000000000000e+04 1.185014584761803930e-200
6.355200000000000000e+04 1.185014584761803930e-200
6.361600000000000000e+04 1.185014584761803930e-200
6.368000000000000000e+04 1.185014584761803930e-200
6.374400000000000000e+04 7.093215996794522734e-201
6.380800000000000000e+04 1.570696614433915936e-201
6.387200000000000000e+04 1.570696614433915936e-201
6.393600000000000000e+04 1.570696614433915936e-201
6.400000000000000000e+04 1.570696614433915936e-201
6.406400000000000000e+04 1.570696614433915936e-201
6.412800000000000000e+04 1.570696614433915936e-201
6.419200000000000000e+04 1.570696614433915936e-201
6.425600000000000000e+04 1.570696614433915936e-201
6.432000000000000000e+04 8.670962465303272140e-202
6.438400000000000000e+04 1.616018880215412630e-202
6.444800000000000000e+04 1.238908604476956955e-202
6.451200000000000000e+04 1.238908604476956955e-202
6.457600000000000000e+04 1.238908604476956955e-202
6.464000000000000000e+04 5.581102463420401969e-204
6.470400000000000000e+04 5.581102463420401969e-204
6.476800000000000000e+04 5.581102463420401969e-204
6.483200000000000000e+04 5.581102463420401969e-204
6.489600000000000000e+04 5.581102463420401969e-204
6.496000000000000000e+04 3.942619230840991501e-204
6.502400000000000000e+04 2.242454085504518169e-204
6.508800000000000000e+04 2.242454085504518169e-204
6.515200000000000000e+04 1.315961073436723907e-204
6.521600000000000000e+04 2.347591978526240445e-205
6.528000000000000000e+04 8.707821296221459035e-206
6.534400000000000000e+04 8.707821296221459035e-206
6.540800000000000000e+04 8.707821296221459035e-206
6.547200000000000000e+04 8.707821296221459035e-206
6.553600000000000000e+04 8.564921423010253775e-206
6.560000000000000000e+04 7.217427399793303494e-206
6.566400000000000000e+04 1.940510873858160172e-207
6.572800000000000000e+04 1.940510873858160172e-207
6.579200000000000000e+04 1.940510873858160172e-207
6.585600000000000000e+04 3.907644449005918076e-208
6.592000000000000000e+04 3.907644449005918076e-208
6.598400000000000000e+04 3.907644449005918076e-208
6.604800000000000000e+04 3.907644449005918076e-208
6.611200000000000000e+04 3.907644449005918076e-208
6.617600000000000000e+04 3.907644449005918076e-208
6.624000000000000000e+04 3.907644449005918076e-208
6.630400000000000000e+04 2.188525545749466547e-208
6.636800000000000000e+04 2.188525545749466547e-208
6.643200000000000000e+04 1.187808586385743913e-208
6.649600000000000000e+04 1.187808586385743913e-208
6.656000000000000000e+04 1.187808586385743913e-208
6.662400000000000000e+04 1.187808586385743913e-208
6.668800000000000000e+04 5.015496018560799800e-209
6.675200000000000000e+04 2.540833923107269692e-209
6.681600000000000000e+04 1.785902845888224629e-209
6.688000000000000000e+04 3.513839713441882315e-210
6.694400000000000000e+04 3.513839713441882315e-210
6.700800000000000000e+04 3.513839713441882315e-210
6.707200000000000000e+04 3.513839713441882315e-210
6.713600000000000000e+04 3.513839713441882315e-210
6.720000000000000000e+04 3.513839713441882315e-210
6.726400000000000000e+04 1.859168824325594067e-210
6.732800000000000000e+04 1.447333038656247523e-210
6.739200000000000000e+04 1.146252616953219240e-210
6.745600000000000000e+04 1.215253453007029803e-211
6.752000000000000000e+04 1.056141530840704465e-211
6.758400000000000000e+04 6.990814516466042576e-213
6.764800000000000000e+04 6.990814516466042576e-213
6.771200000000000000e+04 6.990814516466042576e-213
6.777600000000000000e+04 6.990814516466042576e-213
6.784000000000000000e+04 6.990814516466042576e-213
6.790400000000000000e+04 4.040662491585695354e-213
6.796800000000000000e+04 4.040662491585695354e-213
6.803200000000000000e+04 2.329928711374914184e-213
6.809600000000000000e+04 2.329928711374914184e-213
6.816000000000000000e+04 2.329928711374914184e-213
6.822400000000000000e+04 2.329928711374914184e-213
6.828800000000000000e+04 4.335370663388420535e-214
6.835200000000000000e+04 5.616021372338103351e-215
6.841600000000000000e+04 5.616021372338103351e-215
6.848000000000000000e+04 5.616021372338103351e-215
6.854400000000000000e+04 5.616021372338103351e-215
6.860800000000000000e+04 8.836517341217873730e-216
6.867200000000000000e+04 8.836517341217873730e-216
6.873600000000000000e+04 4.941379380482116835e-216
6.880000000000000000e+04 4.941379380482116835e-216
6.886400000000000000e+04 4.941379380482116835e-216
6.892800000000000000e+04 4.941379380482116835e-216
6.899200000000000000e+04 4.941379380482116835e-216
6.905600000000000000e+04 1.236860447385734885e-216
6.912000000000000000e+04 1.236860447385734885e-216
6.918400000000000000e+04 1.236860447385734885e-216
6.924800000000000000e+04 1.236860447385734885e-216
6.931200000000000000e+04 4.460531429462517879e-217
6.937600000000000000e+04 3.157605162891988162e-217
6.944000000000000000e+04 3.157605162891988162e-217
6.950400000000000000e+04 2.349804772422420519e-218
6.956800000000000000e+04 2.349804772422420519e-218
6.963200000000000000e+04 2.349804772422420519e-218
6.969600000000000000e+04 1.521447469269942680e-219
6.976000000000000000e+04 1.521447469269942680e-219
6.982400000000000000e+04 1.521447469269942680e-219
6.988800000000000000e+04 1.521447469269942680e-219
6.995200000000000000e+04 1.935816192329970774e-220
7.001600000000000000e+04 1.935816192329970774e-220
7.008000000000000000e+04 1.935816192329970774e-220
7.014400000000000000e+04 1.935816192329970774e-220
7.020800000000000000e+04 1.935816192329970774e-220
7.027200000000000000e+04 1.935816192329970774e-220
7.033600000000000000e+04 1.935816192329970774e-220
7.040000000000000000e+04 1.935816192329970774e-220
7.046400000000000000e+04 4.468305022175165777e-221
7.052800000000000000e+04 2.618242965390321163e-221
7.059200000000000000e+04 1.347936367723630079e-221
7.065600000000000000e+04 6.797056120228837081e-222
7.072000000000000000e+04 6.797056120228837081e-222
7.078400000000000000e+04 6.797056120228837081e-222
7.084800000000000000e+04 1.221037479223856508e-222
7.091200000000000000e+04 1.221037479223856508e-222
7.097600000000000000e+04 1.221037479223856508e-222
7.104000000000000000e+04 1.221037479223856508e-222
7.110400000000000000e+04 1.221037479223856508e-222
7.116800000000000000e+04 1.221037479223856508e-222
7.123200000000000000e+04 1.221037479223856508e-222
7.129600000000000000e+04 2.111902254356249602e-223
7.136000000000000000e+04 1.212403344405299592e-224
7.142400000000000000e+04 1.212403344405299592e-224
7.148800000000000000e+04 1.212403344405299592e-224
7.155200000000000000e+04 1.212403344405299592e-224
7.161600000000000000e+04 1.212403344405299592e-224
7.168000000000000000e+04 3.682172564521309772e-225
7.174400000000000000e+04 3.682172564521309772e-225
7.180800000000000000e+04 3.682172564521309772e-225
7.187200000000000000e+04 3.193569894477218174e-225
7.193600000000000000e+04 3.122230061481094367e-225
7.200000000000000000e+04 6.612376769460530171e-226
7.206400000000000000e+04 6.612376769460530171e-226
7.212800000000000000e+04 6.612376769460530171e-226
7.219200000000000000e+04 6.612376769460530171e-226
7.225600000000000000e+04 2.101801118412182120e-226
7.232000000000000000e+04 7.620295423743411823e-227
7.238400000000000000e+04 7.620295423743411823e-227
7.244800000000000000e+04 6.544198790595751214e-227
7.251200000000000000e+04 5.819526626070343945e-227
7.257600000000000000e+04 2.872932980630493391e-227
7.264000000000000000e+04 2.423467459727282878e-228
7.270400000000000000e+04 2.423467459727282878e-228
7.276800000000000000e+04 2.423467459727282878e-228
7.283200000000000000e+04 7.934670436700854877e-229
7.289600000000000000e+04 1.622139536866013740e-229
7.296000000000000000e+04 1.622139536866013740e-229
7.302400000000000000e+04 1.622139536866013740e-229
7.308800000000000000e+04 1.622139536866013740e-229
7.315200000000000000e+04 1.710236509931798039e-230
7.321600000000000000e+04 1.710236509931798039e-230
7.328000000000000000e+04 1.710236509931798039e-230
7.334400000000000000e+04 1.710236509931798039e-230
7.340800000000000000e+04 1.710236509931798039e-230
7.347200000000000000e+04 1.710236509931798039e-230
7.353600000000000000e+04 1.710236509931798039e-230
7.360000000000000000e+04 9.654453815726678162e-231
7.366400000000000000e+04 9.654453815726678162e-231
7.372800000000000000e+04 1.573439056292020911e-231
7.379200000000000000e+04 1.573439056292020911e-231
7.385600000000000000e+04 1.573439056292020911e-231
7.392000000000000000e+04 1.043532245013948361e-231
7.398400000000000000e+04 9.074301044892036922e-232
7.404800000000000000e+04 9.074301044892036922e-232
7.411200000000000000e+04 6.333969010058956530e-232
7.417600000000000000e+04 6.333969010058956530e-232
7.424000000000000000e+04 1.866350412696216762e-233
7.430400000000000000e+04 6.872180413649391291e-234
7.436800000000000000e+04 6.872180413649391291e-234
7.443200000000000000e+04 6.872180413649391291e-234
7.449600000000000000e+04 6.872180413649391291e-234
7.456000000000000000e+04 6.872180413649391291e-234
7.462400000000000000e+04 2.148594316945922897e-234
7.468800000000000000e+04 2.148594316945922897e-234
7.475200000000000000e+04 2.148594316945922897e-234
7.481600000000000000e+04 1.732264267607312892e-234
7.488000000000000000e+04 1.421865624800054996e-234
7.494400000000000000e+04 1.421865624800054996e-234
7.500800000000000000e+04 1.421865624800054996e-234
7.507200000000000000e+04 4.776164591242054640e-235
7.513600000000000000e+04 2.079087538723969753e-235
7.520000000000000000e+04 2.079087538723969753e-235
7.526400000000000000e+04 1.431088720005666014e-235
7.532800000000000000e+04 1.518731766853193080e-236
7.539200000000000000e+04 1.518731766853193080e-236
7.545600000000000000e+04 9.884253753243426169e-237
7.552000000000000000e+04 9.884253753243426169e-237
7.558400000000000000e+04 9.085003523191763979e-237
7.564800000000000000e+04 3.373738906086988837e-237
7.571200000000000000e+04 1.313637729832711293e-238
7.577600000000000000e+04 1.313637729832711293e-238
7.584000000000000000e+04 1.313637729832711293e-238
7.590400000000000000e+04 1.196732984096525405e-238
7.596800000000000000e+04 1.196732984096525405e-238
7.603200000000000000e+04 1.196732984096525405e-238
7.609600000000000000e+04 1.196732984096525405e-238
7.616000000000000000e+04 8.631769352199680107e-239
7.622400000000000000e+04 5.961148892443276308e-239
7.628800000000000000e+04 5.961148892443276308e-239
7.635200000000000000e+04 3.016985015330228370e-239
7.641600000000000000e+04 8.182145285214074755e-241
7.648000000000000000e+04 8.182145285214074755e-241
7.654400000000000000e+04 8.182145285214074755e-241
7.660800000000000000e+04 8.182145285214074755e-241
7.667200000000000000e+04 3.999323188464225373e-242
7.673600000000000000e+04 3.999323188464225373e-242
7.680000000000000000e+04 3.999323188464225373e-242
7.686400000000000000e+04 3.999323188464225373e-242
7.692800000000000000e+04 3.999323188464225373e-242
7.699200000000000000e+04 3.999323188464225373e-242
7.705600000000000000e+04 3.999323188464225373e-242
7.712000000000000000e+04 3.999323188464225373e-242
7.718400000000000000e+04 2.610189237340868351e-242
7.724800000000000000e+04 2.610189237340868351e-242
7.731200000000000000e+04 2.829600428697131242e-243
7.737600000000000000e+04 2.829600428697131242e-243
7.744000000000000000e+04 2.131142002004109673e-244
7.750400000000000000e+04 6.546195311805964991e-245
7.756800000000000000e+04 6.546195311805964991e-245
7.763200000000000000e+04 6.546195311805964991e-245
7.769600000000000000e+04 6.546195311805964991e-245
7.776000000000000000e+04 6.546195311805964991e-245
7.782400000000000000e+04 6.546195311805964991e-245
7.788800000000000000e+04 6.546195311805964991e-245
7.795200000000000000e+04 3.517040904134389685e-245
7.801600000000000000e+04 2.920484354297690306e-245
7.808000000000000000e+04 2.920484354297690306e-245
7.814400000000000000e+04 2.920484354297690306e-245
7.820800000000000000e+04 4.622705595949555741e-246
7.827200000000000000e+04 4.622705595949555741e-246
7.833600000000000000e+04 4.622705595949555741e-246
7.840000000000000000e+04 4.622705595949555741e-246
7.846400000000000000e+04 9.685827325373430369e-247
7.852800000000000000e+04 2.707990400788733412e-247
7.859200000000000000e+04 2.707990400788733412e-247
7.865600000000000000e+04 2.707990400788733412e-247
7.872000000000000000e+04 2.707990400788733412e-247
7.878400000000000000e+04 1.398361683346128612e-247
7.884800000000000000e+04 1.398361683346128612e-247
7.891200000000000000e+04 5.084951727749217224e-248
7.897600000000000000e+04 1.393509692251933251e-248
7.904000000000000000e+04 1.393509692251933251e-248
7.910400000000000000e+04 1.393509692251933251e-248
7.916800000000000000e+04 1.393509692251933251e-248
7.923200000000000000e+04 2.112446007189323964e-250
7.929600000000000000e+04 2.112446007189323964e-250
7.936000000000000000e+04 2.112446007189323964e-250
7.942400000000000000e+04 2.112446007189323964e-250
7.948800000000000000e+04 2.112446007189323964e-250
7.955200000000000000e+04 2.112446007189323964e-250
7.961600000000000000e+04 2.112446007189323964e-250
7.968000000000000000e+04 2.112446007189323964e-250
7.974400000000000000e+04 2.112446007189323964e-250
7.980800000000000000e+04 8.541466259950241480e-251
7.987200000000000000e+04 7.399358558699508705e-251
7.993600000000000000e+04 7.081546847270172916e-251
8.000000000000000000e+04 7.081546847270172916e-251
8.006400000000000000e+04 4.417061125666315395e-253
8.012800000000000000e+04 4.417061125666315395e-253
8.019200000000000000e+04 4.417061125666315395e-253
8.025600000000000000e+04 4.417061125666315395e-253
8.032000000000000000e+04 4.417061125666315395e-253
8.038400000000000000e+04 4.417061125666315395e-253
8.044800000000000000e+04 4.413168936855006491e-253
8.051200000000000000e+04 4.413168936855006491e-253
8.057600000000000000e+04 4.413168936855006491e-253
8.064000000000000000e+04 2.835372566597847446e-253
8.070400000000000000e+04 2.805001857746366282e-253
8.076800000000000000e+04 1.610826335280156153e-253
8.083200000000000000e+04 1.937385921151696461e-254
8.089600000000000000e+04 6.563556210447787183e-255
8.096000000000000000e+04 6.563556210447787183e-255
8.102400000000000000e+04 6.563556210447787183e-255
8.108800000000000000e+04 6.563556210447787183e-255
8.115200000000000000e+04 6.563556210447787183e-255
8.121600000000000000e+04 5.452706097695377778e-255
8.128000000000000000e+04 4.628309924844617015e-255
8.134400000000000000e+04 1.998807230626924810e-259
8.140800000000000000e+04 1.998807230626924810e-259
8.147200000000000000e+04 1.998807230626924810e-259
8.153600000000000000e+04 1.998807230626924810e-259
8.160000000000000000e+04 1.998807230626924810e-259
8.166400000000000000e+04 1.998807230626924810e-259
8.172800000000000000e+04 1.998807230626924810e-259
8.179200000000000000e+04 1.998807230626924810e-259
8.185600000000000000e+04 1.998807230626924810e-259
8.192000000000000000e+04 1.998807230626924810e-259
8.198400000000000000e+04 1.998807230626924810e-259
8.204800000000000000e+04 1.998807230626924810e-259
8.211200000000000000e+04 1.998807230626924810e-259
8.217600000000000000e+04 9.169485968129410199e-260
8.224000000000000000e+04 9.169485968129410199e-260
8.230400000000000000e+04 6.536021209013081465e-260
8.236800000000000000e+04 6.536021209013081465e-260
8.243200000000000000e+04 6.536021209013081465e-260
8.249600000000000000e+04 6.536021209013081465e-260
8.256000000000000000e+04 6.536021209013081465e-260
8.262400000000000000e+04 2.456899054353890658e-260
8.268800000000000000e+04 2.456899054353890658e-260
8.275200000000000000e+04 1.965916307995184928e-260
8.281600000000000000e+04 3.720960783393259574e-261
8.288000000000000000e+04 3.040012671011307463e-261
8.294400000000000000e+04 3.040012671011307463e-261
8.300800000000000000e+04 2.224219900637274096e-261
8.307200000000000000e+04 8.616174341470630176e-262
8.313600000000000000e+04 5.141556994960156212e-262
8.320000000000000000e+04 5.141556994960156212e-262
8.326400000000000000e+04 5.141556994960156212e-262
8.332800000000000000e+04 1.557863700089122012e-262
8.339200000000000000e+04 3.352162383975048348e-263
8.345600000000000000e+04 3.352162383975048348e-263
8.352000000000000000e+04 3.352162383975048348e-263
8.358400000000000000e+04 3.352162383975048348e-263
8.364800000000000000e+04 3.352162383975048348e-263
8.371200000000000000e+04 1.834344833092803401e-263
8.377600000000000000e+04 5.913377894404283455e-264
8.384000000000000000e+04 2.532658121961835542e-265
8.390400000000000000e+04 2.532658121961835542e-265
8.396800000000000000e+04 2.532658121961835542e-265
8.403200000000000000e+04 2.532658121961835542e-265
8.409600000000000000e+04 2.532658121961835542e-265
8.416000000000000000e+04 3.737724589086599993e-266
8.422400000000000000e+04 3.737724589086599993e-266
8.428800000000000000e+04 2.351366548389534041e-268
8.435200000000000000e+04 2.351366548389534041e-268
8.441600000000000000e+04 2.351366548389534041e-268
8.448000000000000000e+04 2.351366548389534041e-268
8.454400000000000000e+04 2.351366548389534041e-268
8.460800000000000000e+04 2.351366548389534041e-268
8.467200000000000000e+04 2.351366548389534041e-268
8.473600000000000000e+04 2.351366548389534041e-268
8.480000000000000000e+04 2.351366548389534041e-268
8.486400000000000000e+04 2.351366548389534041e-268
8.492800000000000000e+04 2.351366548389534041e-268
8.499200000000000000e+04 2.351366548389534041e-268
8.505600000000000000e+04 2.351366548389534041e-268
8.512000000000000000e+04 1.048338608751747272e-268
8.518400000000000000e+04 8.382551460957466053e-270
8.524800000000000000e+04 8.382551460957466053e-270
8.531200000000000000e+04 8.382551460957466053e-270
8.537600000000000000e+04 8.382551460957466053e-270
8.544000000000000000e+04 8.382551460957466053e-270
8.550400000000000000e+04 8.382551460957466053e-270
8.556800000000000000e+04 3.968410702506310594e-270
8.563200000000000000e+04 3.968410702506310594e-270
8.569600000000000000e+04 3.968410702506310594e-270
8.576000000000000000e+04 8.983145853920653435e-271
8.582400000000000000e+04 8.983145853920653435e-271
8.588800000000000000e+04 8.983145853920653435e-271
8.595200000000000000e+04 6.136144933003699834e-271
8.601600000000000000e+04 3.948292169955634235e-271
8.608000000000000000e+04 3.566070695874099464e-272
8.614400000000000000e+04 3.566070695874099464e-272
8.620800000000000000e+04 3.566070695874099464e-272
8.627200000000000000e+04 2.343346392965766365e-272
8.633600000000000000e+04 3.276982890699043464e-274
8.640000000000000000e+04 3.276982890699043464e-274
8.646400000000000000e+04 3.276982890699043464e-274
8.652800000000000000e+04 3.276982890699043464e-274
8.659200000000000000e+04 3.276982890699043464e-274
8.665600000000000000e+04 3.276982890699043464e-274
8.672000000000000000e+04 3.276982890699043464e-274
8.678400000000000000e+04 3.276982890699043464e-274
8.684800000000000000e+04 3.276982890699043464e-274
8.691200000000000000e+04 3.276982890699043464e-274
8.697600000000000000e+04 3.276982890699043464e-274
8.704000000000000000e+04 3.276982890699043464e-274
8.710400000000000000e+04 1.350154266892739433e-274
8.716800000000000000e+04 9.008378464498739796e-276
8.723200000000000000e+04 9.008378464498739796e-276
8.729600000000000000e+04 9.008378464498739796e-276
8.736000000000000000e+04 9.008378464498739796e-276
8.742400000000000000e+04 9.008378464498739796e-276
8.748800000000000000e+04 9.008378464498739796e-276
8.755200000000000000e+04 9.008378464498739796e-276
8.761600000000000000e+04 5.960197465575154056e-277
8.768000000000000000e+04 5.960197465575154056e-277
8.774400000000000000e+04 5.960197465575154056e-277
8.780800000000000000e+04 5.960197465575154056e-277
8.787200000000000000e+04 5.960197465575154056e-277
8.793600000000000000e+04 5.960197465575154056e-277
8.800000000000000000e+04 5.960197465575154056e-277
8.806400000000000000e+04 4.077367790645453720e-277
8.812800000000000000e+04 4.077367790645453720e-277
8.819200000000000000e+04 5.354317199448259072e-278
8.825600000000000000e+04 5.354317199448259072e-278
8.832000000000000000e+04 5.354317199448259072e-278
8.838400000000000000e+04 4.645476723316589284e-278
8.844800000000000000e+04 4.645476723316589284e-278
8.851200000000000000e+04 3.192846558894152332e-278
8.857600000000000000e+04 7.694573646165882272e-280
8.864000000000000000e+04 7.694573646165882272e-280
8.870400000000000000e+04 7.694573646165882272e-280
8.876800000000000000e+04 7.694573646165882272e-280
8.883200000000000000e+04 7.694573646165882272e-280
8.889600000000000000e+04 7.694573646165882272e-280
8.896000000000000000e+04 6.057964477822418792e-280
8.902400000000000000e+04 2.973714785947344489e-280
8.908800000000000000e+04 2.973714785947344489e-280
8.915200000000000000e+04 1.610236989852272553e-280
8.921600000000000000e+04 1.610236989852272553e-280
8.928000000000000000e+04 1.610236989852272553e-280
8.934400000000000000e+04 4.184128260697623942e-281
8.940800000000000000e+04 6.057183562034901923e-283
8.947200000000000000e+04 6.057183562034901923e-283
8.953600000000000000e+04 6.057183562034901923e-283
8.960000000000000000e+04 6.057183562034901923e-283
8.966400000000000000e+04 6.057183562034901923e-283
8.972800000000000000e+04 6.057183562034901923e-283
8.979200000000000000e+04 6.057183562034901923e-283
8.985600000000000000e+04 6.057183562034901923e-283
8.992000000000000000e+04 5.178707167281099175e-283
8.998400000000000000e+04 5.178707167281099175e-283
9.004800000000000000e+04 3.817197022870872907e-283
9.011200000000000000e+04 1.043206773803333062e-283
9.017600000000000000e+04 1.043206773803333062e-283
9.024000000000000000e+04 3.268635932402969435e-285
9.030400000000000000e+04 3.268635932402969435e-285
9.036800000000000000e+04 3.268635932402969435e-285
9.043200000000000000e+04 3.268635932402969435e-285
9.049600000000000000e+04 3.268635932402969435e-285
9.056000000000000000e+04 3.268635932402969435e-285
9.062400000000000000e+04 3.268635932402969435e-285
9.068800000000000000e+04 3.268635932402969435e-285
9.075200000000000000e+04 3.268635932402969435e-285
9.081600000000000000e+04 1.274756390766268285e-286
9.088000000000000000e+04 1.274756390766268285e-286
9.094400000000000000e+04 1.274756390766268285e-286
9.100800000000000000e+04 5.319759653843538955e-287
9.107200000000000000e+04 5.319759653843538955e-287
9.113600000000000000e+04 5.319759653843538955e-287
9.120000000000000000e+04 5.319759653843538955e-287
9.126400000000000000e+04 5.319759653843538955e-287
9.132800000000000000e+04 5.319759653843538955e-287
9.139200000000000000e+04 3.506707828116471842e-287
9.145600000000000000e+04 1.493844427142343035e-287
9.152000000000000000e+04 1.062976043639999930e-288
9.158400000000000000e+04 1.062976043639999930e-288
9.164800000000000000e+04 1.062976043639999930e-288
9.171200000000000000e+04 1.062976043639999930e-288
9.177600000000000000e+04 1.062976043639999930e-288
9.184000000000000000e+04 8.801094259514633909e-289
9.190400000000000000e+04 3.106941240485393065e-289
9.196800000000000000e+04 3.106941240485393065e-289
9.203200000000000000e+04 3.106941240485393065e-289
9.209600000000000000e+04 1.628606275596672284e-289
9.216000000000000000e+04 1.926870775887158417e-290
9.222400000000000000e+04 1.926870775887158417e-290
9.228800000000000000e+04 1.926870775887158417e-290
9.235200000000000000e+04 1.036095995816672024e-290
9.241600000000000000e+04 1.003291800137440499e-290
9.248000000000000000e+04 1.132517842983750890e-292
9.254400000000000000e+04 1.132517842983750890e-292
9.260800000000000000e+04 1.132517842983750890e-292
9.267200000000000000e+04 1.132517842983750890e-292
9.273600000000000000e+04 8.575004621956074682e-293
9.280000000000000000e+04 8.575004621956074682e-293
9.286400000000000000e+04 8.575004621956074682e-293
9.292800000000000000e+04 7.140646792591800976e-293
9.299200000000000000e+04 7.140646792591800976e-293
9.305600000000000000e+04 7.140646792591800976e-293
9.312000000000000000e+04 7.089379332980965496e-293
9.318400000000000000e+04 2.150993049722284791e-293
9.324800000000000000e+04 2.094061894656281819e-293
9.331200000000000000e+04 1.566475474880204320e-293
9.337600000000000000e+04 4.555917171992311313e-294
9.344000000000000000e+04 1.829693924772563309e-294
9.350400000000000000e+04 1.829693924772563309e-294
9.356800000000000000e+04 1.829693924772563309e-294
9.363200000000000000e+04 1.829693924772563309e-294
9.369600000000000000e+04 1.788829236625736201e-295
9.376000000000000000e+04 1.788829236625736201e-295
9.382400000000000000e+04 1.788829236625736201e-295
9.388800000000000000e+04 1.788829236625736201e-295
9.395200000000000000e+04 1.788829236625736201e-295
9.401600000000000000e+04 1.261275810321090056e-295
9.408000000000000000e+04 1.261275810321090056e-295
9.414400000000000000e+04 3.833711225990069750e-297
9.420800000000000000e+04 3.833711225990069750e-297
9.427200000000000000e+04 3.833711225990069750e-297
9.433600000000000000e+04 3.833711225990069750e-297
9.440000000000000000e+04 3.833711225990069750e-297
9.446400000000000000e+04 4.545264423982680403e-298
9.452800000000000000e+04 3.941741216071864500e-298
9.459200000000000000e+04 2.571724090986654112e-298
9.465600000000000000e+04 1.340385416106780368e-299
9.472000000000000000e+04 1.340385416106780368e-299
9.478400000000000000e+04 1.340385416106780368e-299
9.484800000000000000e+04 1.340385416106780368e-299
9.491200000000000000e+04 1.340385416106780368e-299
9.497600000000000000e+04 1.340385416106780368e-299
9.504000000000000000e+04 1.340385416106780368e-299
9.510400000000000000e+04 7.043671124903292846e-300
9.516800000000000000e+04 7.043671124903292846e-300
9.523200000000000000e+04 4.406745597090165619e-300
9.529600000000000000e+04 2.697514475561755873e-300
9.536000000000000000e+04 3.602294685002621631e-301
9.542400000000000000e+04 3.602294685002621631e-301
9.548800000000000000e+04 3.602294685002621631e-301
9.555200000000000000e+04 3.602294685002621631e-301
9.561600000000000000e+04 1.073782458903736421e-301
9.568000000000000000e+04 1.073782458903736421e-301
9.574400000000000000e+04 1.073782458903736421e-301
9.580800000000000000e+04 4.976686981141046484e-302
9.587200000000000000e+04 2.373573119157046539e-302
9.593600000000000000e+04 2.373573119157046539e-302
9.600000000000000000e+04 2.373573119157046539e-302
9.606400000000000000e+04 1.107650479989683072e-302
9.612800000000000000e+04 4.257082071935289758e-303
9.619200000000000000e+04 4.257082071935289758e-303
9.625600000000000000e+04 4.257082071935289758e-303
9.632000000000000000e+04 3.440777741317042213e-304
9.638400000000000000e+04 3.440777741317042213e-304
9.644800000000000000e+04 3.440777741317042213e-304
9.651200000000000000e+04 3.440777741317042213e-304
9.657600000000000000e+04 3.440777741317042213e-304
9.664000000000000000e+04 3.440777741317042213e-304
9.670400000000000000e+04 2.437820506385081149e-304
9.676800000000000000e+04 8.415644513306045711e-305
9.683200000000000000e+04 5.921647287823634089e-305
9.689600000000000000e+04 5.921647287823634089e-305
9.696000000000000000e+04 5.921647287823634089e-305
9.702400000000000000e+04 2.740519773537255569e-305
9.708800000000000000e+04 7.903251437325978312e-306
9.715200000000000000e+04 7.903251437325978312e-306
9.721600000000000000e+04 7.903251437325978312e-306
9.728000000000000000e+04 7.903251437325978312e-306
9.734400000000000000e+04 4.214388285144429900e-306
9.740800000000000000e+04 2.139966316959627262e-306
9.747200000000000000e+04 1.207383278244058173e-306
9.753600000000000000e+04 1.207383278244058173e-306
9.760000000000000000e+04 1.207383278244058173e-306
9.766400000000000000e+04 1.139265886343104491e-306
9.772800000000000000e+04 6.392402693711909499e-307
9.779200000000000000e+04 3.808857583318950214e-307
9.785600000000000000e+04 3.138101272244958249e-307
9.792000000000000000e+04 2.813647761333256733e-307
9.798400000000000000e+04 2.761726747538769568e-307
9.804800000000000000e+04 1.474282361618264080e-309
9.811200000000000000e+04 1.474282361618264080e-309
9.817600000000000000e+04 1.474282361618264080e-309
9.824000000000000000e+04 1.474282361618264080e-309
9.830400000000000000e+04 1.474282361618264080e-309
9.836800000000000000e+04 1.474282361618264080e-309
9.843200000000000000e+04 1.474282361618264080e-309
9.849600000000000000e+04 1.474282361618264080e-309
9.856000000000000000e+04 5.148795270796568364e-310
9.862400000000000000e+04 5.148795270796568364e-310
9.868800000000000000e+04 5.148795270796568364e-310
9.875200000000000000e+04 5.148795270796568364e-310
9.881600000000000000e+04 2.478156636072554745e-310
9.888000000000000000e+04 1.503894302292955761e-310
9.894400000000000000e+04 1.503894302292955761e-310
9.900800000000000000e+04 6.514364785972844529e-311
9.907200000000000000e+04 6.064734403278320822e-311
9.913600000000000000e+04 7.029911260551203566e-312
9.920000000000000000e+04 7.029911260551203566e-312
9.926400000000000000e+04 5.168342715852641246e-312
9.932800000000000000e+04 5.168342715852641246e-312
9.939200000000000000e+04 3.167139788714230929e-312
9.945600000000000000e+04 2.842189640871067497e-312
9.952000000000000000e+04 2.842189640871067497e-312
9.958400000000000000e+04 2.842189640871067497e-312
9.964800000000000000e+04 1.306252774264200766e-313
9.971200000000000000e+04 1.306252774264200766e-313
9.977600000000000000e+04 1.306252774264200766e-313
9.984000000000000000e+04 1.306252774264200766e-313
9.990400000000000000e+04 1.306252774264200766e-313
9.996800000000000000e+04 1.306252774264200766e-313
1.000320000000000000e+05 3.795321555208465916e-314
