1.280000000000000000e+02 3.320237278181805607e+01
2.560000000000000000e+02 3.320237278181805607e+01
3.840000000000000000e+02 3.320237278181805607e+01
5.120000000000000000e+02 3.320237278181805607e+01
6.400000000000000000e+02 3.154795383245242846e+01
7.680000000000000000e+02 3.154795383245242846e+01
8.960000000000000000e+02 3.154795383245242846e+01
1.024000000000000000e+03 3.154795383245242846e+01
1.152000000000000000e+03 3.154795383245242846e+01
1.280000000000000000e+03 1.685467722464310114e+01
1.408000000000000000e+03 1.685467722464310114e+01
1.536000000000000000e+03 1.685467722464310114e+01
1.664000000000000000e+03 1.685467722464310114e+01
1.792000000000000000e+03 1.424023278460295394e+01
1.920000000000000000e+03 1.424023278460295394e+01
2.048000000000000000e+03 1.424023278460295394e+01
2.176000000000000000e+03 1.424023278460295394e+01
2.304000000000000000e+03 1.424023278460295394e+01
2.432000000000000000e+03 1.424023278460295394e+01
2.560000000000000000e+03 1.424023278460295394e+01
2.688000000000000000e+03 1.206973093686676712e+01
2.816000000000000000e+03 9.385084950974901474e+00
2.944000000000000000e+03 9.385084950974901474e+00
3.072000000000000000e+03 5.134825605715269248e+00
3.200000000000000000e+03 5.134825605715269248e+00
3.328000000000000000e+03 5.134825605715269248e+00
3.456000000000000000e+03 5.134825605715269248e+00
3.584000000000000000e+03 5.134825605715269248e+00
3.712000000000000000e+03 5.134825605715269248e+00
3.840000000000000000e+03 5.134825605715269248e+00
3.968000000000000000e+03 5.134825605715269248e+00
4.096000000000000000e+03 5.134825605715269248e+00
4.224000000000000000e+03 5.134825605715269248e+00
4.352000000000000000e+03 5.134825605715269248e+00
4.480000000000000000e+03 5.134825605715269248e+00
4.608000000000000000e+03 5.134825605715269248e+00
4.736000000000000000e+03 3.854814058639515206e+00
4.864000000000000000e+03 3.854814058639515206e+00
4.992000000000000000e+03 3.854814058639515206e+00
5.120000000000000000e+03 3.854814058639515206e+00
5.248000000000000000e+03 3.854814058639515206e+00
5.376000000000000000e+03 3.854814058639515206e+00
5.504000000000000000e+03 3.854814058639515206e+00
5.632000000000000000e+03 3.854814058639515206e+00
5.760000000000000000e+03 3.854814058639515206e+00
5.888000000000000000e+03 3.854814058639515206e+00
6.016000000000000000e+03 3.854814058639515206e+00
6.144000000000000000e+03 3.854814058639515206e+00
6.272000000000000000e+03 3.018073271205300667e+00
6.400000000000000000e+03 3.018073271205300667e+00
6.528000000000000000e+03 3.018073271205300667e+00
6.656000000000000000e+03 3.018073271205300667e+00
6.784000000000000000e+03 2.613454489663886271e+00
6.912000000000000000e+03 2.613454489663886271e+00
7.040000000000000000e+03 2.613454489663886271e+00
7.168000000000000000e+03 2.613454489663886271e+00
7.296000000000000000e+03 2.613454489663886271e+00
7.424000000000000000e+03 2.613454489663886271e+00
7.552000000000000000e+03 2.613454489663886271e+00
7.680000000000000000e+03 2.613454489663886271e+00
7.808000000000000000e+03 2.613454489663886271e+00
7.936000000000000000e+03 2.613454489663886271e+00
8.064000000000000000e+03 2.613454489663886271e+00
8.192000000000000000e+03 1.804727334194969446e+00
8.320000000000000000e+03 1.804727334194969446e+00
8.448000000000000000e+03 1.804727334194969446e+00
8.576000000000000000e+03 1.804727334194969446e+00
8.704000000000000000e+03 1.804727334194969446e+00
8.832000000000000000e+03 1.804727334194969446e+00
8.960000000000000000e+03 1.804727334194969446e+00
9.088000000000000000e+03 1.804727334194969446e+00
9.216000000000000000e+03 1.740624813346517863e+00
9.344000000000000000e+03 1.740624813346517863e+00
9.472000000000000000e+03 9.959924427107786915e-01
9.600000000000000000e+03 9.959924427107786915e-01
9.728000000000000000e+03 6.013184391780179716e-01
9.856000000000000000e+03 6.013184391780179716e-01
9.984000000000000000e+03 6.013184391780179716e-01
1.011200000000000000e+04 6.013184391780179716e-01
1.024000000000000000e+04 6.013184391780179716e-01
1.036800000000000000e+04 6.013184391780179716e-01
1.049600000000000000e+04 6.013184391780179716e-01
1.062400000000000000e+04 6.013184391780179716e-01
1.075200000000000000e+04 6.013184391780179716e-01
1.088000000000000000e+04 6.013184391780179716e-01
1.100800000000000000e+04 6.013184391780179716e-01
1.113600000000000000e+04 6.013184391780179716e-01
1.126400000000000000e+04 6.013184391780179716e-01
1.139200000000000000e+04 6.013184391780179716e-01
1.152000000000000000e+04 6.013184391780179716e-01
1.164800000000000000e+04 5.856777126761949503e-01
1.177600000000000000e+04 5.856777126761949503e-01
1.190400000000000000e+04 5.856777126761949503e-01
1.203200000000000000e+04 5.856777126761949503e-01
1.216000000000000000e+04 5.856777126761949503e-01
1.228800000000000000e+04 5.803111063709786022e-01
1.241600000000000000e+04 5.803111063709786022e-01
1.254400000000000000e+04 3.742376124353036237e-01
1.267200000000000000e+04 3.742376124353036237e-01
1.280000000000000000e+04 1.750640427859549986e-01
1.292800000000000000e+04 1.750640427859549986e-01
1.305600000000000000e+04 1.750640427859549986e-01
1.318400000000000000e+04 1.750640427859549986e-01
1.331200000000000000e+04 1.750640427859549986e-01
1.344000000000000000e+04 1.750640427859549986e-01
1.356800000000000000e+04 1.750640427859549986e-01
1.369600000000000000e+04 1.750640427859549986e-01
1.382400000000000000e+04 1.750640427859549986e-01
1.395200000000000000e+04 1.750640427859549986e-01
1.408000000000000000e+04 1.026636282351437307e-01
1.420800000000000000e+04 1.026636282351437307e-01
1.433600000000000000e+04 1.026636282351437307e-01
1.446400000000000000e+04 1.026636282351437307e-01
1.459200000000000000e+04 1.026636282351437307e-01
1.472000000000000000e+04 1.026636282351437307e-01
1.484800000000000000e+04 1.026636282351437307e-01
1.497600000000000000e+04 1.026636282351437307e-01
1.510400000000000000e+04 1.026636282351437307e-01
1.523200000000000000e+04 1.026636282351437307e-01
1.536000000000000000e+04 1.026636282351437307e-01
1.548800000000000000e+04 1.026636282351437307e-01
1.561600000000000000e+04 9.413743388298827230e-02
1.574400000000000000e+04 9.413743388298827230e-02
1.587200000000000000e+04 9.413743388298827230e-02
1.600000000000000000e+04 9.413743388298827230e-02
1.612800000000000000e+04 9.413743388298827230e-02
1.625600000000000000e+04 9.413743388298827230e-02
1.638400000000000000e+04 9.413743388298827230e-02
1.651200000000000000e+04 9.413743388298827230e-02
1.664000000000000000e+04 7.221146500882992536e-02
1.676800000000000000e+04 7.221146500882992536e-02
1.689600000000000000e+04 7.221146500882992536e-02
1.702400000000000000e+04 7.221146500882992536e-02
1.715200000000000000e+04 7.221146500882992536e-02
1.728000000000000000e+04 6.667110683255660086e-02
1.740800000000000000e+04 6.667110683255660086e-02
1.753600000000000000e+04 6.667110683255660086e-02
1.766400000000000000e+04 4.867145313118581562e-02
1.779200000000000000e+04 4.867145313118581562e-02
1.792000000000000000e+04 4.867145313118581562e-02
1.804800000000000000e+04 4.867145313118581562e-02
1.817600000000000000e+04 4.867145313118581562e-02
1.830400000000000000e+04 4.659840722017054987e-02
1.843200000000000000e+04 4.659840722017054987e-02
1.856000000000000000e+04 4.659840722017054987e-02
1.868800000000000000e+04 4.659840722017054987e-02
1.881600000000000000e+04 3.220033454927697519e-02
1.894400000000000000e+04 3.220033454927697519e-02
1.907200000000000000e+04 3.220033454927697519e-02
1.920000000000000000e+04 2.646029409581759917e-02
1.932800000000000000e+04 2.646029409581759917e-02
1.945600000000000000e+04 2.646029409581759917e-02
1.958400000000000000e+04 2.646029409581759917e-02
1.971200000000000000e+04 1.750791426048523350e-02
1.984000000000000000e+04 1.573937736098324214e-02
1.996800000000000000e+04 1.573937736098324214e-02
2.009600000000000000e+04 1.573937736098324214e-02
2.022400000000000000e+04 9.069935124069823315e-03
2.035200000000000000e+04 9.069935124069823315e-03
2.048000000000000000e+04 9.069935124069823315e-03
2.060800000000000000e+04 9.069935124069823315e-03
2.073600000000000000e+04 9.069935124069823315e-03
2.086400000000000000e+04 9.069935124069823315e-03
2.099200000000000000e+04 9.069935124069823315e-03
2.112000000000000000e+04 9.069935124069823315e-03
2.124800000000000000e+04 9.069935124069823315e-03
2.137600000000000000e+04 9.069935124069823315e-03
2.150400000000000000e+04 8.677603888269712004e-03
2.163200000000000000e+04 8.677603888269712004e-03
2.176000000000000000e+04 8.677603888269712004e-03
2.188800000000000000e+04 8.034084717095076392e-03
2.201600000000000000e+04 6.858211722942758951e-03
2.214400000000000000e+04 6.858211722942758951e-03
2.227200000000000000e+04 6.858211722942758951e-03
2.240000000000000000e+04 6.858211722942758951e-03
2.252800000000000000e+04 6.858211722942758951e-03
2.265600000000000000e+04 6.858211722942758951e-03
2.278400000000000000e+04 6.858211722942758951e-03
2.291200000000000000e+04 6.858211722942758951e-03
2.304000000000000000e+04 6.858211722942758951e-03
2.316800000000000000e+04 5.830400877266002369e-03
2.329600000000000000e+04 5.026262624294455632e-03
2.342400000000000000e+04 5.026262624294455632e-03
2.355200000000000000e+04 5.026262624294455632e-03
2.368000000000000000e+04 5.026262624294455632e-03
2.380800000000000000e+04 4.042070197269364076e-03
2.393600000000000000e+04 4.042070197269364076e-03
2.406400000000000000e+04 4.042070197269364076e-03
2.419200000000000000e+04 4.042070197269364076e-03
2.432000000000000000e+04 4.042070197269364076e-03
2.444800000000000000e+04 4.042070197269364076e-03
2.457600000000000000e+04 4.042070197269364076e-03
2.470400000000000000e+04 3.195095159052342270e-03
2.483200000000000000e+04 3.173646674728050794e-03
2.496000000000000000e+04 3.173646674728050794e-03
2.508800000000000000e+04 3.173646674728050794e-03
2.521600000000000000e+04 3.173646674728050794e-03
2.534400000000000000e+04 3.173646674728050794e-03
2.547200000000000000e+04 3.173646674728050794e-03
2.560000000000000000e+04 3.173646674728050794e-03
2.572800000000000000e+04 3.173646674728050794e-03
2.585600000000000000e+04 2.702398811797978619e-03
2.598400000000000000e+04 2.702398811797978619e-03
2.611200000000000000e+04 2.702398811797978619e-03
2.624000000000000000e+04 2.702398811797978619e-03
2.636800000000000000e+04 2.702398811797978619e-03
2.649600000000000000e+04 2.702398811797978619e-03
2.662400000000000000e+04 2.433884749727119670e-03
2.675200000000000000e+04 2.433884749727119670e-03
2.688000000000000000e+04 1.874337187440177754e-03
2.700800000000000000e+04 1.874337187440177754e-03
2.713600000000000000e+04 1.874337187440177754e-03
2.726400000000000000e+04 1.874337187440177754e-03
2.739200000000000000e+04 1.778702736914486741e-03
2.752000000000000000e+04 1.704841279362437389e-03
2.764800000000000000e+04 8.310023759854864075e-04
2.777600000000000000e+04 8.310023759854864075e-04
2.790400000000000000e+04 5.172598202540505024e-04
2.803200000000000000e+04 5.172598202540505024e-04
2.816000000000000000e+04 5.172598202540505024e-04
2.828800000000000000e+04 5.172598202540505024e-04
2.841600000000000000e+04 5.172598202540505024e-04
2.854400000000000000e+04 5.172598202540505024e-04
2.867200000000000000e+04 5.172598202540505024e-04
2.880000000000000000e+04 5.172598202540505024e-04
2.892800000000000000e+04 5.172598202540505024e-04
2.905600000000000000e+04 5.172598202540505024e-04
2.918400000000000000e+04 5.172598202540505024e-04
2.931200000000000000e+04 5.172598202540505024e-04
2.944000000000000000e+04 5.172598202540505024e-04
2.956800000000000000e+04 5.172598202540505024e-04
2.969600000000000000e+04 5.172598202540505024e-04
2.982400000000000000e+04 5.172598202540505024e-04
2.995200000000000000e+04 5.172598202540505024e-04
3.008000000000000000e+04 5.172598202540505024e-04
3.020800000000000000e+04 2.446521432524906411e-04
3.033600000000000000e+04 2.446521432524906411e-04
3.046400000000000000e+04 2.446521432524906411e-04
3.059200000000000000e+04 2.446521432524906411e-04
3.072000000000000000e+04 2.446521432524906411e-04
3.084800000000000000e+04 2.446521432524906411e-04
3.097600000000000000e+04 2.446521432524906411e-04
3.110400000000000000e+04 2.446521432524906411e-04
3.123200000000000000e+04 2.446521432524906411e-04
3.136000000000000000e+04 2.277986512879532049e-04
3.148800000000000000e+04 2.277986512879532049e-04
3.161600000000000000e+04 2.192628701538116513e-04
3.174400000000000000e+04 2.192628701538116513e-04
3.187200000000000000e+04 2.192628701538116513e-04
3.200000000000000000e+04 2.192628701538116513e-04
3.212800000000000000e+04 2.192628701538116513e-04
3.225600000000000000e+04 1.746633867972834705e-04
3.238400000000000000e+04 1.746633867972834705e-04
3.251200000000000000e+04 1.746633867972834705e-04
3.264000000000000000e+04 1.746633867972834705e-04
3.276800000000000000e+04 1.540556071870922462e-04
3.289600000000000000e+04 1.540556071870922462e-04
3.302400000000000000e+04 1.540556071870922462e-04
3.315200000000000000e+04 1.393716763724709752e-04
3.328000000000000000e+04 1.393716763724709752e-04
3.340800000000000000e+04 1.393716763724709752e-04
3.353600000000000000e+04 5.908165640827781572e-05
3.366400000000000000e+04 5.908165640827781572e-05
3.379200000000000000e+04 5.908165640827781572e-05
3.392000000000000000e+04 5.908165640827781572e-05
3.404800000000000000e+04 5.908165640827781572e-05
3.417600000000000000e+04 5.908165640827781572e-05
3.430400000000000000e+04 5.908165640827781572e-05
3.443200000000000000e+04 5.908165640827781572e-05
3.456000000000000000e+04 5.908165640827781572e-05
3.468800000000000000e+04 5.908165640827781572e-05
3.481600000000000000e+04 5.908165640827781572e-05
3.494400000000000000e+04 5.908165640827781572e-05
3.507200000000000000e+04 5.908165640827781572e-05
3.520000000000000000e+04 5.908165640827781572e-05
3.532800000000000000e+04 5.908165640827781572e-05
3.545600000000000000e+04 5.908165640827781572e-05
3.558400000000000000e+04 5.908165640827781572e-05
3.571200000000000000e+04 5.908165640827781572e-05
3.584000000000000000e+04 5.315644859670620644e-05
3.596800000000000000e+04 5.315644859670620644e-05
3.609600000000000000e+04 5.315644859670620644e-05
3.622400000000000000e+04 4.710873770391211406e-05
3.635200000000000000e+04 4.710873770391211406e-05
3.648000000000000000e+04 2.926296633006607753e-05
3.660800000000000000e+04 2.926296633006607753e-05
3.673600000000000000e+04 2.926296633006607753e-05
3.686400000000000000e+04 2.926296633006607753e-05
3.699200000000000000e+04 2.926296633006607753e-05
3.712000000000000000e+04 2.926296633006607753e-05
3.724800000000000000e+04 2.304779928397818737e-05
3.737600000000000000e+04 2.304779928397818737e-05
3.750400000000000000e+04 2.304779928397818737e-05
3.763200000000000000e+04 2.304779928397818737e-05
3.776000000000000000e+04 2.304779928397818737e-05
3.788800000000000000e+04 1.536269742706124851e-05
3.801600000000000000e+04 1.536269742706124851e-05
3.814400000000000000e+04 1.536269742706124851e-05
3.827200000000000000e+04 1.536269742706124851e-05
3.840000000000000000e+04 1.536269742706124851e-05
3.852800000000000000e+04 1.536269742706124851e-05
3.865600000000000000e+04 1.132213594378387989e-05
3.878400000000000000e+04 1.132213594378387989e-05
3.891200000000000000e+04 1.132213594378387989e-05
3.904000000000000000e+04 1.132213594378387989e-05
3.916800000000000000e+04 1.132213594378387989e-05
3.929600000000000000e+04 1.132213594378387989e-05
3.942400000000000000e+04 1.132213594378387989e-05
3.955200000000000000e+04 1.132213594378387989e-05
3.968000000000000000e+04 1.132213594378387989e-05
3.980800000000000000e+04 1.132213594378387989e-05
3.993600000000000000e+04 8.117232680401432565e-06
4.006400000000000000e+04 8.117232680401432565e-06
4.019200000000000000e+04 8.117232680401432565e-06
4.032000000000000000e+04 4.414590483366855414e-06
4.044800000000000000e+04 4.414590483366855414e-06
4.057600000000000000e+04 4.414590483366855414e-06
4.070400000000000000e+04 4.414590483366855414e-06
4.083200000000000000e+04 4.414590483366855414e-06
4.096000000000000000e+04 4.414590483366855414e-06
4.108800000000000000e+04 4.414590483366855414e-06
4.121600000000000000e+04 4.414590483366855414e-06
4.134400000000000000e+04 4.414590483366855414e-06
4.147200000000000000e+04 4.414590483366855414e-06
4.160000000000000000e+04 4.414590483366855414e-06
4.172800000000000000e+04 4.414590483366855414e-06
4.185600000000000000e+04 4.414590483366855414e-06
4.198400000000000000e+04 4.414590483366855414e-06
4.211200000000000000e+04 4.414590483366855414e-06
4.224000000000000000e+04 4.414590483366855414e-06
4.236800000000000000e+04 4.414590483366855414e-06
4.249600000000000000e+04 4.414590483366855414e-06
4.262400000000000000e+04 2.055316758085590194e-06
4.275200000000000000e+04 2.055316758085590194e-06
4.288000000000000000e+04 2.055316758085590194e-06
4.300800000000000000e+04 2.055316758085590194e-06
4.313600000000000000e+04 2.055316758085590194e-06
4.326400000000000000e+04 2.055316758085590194e-06
4.339200000000000000e+04 2.055316758085590194e-06
4.352000000000000000e+04 2.055316758085590194e-06
4.364800000000000000e+04 1.679810626203242167e-06
4.377600000000000000e+04 1.679810626203242167e-06
4.390400000000000000e+04 1.679810626203242167e-06
4.403200000000000000e+04 1.679810626203242167e-06
4.416000000000000000e+04 1.679810626203242167e-06
4.428800000000000000e+04 1.679810626203242167e-06
4.441600000000000000e+04 1.679810626203242167e-06
4.454400000000000000e+04 1.679810626203242167e-06
4.467200000000000000e+04 1.679810626203242167e-06
4.480000000000000000e+04 1.679810626203242167e-06
4.492800000000000000e+04 1.679810626203242167e-06
4.505600000000000000e+04 1.544397775588450796e-06
4.518400000000000000e+04 1.544397775588450796e-06
4.531200000000000000e+04 1.544397775588450796e-06
4.544000000000000000e+04 1.544397775588450796e-06
4.556800000000000000e+04 1.544397775588450796e-06
4.569600000000000000e+04 1.544397775588450796e-06
4.582400000000000000e+04 1.414949170649868937e-06
4.595200000000000000e+04 1.414949170649868937e-06
4.608000000000000000e+04 1.414949170649868937e-06
4.620800000000000000e+04 9.686310821934958024e-07
4.633600000000000000e+04 9.686310821934958024e-07
4.646400000000000000e+04 9.686310821934958024e-07
4.659200000000000000e+04 9.686310821934958024e-07
4.672000000000000000e+04 9.686310821934958024e-07
4.684800000000000000e+04 9.686310821934958024e-07
4.697600000000000000e+04 9.686310821934958024e-07
4.710400000000000000e+04 9.686310821934958024e-07
4.723200000000000000e+04 9.686310821934958024e-07
4.736000000000000000e+04 9.686310821934958024e-07
4.748800000000000000e+04 7.817934131271619931e-07
4.761600000000000000e+04 7.056308385794328147e-07
4.774400000000000000e+04 7.056308385794328147e-07
4.787200000000000000e+04 7.056308385794328147e-07
4.800000000000000000e+04 5.644955295736690909e-07
4.812800000000000000e+04 5.644955295736690909e-07
4.825600000000000000e+04 5.644955295736690909e-07
4.838400000000000000e+04 5.644955295736690909e-07
4.851200000000000000e+04 5.644955295736690909e-07
4.864000000000000000e+04 5.644955295736690909e-07
4.876800000000000000e+04 4.710381110006772472e-07
4.889600000000000000e+04 3.818614394575370076e-07
4.902400000000000000e+04 3.818614394575370076e-07
4.915200000000000000e+04 3.818614394575370076e-07
4.928000000000000000e+04 3.818614394575370076e-07
4.940800000000000000e+04 3.818614394575370076e-07
4.953600000000000000e+04 3.562595700960384125e-07
4.966400000000000000e+04 1.983450923410194977e-07
4.979200000000000000e+04 1.983450923410194977e-07
4.992000000000000000e+04 1.563907020439317260e-07
5.004800000000000000e+04 1.563907020439317260e-07
5.017600000000000000e+04 1.563907020439317260e-07
5.030400000000000000e+04 1.563907020439317260e-07
5.043200000000000000e+04 1.563907020439317260e-07
5.056000000000000000e+04 1.563907020439317260e-07
5.068800000000000000e+04 1.563907020439317260e-07
5.081600000000000000e+04 1.563907020439317260e-07
5.094400000000000000e+04 1.563907020439317260e-07
5.107200000000000000e+04 1.563907020439317260e-07
5.120000000000000000e+04 1.563907020439317260e-07
5.132800000000000000e+04 1.563907020439317260e-07
5.145600000000000000e+04 1.563907020439317260e-07
5.158400000000000000e+04 1.563907020439317260e-07
5.171200000000000000e+04 1.563907020439317260e-07
5.184000000000000000e+04 1.563907020439317260e-07
5.196800000000000000e+04 1.563907020439317260e-07
5.209600000000000000e+04 1.563907020439317260e-07
5.222400000000000000e+04 1.563907020439317260e-07
5.235200000000000000e+04 1.563907020439317260e-07
5.248000000000000000e+04 1.563907020439317260e-07
5.260800000000000000e+04 1.563907020439317260e-07
5.273600000000000000e+04 1.460505480348843275e-07
5.286400000000000000e+04 1.460505480348843275e-07
5.299200000000000000e+04 1.460505480348843275e-07
5.312000000000000000e+04 1.460505480348843275e-07
5.324800000000000000e+04 1.164359046851000144e-07
5.337600000000000000e+04 1.164359046851000144e-07
5.350400000000000000e+04 1.164359046851000144e-07
5.363200000000000000e+04 1.164359046851000144e-07
5.376000000000000000e+04 1.164359046851000144e-07
5.388800000000000000e+04 1.164359046851000144e-07
5.401600000000000000e+04 1.164359046851000144e-07
5.414400000000000000e+04 1.164359046851000144e-07
5.427200000000000000e+04 9.328113702278968015e-08
5.440000000000000000e+04 5.104211018967292148e-08
5.452800000000000000e+04 5.104211018967292148e-08
5.465600000000000000e+04 5.104211018967292148e-08
5.478400000000000000e+04 5.104211018967292148e-08
5.491200000000000000e+04 5.104211018967292148e-08
5.504000000000000000e+04 5.104211018967292148e-08
5.516800000000000000e+04 5.104211018967292148e-08
5.529600000000000000e+04 5.104211018967292148e-08
5.542400000000000000e+04 5.104211018967292148e-08
5.555200000000000000e+04 5.104211018967292148e-08
5.568000000000000000e+04 5.075080542572939651e-08
5.580800000000000000e+04 5.075080542572939651e-08
5.593600000000000000e+04 5.075080542572939651e-08
5.606400000000000000e+04 5.075080542572939651e-08
5.619200000000000000e+04 5.075080542572939651e-08
5.632000000000000000e+04 3.928365566854247418e-08
5.644800000000000000e+04 3.928365566854247418e-08
5.657600000000000000e+04 3.928365566854247418e-08
5.670400000000000000e+04 3.928365566854247418e-08
5.683200000000000000e+04 3.744326413162042779e-08
5.696000000000000000e+04 3.744326413162042779e-08
5.708800000000000000e+04 3.744326413162042779e-08
5.721600000000000000e+04 3.222181261589656388e-08
5.734400000000000000e+04 3.222181261589656388e-08
5.747200000000000000e+04 2.934270150101997912e-08
5.760000000000000000e+04 2.934270150101997912e-08
5.772800000000000000e+04 2.561261926591590229e-08
5.785600000000000000e+04 2.561261926591590229e-08
5.798400000000000000e+04 2.561261926591590229e-08
5.811200000000000000e+04 2.561261926591590229e-08
5.824000000000000000e+04 2.561261926591590229e-08
5.836800000000000000e+04 2.561261926591590229e-08
5.849600000000000000e+04 1.676250293561656545e-08
5.862400000000000000e+04 1.676250293561656545e-08
5.875200000000000000e+04 1.676250293561656545e-08
5.888000000000000000e+04 1.676250293561656545e-08
5.900800000000000000e+04 1.149931052466200679e-08
5.913600000000000000e+04 3.687747936321204940e-09
5.926400000000000000e+04 3.687747936321204940e-09
5.939200000000000000e+04 3.687747936321204940e-09
5.952000000000000000e+04 3.687747936321204940e-09
5.964800000000000000e+04 3.687747936321204940e-09
5.977600000000000000e+04 3.687747936321204940e-09
5.990400000000000000e+04 3.687747936321204940e-09
6.003200000000000000e+04 3.687747936321204940e-09
6.016000000000000000e+04 3.687747936321204940e-09
6.028800000000000000e+04 3.687747936321204940e-09
6.041600000000000000e+04 3.687747936321204940e-09
6.054400000000000000e+04 3.687747936321204940e-09
6.067200000000000000e+04 3.687747936321204940e-09
6.080000000000000000e+04 3.687747936321204940e-09
6.092800000000000000e+04 3.687747936321204940e-09
6.105600000000000000e+04 3.687747936321204940e-09
6.118400000000000000e+04 3.687747936321204940e-09
6.131200000000000000e+04 3.687747936321204940e-09
6.144000000000000000e+04 3.687747936321204940e-09
6.156800000000000000e+04 3.687747936321204940e-09
6.169600000000000000e+04 3.687747936321204940e-09
6.182400000000000000e+04 3.687747936321204940e-09
6.195200000000000000e+04 3.648432496008997014e-09
6.208000000000000000e+04 3.648432496008997014e-09
6.220800000000000000e+04 3.492788559818071641e-09
6.233600000000000000e+04 3.164855073432161712e-09
6.246400000000000000e+04 3.164855073432161712e-09
6.259200000000000000e+04 3.164855073432161712e-09
6.272000000000000000e+04 3.164855073432161712e-09
6.284800000000000000e+04 2.139210730907048875e-09
6.297600000000000000e+04 2.139210730907048875e-09
6.310400000000000000e+04 2.139210730907048875e-09
6.323200000000000000e+04 1.593874506983905128e-09
6.336000000000000000e+04 1.593874506983905128e-09
6.348800000000000000e+04 1.593874506983905128e-09
6.361600000000000000e+04 1.593874506983905128e-09
6.374400000000000000e+04 1.593874506983905128e-09
6.387200000000000000e+04 1.479616043077945515e-09
6.400000000000000000e+04 1.165918062675883874e-09
6.412800000000000000e+04 1.165918062675883874e-09
6.425600000000000000e+04 1.165918062675883874e-09
6.438400000000000000e+04 7.466337289474066790e-10
6.451200000000000000e+04 7.466337289474066790e-10
6.464000000000000000e+04 7.466337289474066790e-10
6.476800000000000000e+04 7.466337289474066790e-10
6.489600000000000000e+04 7.466337289474066790e-10
6.502400000000000000e+04 7.466337289474066790e-10
6.515200000000000000e+04 7.466337289474066790e-10
6.528000000000000000e+04 7.466337289474066790e-10
6.540800000000000000e+04 7.466337289474066790e-10
6.553600000000000000e+04 7.466337289474066790e-10
6.566400000000000000e+04 7.466337289474066790e-10
6.579200000000000000e+04 7.466337289474066790e-10
6.592000000000000000e+04 5.873266705894376660e-10
6.604800000000000000e+04 3.733804816120952685e-10
6.617600000000000000e+04 3.733804816120952685e-10
6.630400000000000000e+04 3.423269731725543989e-10
6.643200000000000000e+04 1.372232307335973360e-10
6.656000000000000000e+04 1.372232307335973360e-10
6.668800000000000000e+04 1.372232307335973360e-10
6.681600000000000000e+04 1.372232307335973360e-10
6.694400000000000000e+04 1.372232307335973360e-10
6.707200000000000000e+04 1.372232307335973360e-10
6.720000000000000000e+04 1.372232307335973360e-10
6.732800000000000000e+04 1.372232307335973360e-10
6.745600000000000000e+04 1.372232307335973360e-10
6.758400000000000000e+04 1.372232307335973360e-10
6.771200000000000000e+04 1.372232307335973360e-10
6.784000000000000000e+04 1.372232307335973360e-10
6.796800000000000000e+04 1.372232307335973360e-10
6.809600000000000000e+04 1.372232307335973360e-10
6.822400000000000000e+04 1.372232307335973360e-10
6.835200000000000000e+04 1.372232307335973360e-10
6.848000000000000000e+04 1.372232307335973360e-10
6.860800000000000000e+04 1.372232307335973360e-10
6.873600000000000000e+04 1.372232307335973360e-10
6.886400000000000000e+04 1.372232307335973360e-10
6.899200000000000000e+04 1.372232307335973360e-10
6.912000000000000000e+04 1.372232307335973360e-10
6.924800000000000000e+04 1.372232307335973360e-10
6.937600000000000000e+04 1.372232307335973360e-10
6.950400000000000000e+04 1.372232307335973360e-10
6.963200000000000000e+04 1.372232307335973360e-10
6.976000000000000000e+04 1.341371402366605270e-10
6.988800000000000000e+04 1.341371402366605270e-10
7.001600000000000000e+04 1.341371402366605270e-10
7.014400000000000000e+04 1.341371402366605270e-10
7.027200000000000000e+04 1.341371402366605270e-10
7.040000000000000000e+04 1.341371402366605270e-10
7.052800000000000000e+04 1.115863923863707753e-10
7.065600000000000000e+04 1.115863923863707753e-10
7.078400000000000000e+04 1.115863923863707753e-10
7.091200000000000000e+04 1.033572966271722651e-10
7.104000000000000000e+04 1.001327422152942664e-10
7.116800000000000000e+04 8.611688536998034973e-11
7.129600000000000000e+04 8.588993284470274037e-11
7.142400000000000000e+04 8.588993284470274037e-11
7.155200000000000000e+04 5.038914348536149446e-11
7.168000000000000000e+04 5.038914348536149446e-11
7.180800000000000000e+04 5.038914348536149446e-11
7.193600000000000000e+04 5.038914348536149446e-11
7.206400000000000000e+04 5.038914348536149446e-11
7.219200000000000000e+04 5.038914348536149446e-11
7.232000000000000000e+04 4.903270937146984703e-11
7.244800000000000000e+04 4.903270937146984703e-11
7.257600000000000000e+04 4.903270937146984703e-11
7.270400000000000000e+04 4.903270937146984703e-11
7.283200000000000000e+04 4.903270937146984703e-11
7.296000000000000000e+04 4.903270937146984703e-11
7.308800000000000000e+04 4.903270937146984703e-11
7.321600000000000000e+04 4.538564496021672029e-11
7.334400000000000000e+04 3.097174161227090246e-11
7.347200000000000000e+04 3.097174161227090246e-11
7.360000000000000000e+04 3.097174161227090246e-11
7.372800000000000000e+04 3.028730952976146794e-11
7.385600000000000000e+04 2.353620245043793440e-11
7.398400000000000000e+04 2.353620245043793440e-11
7.411200000000000000e+04 2.353620245043793440e-11
7.424000000000000000e+04 2.353620245043793440e-11
7.436800000000000000e+04 2.353620245043793440e-11
7.449600000000000000e+04 2.353620245043793440e-11
7.462400000000000000e+04 2.353620245043793440e-11
7.475200000000000000e+04 2.353620245043793440e-11
7.488000000000000000e+04 2.353620245043793440e-11
7.500800000000000000e+04 2.353620245043793440e-11
7.513600000000000000e+04 2.353620245043793440e-11
7.526400000000000000e+04 2.353620245043793440e-11
7.539200000000000000e+04 2.353620245043793440e-11
7.552000000000000000e+04 1.710224055329171067e-11
7.564800000000000000e+04 1.578898130386961672e-11
7.577600000000000000e+04 1.578898130386961672e-11
7.590400000000000000e+04 1.578898130386961672e-11
7.603200000000000000e+04 1.578898130386961672e-11
7.616000000000000000e+04 1.578898130386961672e-11
7.628800000000000000e+04 1.578898130386961672e-11
7.641600000000000000e+04 8.005573386200521192e-12
7.654400000000000000e+04 8.005573386200521192e-12
7.667200000000000000e+04 8.005573386200521192e-12
7.680000000000000000e+04 8.005573386200521192e-12
7.692800000000000000e+04 7.110367127446602020e-12
7.705600000000000000e+04 7.110367127446602020e-12
7.718400000000000000e+04 7.110367127446602020e-12
7.731200000000000000e+04 5.835562701960836660e-12
7.744000000000000000e+04 5.835562701960836660e-12
7.756800000000000000e+04 5.835562701960836660e-12
7.769600000000000000e+04 5.835562701960836660e-12
7.782400000000000000e+04 5.835562701960836660e-12
7.795200000000000000e+04 5.835562701960836660e-12
7.808000000000000000e+04 5.835562701960836660e-12
7.820800000000000000e+04 5.835562701960836660e-12
7.833600000000000000e+04 2.490958552017364763e-12
7.846400000000000000e+04 2.490958552017364763e-12
7.859200000000000000e+04 2.490958552017364763e-12
7.872000000000000000e+04 2.461328640776723723e-12
7.884800000000000000e+04 2.461328640776723723e-12
7.897600000000000000e+04 2.461328640776723723e-12
7.910400000000000000e+04 2.461328640776723723e-12
7.923200000000000000e+04 2.461328640776723723e-12
7.936000000000000000e+04 2.461328640776723723e-12
7.948800000000000000e+04 2.461328640776723723e-12
7.961600000000000000e+04 2.461328640776723723e-12
7.974400000000000000e+04 2.461328640776723723e-12
7.987200000000000000e+04 2.461328640776723723e-12
8.000000000000000000e+04 2.461328640776723723e-12
8.012800000000000000e+04 2.461328640776723723e-12
8.025600000000000000e+04 2.461328640776723723e-12
8.038400000000000000e+04 2.461328640776723723e-12
8.051200000000000000e+04 2.461328640776723723e-12
8.064000000000000000e+04 2.461328640776723723e-12
8.076800000000000000e+04 2.461328640776723723e-12
8.089600000000000000e+04 2.461328640776723723e-12
8.102400000000000000e+04 2.003753742679170026e-12
8.115200000000000000e+04 2.003753742679170026e-12
8.128000000000000000e+04 2.003753742679170026e-12
8.140800000000000000e+04 2.003753742679170026e-12
8.153600000000000000e+04 1.829428925121864946e-12
8.166400000000000000e+04 1.829428925121864946e-12
8.179200000000000000e+04 1.494170817233769609e-12
8.192000000000000000e+04 1.494170817233769609e-12
8.204800000000000000e+04 1.144660783180789333e-12
8.217600000000000000e+04 1.144660783180789333e-12
8.230400000000000000e+04 1.144660783180789333e-12
8.243200000000000000e+04 1.144660783180789333e-12
8.256000000000000000e+04 1.144660783180789333e-12
8.268800000000000000e+04 1.144660783180789333e-12
8.281600000000000000e+04 1.144660783180789333e-12
8.294400000000000000e+04 1.144660783180789333e-12
8.307200000000000000e+04 1.144660783180789333e-12
8.320000000000000000e+04 1.144660783180789333e-12
8.332800000000000000e+04 1.144660783180789333e-12
8.345600000000000000e+04 1.144660783180789333e-12
8.358400000000000000e+04 8.586093874962871420e-13
8.371200000000000000e+04 8.586093874962871420e-13
8.384000000000000000e+04 8.586093874962871420e-13
8.396800000000000000e+04 5.416637411716556917e-13
8.409600000000000000e+04 5.416637411716556917e-13
8.422400000000000000e+04 5.416637411716556917e-13
8.435200000000000000e+04 5.416637411716556917e-13
8.448000000000000000e+04 5.416637411716556917e-13
8.460800000000000000e+04 5.416637411716556917e-13
8.473600000000000000e+04 5.416637411716556917e-13
8.486400000000000000e+04 5.416637411716556917e-13
8.499200000000000000e+04 4.693239707658260589e-13
8.512000000000000000e+04 4.693239707658260589e-13
8.524800000000000000e+04 4.693239707658260589e-13
8.537600000000000000e+04 3.315082106003599284e-13
8.550400000000000000e+04 3.303434891396197274e-13
8.563200000000000000e+04 3.303434891396197274e-13
8.576000000000000000e+04 3.303434891396197274e-13
8.588800000000000000e+04 3.303434891396197274e-13
8.601600000000000000e+04 3.303434891396197274e-13
8.614400000000000000e+04 2.379463046368659324e-13
8.627200000000000000e+04 2.379463046368659324e-13
8.640000000000000000e+04 2.379463046368659324e-13
8.652800000000000000e+04 2.379463046368659324e-13
8.665600000000000000e+04 2.379463046368659324e-13
8.678400000000000000e+04 1.704679760517019846e-13
8.691200000000000000e+04 1.704679760517019846e-13
8.704000000000000000e+04 1.704679760517019846e-13
8.716800000000000000e+04 1.704679760517019846e-13
8.729600000000000000e+04 1.704679760517019846e-13
8.742400000000000000e+04 1.704679760517019846e-13
8.755200000000000000e+04 1.704679760517019846e-13
8.768000000000000000e+04 1.143418483685311681e-13
8.780800000000000000e+04 1.143418483685311681e-13
8.793600000000000000e+04 1.143418483685311681e-13
8.806400000000000000e+04 8.988321572459133413e-14
8.819200000000000000e+04 8.988321572459133413e-14
8.832000000000000000e+04 8.796431732629508202e-14
8.844800000000000000e+04 8.796431732629508202e-14
8.857600000000000000e+04 7.267223071009179050e-14
8.870400000000000000e+04 7.267223071009179050e-14
8.883200000000000000e+04 7.267223071009179050e-14
8.896000000000000000e+04 7.267223071009179050e-14
8.908800000000000000e+04 7.267223071009179050e-14
8.921600000000000000e+04 7.267223071009179050e-14
8.934400000000000000e+04 7.267223071009179050e-14
8.947200000000000000e+04 7.267223071009179050e-14
8.960000000000000000e+04 7.267223071009179050e-14
8.972800000000000000e+04 7.004688899229363710e-14
8.985600000000000000e+04 7.004688899229363710e-14
8.998400000000000000e+04 6.304912572584964325e-14
9.011200000000000000e+04 3.888891260729604100e-14
9.024000000000000000e+04 3.888891260729604100e-14
9.036800000000000000e+04 3.888891260729604100e-14
9.049600000000000000e+04 3.888891260729604100e-14
9.062400000000000000e+04 3.888891260729604100e-14
9.075200000000000000e+04 3.888891260729604100e-14
9.088000000000000000e+04 3.888891260729604100e-14
9.100800000000000000e+04 3.888891260729604100e-14
9.113600000000000000e+04 3.841680785680039826e-14
9.126400000000000000e+04 3.841680785680039826e-14
9.139200000000000000e+04 2.745020064237105803e-14
9.152000000000000000e+04 2.745020064237105803e-14
9.164800000000000000e+04 2.745020064237105803e-14
9.177600000000000000e+04 2.745020064237105803e-14
9.190400000000000000e+04 2.745020064237105803e-14
9.203200000000000000e+04 2.745020064237105803e-14
9.216000000000000000e+04 2.745020064237105803e-14
9.228800000000000000e+04 2.745020064237105803e-14
9.241600000000000000e+04 2.745020064237105803e-14
9.254400000000000000e+04 2.745020064237105803e-14
9.267200000000000000e+04 2.699019570491430982e-14
9.280000000000000000e+04 1.238175122699978395e-14
9.292800000000000000e+04 1.238175122699978395e-14
9.305600000000000000e+04 1.238175122699978395e-14
9.318400000000000000e+04 1.238175122699978395e-14
9.331200000000000000e+04 1.238175122699978395e-14
9.344000000000000000e+04 1.125038498903885453e-14
9.356800000000000000e+04 1.125038498903885453e-14
9.369600000000000000e+04 1.125038498903885453e-14
9.382400000000000000e+04 1.125038498903885453e-14
9.395200000000000000e+04 1.125038498903885453e-14
9.408000000000000000e+04 1.125038498903885453e-14
9.420800000000000000e+04 1.125038498903885453e-14
9.433600000000000000e+04 1.125038498903885453e-14
9.446400000000000000e+04 1.125038498903885453e-14
9.459200000000000000e+04 1.125038498903885453e-14
9.472000000000000000e+04 1.125038498903885453e-14
9.484800000000000000e+04 1.125038498903885453e-14
9.497600000000000000e+04 1.125038498903885453e-14
9.510400000000000000e+04 1.125038498903885453e-14
9.523200000000000000e+04 1.125038498903885453e-14
9.536000000000000000e+04 1.125038498903885453e-14
9.548800000000000000e+04 8.931721663011674124e-15
9.561600000000000000e+04 8.814348143928821237e-15
9.574400000000000000e+04 8.814348143928821237e-15
9.587200000000000000e+04 6.493651460376536574e-15
9.600000000000000000e+04 6.493651460376536574e-15
9.612800000000000000e+04 6.493651460376536574e-15
9.625600000000000000e+04 6.493651460376536574e-15
9.638400000000000000e+04 6.493651460376536574e-15
9.651200000000000000e+04 6.493651460376536574e-15
9.664000000000000000e+04 6.493651460376536574e-15
9.676800000000000000e+04 6.493651460376536574e-15
9.689600000000000000e+04 6.493651460376536574e-15
9.702400000000000000e+04 6.493651460376536574e-15
9.715200000000000000e+04 6.493651460376536574e-15
9.728000000000000000e+04 3.513591092329102126e-15
9.740800000000000000e+04 3.513591092329102126e-15
9.753600000000000000e+04 3.513591092329102126e-15
9.766400000000000000e+04 3.513591092329102126e-15
9.779200000000000000e+04 3.513591092329102126e-15
9.792000000000000000e+04 3.513591092329102126e-15
9.804800000000000000e+04 3.513591092329102126e-15
9.817600000000000000e+04 2.091138657201955078e-15
9.830400000000000000e+04 2.091138657201955078e-15
9.843200000000000000e+04 2.091138657201955078e-15
9.856000000000000000e+04 2.091138657201955078e-15
9.868800000000000000e+04 2.091138657201955078e-15
9.881600000000000000e+04 2.091138657201955078e-15
9.894400000000000000e+04 2.015821529969567528e-15
9.907200000000000000e+04 2.015821529969567528e-15
9.920000000000000000e+04 2.015821529969567528e-15
9.932800000000000000e+04 2.015821529969567528e-15
9.945600000000000000e+04 2.015821529969567528e-15
9.958400000000000000e+04 2.015821529969567528e-15
9.971200000000000000e+04 1.128323322972068521e-15
9.984000000000000000e+04 1.128323322972068521e-15
9.996800000000000000e+04 1.128323322972068521e-15
1.000960000000000000e+05 1.128323322972068521e-15
