1.280000000000000000e+02 1.715165622839065307e+01
2.560000000000000000e+02 1.715165622839065307e+01
3.840000000000000000e+02 1.715165622839065307e+01
5.120000000000000000e+02 1.715165622839065307e+01
6.400000000000000000e+02 1.715165622839065307e+01
7.680000000000000000e+02 1.715165622839065307e+01
8.960000000000000000e+02 1.715165622839065307e+01
1.024000000000000000e+03 1.715165622839065307e+01
1.152000000000000000e+03 1.715165622839065307e+01
1.280000000000000000e+03 1.715165622839065307e+01
1.408000000000000000e+03 1.715165622839065307e+01
1.536000000000000000e+03 1.715165622839065307e+01
1.664000000000000000e+03 1.715165622839065307e+01
1.792000000000000000e+03 1.715165622839065307e+01
1.920000000000000000e+03 1.715165622839065307e+01
2.048000000000000000e+03 1.715165622839065307e+01
2.176000000000000000e+03 1.715165622839065307e+01
2.304000000000000000e+03 1.715165622839065307e+01
2.432000000000000000e+03 1.147243480431026619e+01
2.560000000000000000e+03 1.147243480431026619e+01
2.688000000000000000e+03 1.147243480431026619e+01
2.816000000000000000e+03 1.147243480431026619e+01
2.944000000000000000e+03 1.147243480431026619e+01
3.072000000000000000e+03 1.147243480431026619e+01
3.200000000000000000e+03 1.147243480431026619e+01
3.328000000000000000e+03 1.147243480431026619e+01
3.456000000000000000e+03 1.147243480431026619e+01
3.584000000000000000e+03 1.147243480431026619e+01
3.712000000000000000e+03 1.113981611331494292e+01
3.840000000000000000e+03 1.113981611331494292e+01
3.968000000000000000e+03 1.113981611331494292e+01
4.096000000000000000e+03 1.113981611331494292e+01
4.224000000000000000e+03 7.508723836874386492e+00
4.352000000000000000e+03 7.508723836874386492e+00
4.480000000000000000e+03 7.508723836874386492e+00
4.608000000000000000e+03 7.508723836874386492e+00
4.736000000000000000e+03 4.208500932693251428e+00
4.864000000000000000e+03 4.208500932693251428e+00
4.992000000000000000e+03 4.208500932693251428e+00
5.120000000000000000e+03 4.208500932693251428e+00
5.248000000000000000e+03 4.208500932693251428e+00
5.376000000000000000e+03 4.208500932693251428e+00
5.504000000000000000e+03 4.208500932693251428e+00
5.632000000000000000e+03 4.208500932693251428e+00
5.760000000000000000e+03 4.208500932693251428e+00
5.888000000000000000e+03 4.208500932693251428e+00
6.016000000000000000e+03 4.208500932693251428e+00
6.144000000000000000e+03 4.208500932693251428e+00
6.272000000000000000e+03 4.208500932693251428e+00
6.400000000000000000e+03 4.208500932693251428e+00
6.528000000000000000e+03 3.429258794214149031e+00
6.656000000000000000e+03 3.429258794214149031e+00
6.784000000000000000e+03 3.306068546682287224e+00
6.912000000000000000e+03 3.306068546682287224e+00
7.040000000000000000e+03 2.733134612508981043e+00
7.168000000000000000e+03 2.219299444743624061e+00
7.296000000000000000e+03 2.219299444743624061e+00
7.424000000000000000e+03 2.219299444743624061e+00
7.552000000000000000e+03 2.219299444743624061e+00
7.680000000000000000e+03 2.219299444743624061e+00
7.808000000000000000e+03 2.219299444743624061e+00
7.936000000000000000e+03 2.219299444743624061e+00
8.064000000000000000e+03 2.149463080881078181e+00
8.192000000000000000e+03 2.149463080881078181e+00
8.320000000000000000e+03 1.211013852929880397e+00
8.448000000000000000e+03 1.211013852929880397e+00
8.576000000000000000e+03 1.211013852929880397e+00
8.704000000000000000e+03 1.211013852929880397e+00
8.832000000000000000e+03 1.211013852929880397e+00
8.960000000000000000e+03 1.211013852929880397e+00
9.088000000000000000e+03 1.211013852929880397e+00
9.216000000000000000e+03 1.211013852929880397e+00
9.344000000000000000e+03 1.211013852929880397e+00
9.472000000000000000e+03 1.211013852929880397e+00
9.600000000000000000e+03 1.211013852929880397e+00
9.728000000000000000e+03 1.211013852929880397e+00
9.856000000000000000e+03 5.183974859506577104e-01
9.984000000000000000e+03 5.183974859506577104e-01
1.011200000000000000e+04 5.183974859506577104e-01
1.024000000000000000e+04 5.183974859506577104e-01
1.036800000000000000e+04 5.183974859506577104e-01
1.049600000000000000e+04 5.183974859506577104e-01
1.062400000000000000e+04 5.183974859506577104e-01
1.075200000000000000e+04 5.183974859506577104e-01
1.088000000000000000e+04 5.183974859506577104e-01
1.100800000000000000e+04 5.183974859506577104e-01
1.113600000000000000e+04 5.183974859506577104e-01
1.126400000000000000e+04 2.493887215155161097e-01
1.139200000000000000e+04 2.493887215155161097e-01
1.152000000000000000e+04 2.493887215155161097e-01
1.164800000000000000e+04 2.493887215155161097e-01
1.177600000000000000e+04 2.493887215155161097e-01
1.190400000000000000e+04 2.493887215155161097e-01
1.203200000000000000e+04 2.493887215155161097e-01
1.216000000000000000e+04 2.493887215155161097e-01
1.228800000000000000e+04 2.493887215155161097e-01
1.241600000000000000e+04 2.493887215155161097e-01
1.254400000000000000e+04 2.493887215155161097e-01
1.267200000000000000e+04 2.493887215155161097e-01
1.280000000000000000e+04 2.493887215155161097e-01
1.292800000000000000e+04 2.493887215155161097e-01
1.305600000000000000e+04 2.493887215155161097e-01
1.318400000000000000e+04 2.374042718227879212e-01
1.331200000000000000e+04 2.374042718227879212e-01
1.344000000000000000e+04 2.374042718227879212e-01
1.356800000000000000e+04 1.962962910201734301e-01
1.369600000000000000e+04 1.962962910201734301e-01
1.382400000000000000e+04 1.962962910201734301e-01
1.395200000000000000e+04 1.962962910201734301e-01
1.408000000000000000e+04 1.684249830536930503e-01
1.420800000000000000e+04 1.684249830536930503e-01
1.433600000000000000e+04 1.684249830536930503e-01
1.446400000000000000e+04 1.684249830536930503e-01
1.459200000000000000e+04 1.684249830536930503e-01
1.472000000000000000e+04 1.684249830536930503e-01
1.484800000000000000e+04 1.684249830536930503e-01
1.497600000000000000e+04 1.684249830536930503e-01
1.510400000000000000e+04 1.684249830536930503e-01
1.523200000000000000e+04 1.470259085508264507e-01
1.536000000000000000e+04 1.162358279590141319e-01
1.548800000000000000e+04 1.162358279590141319e-01
1.561600000000000000e+04 1.055926429978364667e-01
1.574400000000000000e+04 1.055926429978364667e-01
1.587200000000000000e+04 1.055926429978364667e-01
1.600000000000000000e+04 1.055926429978364667e-01
1.612800000000000000e+04 1.055926429978364667e-01
1.625600000000000000e+04 1.055926429978364667e-01
1.638400000000000000e+04 1.055926429978364667e-01
1.651200000000000000e+04 1.055926429978364667e-01
1.664000000000000000e+04 9.753810543976605685e-02
1.676800000000000000e+04 4.438199211016336659e-02
1.689600000000000000e+04 4.438199211016336659e-02
1.702400000000000000e+04 4.438199211016336659e-02
1.715200000000000000e+04 4.438199211016336659e-02
1.728000000000000000e+04 4.438199211016336659e-02
1.740800000000000000e+04 4.438199211016336659e-02
1.753600000000000000e+04 4.438199211016336659e-02
1.766400000000000000e+04 4.438199211016336659e-02
1.779200000000000000e+04 4.438199211016336659e-02
1.792000000000000000e+04 4.438199211016336659e-02
1.804800000000000000e+04 4.438199211016336659e-02
1.817600000000000000e+04 4.438199211016336659e-02
1.830400000000000000e+04 4.438199211016336659e-02
1.843200000000000000e+04 4.438199211016336659e-02
1.856000000000000000e+04 4.438199211016336659e-02
1.868800000000000000e+04 4.438199211016336659e-02
1.881600000000000000e+04 4.052411278024115743e-02
1.894400000000000000e+04 4.052411278024115743e-02
1.907200000000000000e+04 4.052411278024115743e-02
1.920000000000000000e+04 4.052411278024115743e-02
1.932800000000000000e+04 4.052411278024115743e-02
1.945600000000000000e+04 3.833284417988980231e-02
1.958400000000000000e+04 3.684710814700267734e-02
1.971200000000000000e+04 3.684710814700267734e-02
1.984000000000000000e+04 3.684710814700267734e-02
1.996800000000000000e+04 3.228041429551189306e-02
2.009600000000000000e+04 2.278486263582247748e-02
2.022400000000000000e+04 2.278486263582247748e-02
2.035200000000000000e+04 2.278486263582247748e-02
2.048000000000000000e+04 2.278486263582247748e-02
2.060800000000000000e+04 2.278486263582247748e-02
2.073600000000000000e+04 2.278486263582247748e-02
2.086400000000000000e+04 2.278486263582247748e-02
2.099200000000000000e+04 2.278486263582247748e-02
2.112000000000000000e+04 2.278486263582247748e-02
2.124800000000000000e+04 1.723848795036021786e-02
2.137600000000000000e+04 1.525095756073626546e-02
2.150400000000000000e+04 1.525095756073626546e-02
2.163200000000000000e+04 1.525095756073626546e-02
2.176000000000000000e+04 1.396730493891052728e-02
2.188800000000000000e+04 1.328610664370125961e-02
2.201600000000000000e+04 1.328610664370125961e-02
2.214400000000000000e+04 7.923997351759224511e-03
2.227200000000000000e+04 7.923997351759224511e-03
2.240000000000000000e+04 7.923997351759224511e-03
2.252800000000000000e+04 7.923997351759224511e-03
2.265600000000000000e+04 7.923997351759224511e-03
2.278400000000000000e+04 7.923997351759224511e-03
2.291200000000000000e+04 6.353481496099389232e-03
2.304000000000000000e+04 6.353481496099389232e-03
2.316800000000000000e+04 6.353481496099389232e-03
2.329600000000000000e+04 5.631544633603657868e-03
2.342400000000000000e+04 5.631544633603657868e-03
2.355200000000000000e+04 5.631544633603657868e-03
2.368000000000000000e+04 5.631544633603657868e-03
2.380800000000000000e+04 5.631544633603657868e-03
2.393600000000000000e+04 5.631544633603657868e-03
2.406400000000000000e+04 5.631544633603657868e-03
2.419200000000000000e+04 4.586661654065440387e-03
2.432000000000000000e+04 4.586661654065440387e-03
2.444800000000000000e+04 4.586661654065440387e-03
2.457600000000000000e+04 4.586661654065440387e-03
2.470400000000000000e+04 4.586661654065440387e-03
2.483200000000000000e+04 3.313133708341611718e-03
2.496000000000000000e+04 3.313133708341611718e-03
2.508800000000000000e+04 3.313133708341611718e-03
2.521600000000000000e+04 3.313133708341611718e-03
2.534400000000000000e+04 3.313133708341611718e-03
2.547200000000000000e+04 3.313133708341611718e-03
2.560000000000000000e+04 1.781779934340067383e-03
2.572800000000000000e+04 1.781779934340067383e-03
2.585600000000000000e+04 1.781779934340067383e-03
2.598400000000000000e+04 1.781779934340067383e-03
2.611200000000000000e+04 1.781779934340067383e-03
2.624000000000000000e+04 1.626407776381596235e-03
2.636800000000000000e+04 1.626407776381596235e-03
2.649600000000000000e+04 1.626407776381596235e-03
2.662400000000000000e+04 1.496757088805215387e-03
2.675200000000000000e+04 1.496757088805215387e-03
2.688000000000000000e+04 1.496757088805215387e-03
2.700800000000000000e+04 1.496757088805215387e-03
2.713600000000000000e+04 1.496757088805215387e-03
2.726400000000000000e+04 1.496757088805215387e-03
2.739200000000000000e+04 1.496757088805215387e-03
2.752000000000000000e+04 1.496757088805215387e-03
2.764800000000000000e+04 7.063697752840836621e-04
2.777600000000000000e+04 7.063697752840836621e-04
2.790400000000000000e+04 7.063697752840836621e-04
2.803200000000000000e+04 7.063697752840836621e-04
2.816000000000000000e+04 7.063697752840836621e-04
2.828800000000000000e+04 7.063697752840836621e-04
2.841600000000000000e+04 7.063697752840836621e-04
2.854400000000000000e+04 7.063697752840836621e-04
2.867200000000000000e+04 5.862837638787836295e-04
2.880000000000000000e+04 5.862837638787836295e-04
2.892800000000000000e+04 5.862837638787836295e-04
2.905600000000000000e+04 5.862837638787836295e-04
2.918400000000000000e+04 5.862837638787836295e-04
2.931200000000000000e+04 5.862837638787836295e-04
2.944000000000000000e+04 5.862837638787836295e-04
2.956800000000000000e+04 5.862837638787836295e-04
2.969600000000000000e+04 5.862837638787836295e-04
2.982400000000000000e+04 5.862837638787836295e-04
2.995200000000000000e+04 5.862837638787836295e-04
3.008000000000000000e+04 5.862837638787836295e-04
3.020800000000000000e+04 5.862837638787836295e-04
3.033600000000000000e+04 5.862837638787836295e-04
3.046400000000000000e+04 4.338876548832097148e-04
3.059200000000000000e+04 2.971235034022179627e-04
3.072000000000000000e+04 2.971235034022179627e-04
3.084800000000000000e+04 2.971235034022179627e-04
3.097600000000000000e+04 2.971235034022179627e-04
3.110400000000000000e+04 2.971235034022179627e-04
3.123200000000000000e+04 2.971235034022179627e-04
3.136000000000000000e+04 2.971235034022179627e-04
3.148800000000000000e+04 2.971235034022179627e-04
3.161600000000000000e+04 2.002319101849599681e-04
3.174400000000000000e+04 2.002319101849599681e-04
3.187200000000000000e+04 2.002319101849599681e-04
3.200000000000000000e+04 2.002319101849599681e-04
3.212800000000000000e+04 1.141148640315625641e-04
3.225600000000000000e+04 1.141148640315625641e-04
3.238400000000000000e+04 8.484951332897704970e-05
3.251200000000000000e+04 8.484951332897704970e-05
3.264000000000000000e+04 8.484951332897704970e-05
3.276800000000000000e+04 8.484951332897704970e-05
3.289600000000000000e+04 8.484951332897704970e-05
3.302400000000000000e+04 8.484951332897704970e-05
3.315200000000000000e+04 8.484951332897704970e-05
3.328000000000000000e+04 8.484951332897704970e-05
3.340800000000000000e+04 8.484951332897704970e-05
3.353600000000000000e+04 8.484951332897704970e-05
3.366400000000000000e+04 8.484951332897704970e-05
3.379200000000000000e+04 8.484951332897704970e-05
3.392000000000000000e+04 8.484951332897704970e-05
3.404800000000000000e+04 7.495808793794859939e-05
3.417600000000000000e+04 7.495808793794859939e-05
3.430400000000000000e+04 7.495808793794859939e-05
3.443200000000000000e+04 7.495808793794859939e-05
3.456000000000000000e+04 7.495808793794859939e-05
3.468800000000000000e+04 7.495808793794859939e-05
3.481600000000000000e+04 7.495808793794859939e-05
3.494400000000000000e+04 7.495808793794859939e-05
3.507200000000000000e+04 4.709840330698617113e-05
3.520000000000000000e+04 4.709840330698617113e-05
3.532800000000000000e+04 4.709840330698617113e-05
3.545600000000000000e+04 4.709840330698617113e-05
3.558400000000000000e+04 4.709840330698617113e-05
3.571200000000000000e+04 4.709840330698617113e-05
3.584000000000000000e+04 4.709840330698617113e-05
3.596800000000000000e+04 4.709840330698617113e-05
3.609600000000000000e+04 4.709840330698617113e-05
3.622400000000000000e+04 4.709840330698617113e-05
3.635200000000000000e+04 4.709840330698617113e-05
3.648000000000000000e+04 4.709840330698617113e-05
3.660800000000000000e+04 4.709840330698617113e-05
3.673600000000000000e+04 3.733631727204497010e-05
3.686400000000000000e+04 3.733631727204497010e-05
3.699200000000000000e+04 2.134774826577800382e-05
3.712000000000000000e+04 2.134774826577800382e-05
3.724800000000000000e+04 2.134774826577800382e-05
3.737600000000000000e+04 2.134774826577800382e-05
3.750400000000000000e+04 2.134774826577800382e-05
3.763200000000000000e+04 7.332906955744889721e-06
3.776000000000000000e+04 7.332906955744889721e-06
3.788800000000000000e+04 7.332906955744889721e-06
3.801600000000000000e+04 7.332906955744889721e-06
3.814400000000000000e+04 7.332906955744889721e-06
3.827200000000000000e+04 7.332906955744889721e-06
3.840000000000000000e+04 7.332906955744889721e-06
3.852800000000000000e+04 7.332906955744889721e-06
3.865600000000000000e+04 7.332906955744889721e-06
3.878400000000000000e+04 7.332906955744889721e-06
3.891200000000000000e+04 7.332906955744889721e-06
3.904000000000000000e+04 7.332906955744889721e-06
3.916800000000000000e+04 7.332906955744889721e-06
3.929600000000000000e+04 7.332906955744889721e-06
3.942400000000000000e+04 7.332906955744889721e-06
3.955200000000000000e+04 7.332906955744889721e-06
3.968000000000000000e+04 7.332906955744889721e-06
3.980800000000000000e+04 6.961917330725018032e-06
3.993600000000000000e+04 6.961917330725018032e-06
4.006400000000000000e+04 6.961917330725018032e-06
4.019200000000000000e+04 6.961917330725018032e-06
4.032000000000000000e+04 6.961917330725018032e-06
4.044800000000000000e+04 6.961917330725018032e-06
4.057600000000000000e+04 6.961917330725018032e-06
4.070400000000000000e+04 6.961917330725018032e-06
4.083200000000000000e+04 6.961917330725018032e-06
4.096000000000000000e+04 6.335042627049786963e-06
4.108800000000000000e+04 6.335042627049786963e-06
4.121600000000000000e+04 6.335042627049786963e-06
4.134400000000000000e+04 6.335042627049786963e-06
4.147200000000000000e+04 6.335042627049786963e-06
4.160000000000000000e+04 6.335042627049786963e-06
4.172800000000000000e+04 3.593375656670769598e-06
4.185600000000000000e+04 3.075581727177972773e-06
4.198400000000000000e+04 3.075581727177972773e-06
4.211200000000000000e+04 3.075581727177972773e-06
4.224000000000000000e+04 3.075581727177972773e-06
4.236800000000000000e+04 3.075581727177972773e-06
4.249600000000000000e+04 3.075581727177972773e-06
4.262400000000000000e+04 3.075581727177972773e-06
4.275200000000000000e+04 2.923256468683321898e-06
4.288000000000000000e+04 2.923256468683321898e-06
4.300800000000000000e+04 2.923256468683321898e-06
4.313600000000000000e+04 2.923256468683321898e-06
4.326400000000000000e+04 2.923256468683321898e-06
4.339200000000000000e+04 2.505687417595528100e-06
4.352000000000000000e+04 2.505687417595528100e-06
4.364800000000000000e+04 2.505687417595528100e-06
4.377600000000000000e+04 2.505687417595528100e-06
4.390400000000000000e+04 2.505687417595528100e-06
4.403200000000000000e+04 2.505687417595528100e-06
4.416000000000000000e+04 2.505687417595528100e-06
4.428800000000000000e+04 2.505687417595528100e-06
4.441600000000000000e+04 2.038736596939353017e-06
4.454400000000000000e+04 1.567823233634076947e-06
4.467200000000000000e+04 1.567823233634076947e-06
4.480000000000000000e+04 1.567823233634076947e-06
4.492800000000000000e+04 1.567823233634076947e-06
4.505600000000000000e+04 1.430967393015115860e-06
4.518400000000000000e+04 1.430967393015115860e-06
4.531200000000000000e+04 7.621933874359689453e-07
4.544000000000000000e+04 7.621933874359689453e-07
4.556800000000000000e+04 7.621933874359689453e-07
4.569600000000000000e+04 7.621933874359689453e-07
4.582400000000000000e+04 7.621933874359689453e-07
4.595200000000000000e+04 7.621933874359689453e-07
4.608000000000000000e+04 7.621933874359689453e-07
4.620800000000000000e+04 7.621933874359689453e-07
4.633600000000000000e+04 6.024024034051118003e-07
4.646400000000000000e+04 6.024024034051118003e-07
4.659200000000000000e+04 6.024024034051118003e-07
4.672000000000000000e+04 6.024024034051118003e-07
4.684800000000000000e+04 6.024024034051118003e-07
4.697600000000000000e+04 6.024024034051118003e-07
4.710400000000000000e+04 6.024024034051118003e-07
4.723200000000000000e+04 6.024024034051118003e-07
4.736000000000000000e+04 6.024024034051118003e-07
4.748800000000000000e+04 6.024024034051118003e-07
4.761600000000000000e+04 6.024024034051118003e-07
4.774400000000000000e+04 6.024024034051118003e-07
4.787200000000000000e+04 6.024024034051118003e-07
4.800000000000000000e+04 6.024024034051118003e-07
4.812800000000000000e+04 6.024024034051118003e-07
4.825600000000000000e+04 3.685270255804333900e-07
4.838400000000000000e+04 3.685270255804333900e-07
4.851200000000000000e+04 3.685270255804333900e-07
4.864000000000000000e+04 3.685270255804333900e-07
4.876800000000000000e+04 3.685270255804333900e-07
4.889600000000000000e+04 1.978695516793244439e-07
4.902400000000000000e+04 1.978695516793244439e-07
4.915200000000000000e+04 1.978695516793244439e-07
4.928000000000000000e+04 5.762345583525984641e-08
4.940800000000000000e+04 5.762345583525984641e-08
4.953600000000000000e+04 5.762345583525984641e-08
4.966400000000000000e+04 5.762345583525984641e-08
4.979200000000000000e+04 5.762345583525984641e-08
4.992000000000000000e+04 5.762345583525984641e-08
5.004800000000000000e+04 5.762345583525984641e-08
5.017600000000000000e+04 5.762345583525984641e-08
5.030400000000000000e+04 5.762345583525984641e-08
5.043200000000000000e+04 5.762345583525984641e-08
5.056000000000000000e+04 5.762345583525984641e-08
5.068800000000000000e+04 5.762345583525984641e-08
5.081600000000000000e+04 5.762345583525984641e-08
5.094400000000000000e+04 5.762345583525984641e-08
5.107200000000000000e+04 5.762345583525984641e-08
5.120000000000000000e+04 5.762345583525984641e-08
5.132800000000000000e+04 5.762345583525984641e-08
5.145600000000000000e+04 5.762345583525984641e-08
5.158400000000000000e+04 5.762345583525984641e-08
5.171200000000000000e+04 5.762345583525984641e-08
5.184000000000000000e+04 5.762345583525984641e-08
5.196800000000000000e+04 5.762345583525984641e-08
5.209600000000000000e+04 5.762345583525984641e-08
5.222400000000000000e+04 5.762345583525984641e-08
5.235200000000000000e+04 5.762345583525984641e-08
5.248000000000000000e+04 5.762345583525984641e-08
5.260800000000000000e+04 5.565460408284905083e-08
5.273600000000000000e+04 5.565460408284905083e-08
5.286400000000000000e+04 4.389136998222397258e-08
5.299200000000000000e+04 4.389136998222397258e-08
5.312000000000000000e+04 3.530427900298711722e-08
5.324800000000000000e+04 3.530427900298711722e-08
5.337600000000000000e+04 3.530427900298711722e-08
5.350400000000000000e+04 3.530427900298711722e-08
5.363200000000000000e+04 3.530427900298711722e-08
5.376000000000000000e+04 3.530427900298711722e-08
5.388800000000000000e+04 3.212236384297619672e-08
5.401600000000000000e+04 2.987208122985720712e-08
5.414400000000000000e+04 2.987208122985720712e-08
5.427200000000000000e+04 2.987208122985720712e-08
5.440000000000000000e+04 2.987208122985720712e-08
5.452800000000000000e+04 2.987208122985720712e-08
5.465600000000000000e+04 2.987208122985720712e-08
5.478400000000000000e+04 2.662476667811070518e-08
5.491200000000000000e+04 2.662476667811070518e-08
5.504000000000000000e+04 2.662476667811070518e-08
5.516800000000000000e+04 2.615966076641604533e-08
5.529600000000000000e+04 2.327648632515713722e-08
5.542400000000000000e+04 2.327648632515713722e-08
5.555200000000000000e+04 1.536522814562007672e-08
5.568000000000000000e+04 1.269759862636998692e-08
5.580800000000000000e+04 1.269759862636998692e-08
5.593600000000000000e+04 1.269759862636998692e-08
5.606400000000000000e+04 1.269759862636998692e-08
5.619200000000000000e+04 1.269759862636998692e-08
5.632000000000000000e+04 1.066894999274996216e-08
5.644800000000000000e+04 1.066894999274996216e-08
5.657600000000000000e+04 1.066894999274996216e-08
5.670400000000000000e+04 1.066894999274996216e-08
5.683200000000000000e+04 1.066894999274996216e-08
5.696000000000000000e+04 1.066894999274996216e-08
5.708800000000000000e+04 1.066894999274996216e-08
5.721600000000000000e+04 8.295810172335721320e-09
5.734400000000000000e+04 8.295810172335721320e-09
5.747200000000000000e+04 8.295810172335721320e-09
5.760000000000000000e+04 8.295810172335721320e-09
5.772800000000000000e+04 8.295810172335721320e-09
5.785600000000000000e+04 7.579132755407461349e-09
5.798400000000000000e+04 7.579132755407461349e-09
5.811200000000000000e+04 7.579132755407461349e-09
5.824000000000000000e+04 6.679133369886821624e-09
5.836800000000000000e+04 6.679133369886821624e-09
5.849600000000000000e+04 5.166879217976799857e-09
5.862400000000000000e+04 5.166879217976799857e-09
5.875200000000000000e+04 5.166879217976799857e-09
5.888000000000000000e+04 5.166879217976799857e-09
5.900800000000000000e+04 5.166879217976799857e-09
5.913600000000000000e+04 5.166879217976799857e-09
5.926400000000000000e+04 4.903166552995744057e-09
5.939200000000000000e+04 4.903166552995744057e-09
5.952000000000000000e+04 4.903166552995744057e-09
5.964800000000000000e+04 3.522074858225105073e-09
5.977600000000000000e+04 3.522074858225105073e-09
5.990400000000000000e+04 3.522074858225105073e-09
6.003200000000000000e+04 3.220184843907633051e-09
6.016000000000000000e+04 3.220184843907633051e-09
6.028800000000000000e+04 3.220184843907633051e-09
6.041600000000000000e+04 2.970344386254762155e-09
6.054400000000000000e+04 1.870107481835378753e-09
6.067200000000000000e+04 1.870107481835378753e-09
6.080000000000000000e+04 1.201490152432706956e-09
6.092800000000000000e+04 1.201490152432706956e-09
6.105600000000000000e+04 1.190377955611246218e-09
6.118400000000000000e+04 1.190377955611246218e-09
6.131200000000000000e+04 1.113788043535611364e-09
6.144000000000000000e+04 1.113788043535611364e-09
6.156800000000000000e+04 1.113788043535611364e-09
6.169600000000000000e+04 1.113788043535611364e-09
6.182400000000000000e+04 1.113788043535611364e-09
6.195200000000000000e+04 1.113788043535611364e-09
6.208000000000000000e+04 7.392990745860717240e-10
6.220800000000000000e+04 7.392990745860717240e-10
6.233600000000000000e+04 7.392990745860717240e-10
6.246400000000000000e+04 7.392990745860717240e-10
6.259200000000000000e+04 7.392990745860717240e-10
6.272000000000000000e+04 7.392990745860717240e-10
6.284800000000000000e+04 7.392990745860717240e-10
6.297600000000000000e+04 7.392990745860717240e-10
6.310400000000000000e+04 7.392990745860717240e-10
6.323200000000000000e+04 7.392990745860717240e-10
6.336000000000000000e+04 7.392990745860717240e-10
6.348800000000000000e+04 7.392990745860717240e-10
6.361600000000000000e+04 7.392990745860717240e-10
6.374400000000000000e+04 4.927566689680415372e-10
6.387200000000000000e+04 4.927566689680415372e-10
6.400000000000000000e+04 4.927566689680415372e-10
6.412800000000000000e+04 4.927566689680415372e-10
6.425600000000000000e+04 4.927566689680415372e-10
6.438400000000000000e+04 4.927566689680415372e-10
6.451200000000000000e+04 4.927566689680415372e-10
6.464000000000000000e+04 4.927566689680415372e-10
6.476800000000000000e+04 2.238707524747049878e-10
6.489600000000000000e+04 2.238707524747049878e-10
6.502400000000000000e+04 2.238707524747049878e-10
6.515200000000000000e+04 2.238707524747049878e-10
6.528000000000000000e+04 2.238707524747049878e-10
6.540800000000000000e+04 2.238707524747049878e-10
6.553600000000000000e+04 2.238707524747049878e-10
6.566400000000000000e+04 2.238707524747049878e-10
6.579200000000000000e+04 2.238707524747049878e-10
6.592000000000000000e+04 2.238707524747049878e-10
6.604800000000000000e+04 2.238707524747049878e-10
6.617600000000000000e+04 2.238707524747049878e-10
6.630400000000000000e+04 1.679211939668124326e-10
6.643200000000000000e+04 1.679211939668124326e-10
6.656000000000000000e+04 1.679211939668124326e-10
6.668800000000000000e+04 1.679211939668124326e-10
6.681600000000000000e+04 1.679211939668124326e-10
6.694400000000000000e+04 1.679211939668124326e-10
6.707200000000000000e+04 1.679211939668124326e-10
6.720000000000000000e+04 1.679211939668124326e-10
6.732800000000000000e+04 1.679211939668124326e-10
6.745600000000000000e+04 1.327452547804430928e-10
6.758400000000000000e+04 1.327452547804430928e-10
6.771200000000000000e+04 1.327452547804430928e-10
6.784000000000000000e+04 1.327452547804430928e-10
6.796800000000000000e+04 1.327452547804430928e-10
6.809600000000000000e+04 1.327452547804430928e-10
6.822400000000000000e+04 1.327452547804430928e-10
6.835200000000000000e+04 1.327452547804430928e-10
6.848000000000000000e+04 1.131347799047456106e-10
6.860800000000000000e+04 1.131347799047456106e-10
6.873600000000000000e+04 1.131347799047456106e-10
6.886400000000000000e+04 1.131347799047456106e-10
6.899200000000000000e+04 1.099277369001625387e-10
6.912000000000000000e+04 9.291487352703143957e-11
6.924800000000000000e+04 9.291487352703143957e-11
6.937600000000000000e+04 7.826239536078287884e-11
6.950400000000000000e+04 7.826239536078287884e-11
6.963200000000000000e+04 7.826239536078287884e-11
6.976000000000000000e+04 3.438176907476722246e-11
6.988800000000000000e+04 3.438176907476722246e-11
7.001600000000000000e+04 3.438176907476722246e-11
7.014400000000000000e+04 3.438176907476722246e-11
7.027200000000000000e+04 3.438176907476722246e-11
7.040000000000000000e+04 3.438176907476722246e-11
7.052800000000000000e+04 3.438176907476722246e-11
7.065600000000000000e+04 3.438176907476722246e-11
7.078400000000000000e+04 3.438176907476722246e-11
7.091200000000000000e+04 3.438176907476722246e-11
7.104000000000000000e+04 2.400119685426271591e-11
7.116800000000000000e+04 2.400119685426271591e-11
7.129600000000000000e+04 2.400119685426271591e-11
7.142400000000000000e+04 2.400119685426271591e-11
7.155200000000000000e+04 2.400119685426271591e-11
7.168000000000000000e+04 2.379012610299344173e-11
7.180800000000000000e+04 2.379012610299344173e-11
7.193600000000000000e+04 2.379012610299344173e-11
7.206400000000000000e+04 2.379012610299344173e-11
7.219200000000000000e+04 2.346643849693697590e-11
7.232000000000000000e+04 2.346643849693697590e-11
7.244800000000000000e+04 2.346643849693697590e-11
7.257600000000000000e+04 2.346643849693697590e-11
7.270400000000000000e+04 2.346643849693697590e-11
7.283200000000000000e+04 2.275959432004344494e-11
7.296000000000000000e+04 2.268994026218446482e-11
7.308800000000000000e+04 2.268994026218446482e-11
7.321600000000000000e+04 1.503410594808489162e-11
7.334400000000000000e+04 1.503410594808489162e-11
7.347200000000000000e+04 1.503410594808489162e-11
7.360000000000000000e+04 1.503410594808489162e-11
7.372800000000000000e+04 1.503410594808489162e-11
7.385600000000000000e+04 1.503410594808489162e-11
7.398400000000000000e+04 1.503410594808489162e-11
7.411200000000000000e+04 1.101176912536551724e-11
7.424000000000000000e+04 1.101176912536551724e-11
7.436800000000000000e+04 1.101176912536551724e-11
7.449600000000000000e+04 9.753349881835582450e-12
7.462400000000000000e+04 7.251965794129100794e-12
7.475200000000000000e+04 7.251965794129100794e-12
7.488000000000000000e+04 3.430545954039788394e-12
7.500800000000000000e+04 3.430545954039788394e-12
7.513600000000000000e+04 3.430545954039788394e-12
7.526400000000000000e+04 3.430545954039788394e-12
7.539200000000000000e+04 3.430545954039788394e-12
7.552000000000000000e+04 3.272248227671239739e-12
7.564800000000000000e+04 3.272248227671239739e-12
7.577600000000000000e+04 3.272248227671239739e-12
7.590400000000000000e+04 3.272248227671239739e-12
7.603200000000000000e+04 3.272248227671239739e-12
7.616000000000000000e+04 3.272248227671239739e-12
7.628800000000000000e+04 3.272248227671239739e-12
7.641600000000000000e+04 1.229440348219423514e-12
7.654400000000000000e+04 1.229440348219423514e-12
7.667200000000000000e+04 1.229440348219423514e-12
7.680000000000000000e+04 1.229440348219423514e-12
7.692800000000000000e+04 1.229440348219423514e-12
7.705600000000000000e+04 1.229440348219423514e-12
7.718400000000000000e+04 1.229440348219423514e-12
7.731200000000000000e+04 1.229440348219423514e-12
7.744000000000000000e+04 1.229440348219423514e-12
7.756800000000000000e+04 1.229440348219423514e-12
7.769600000000000000e+04 1.229440348219423514e-12
7.782400000000000000e+04 1.026515882267934195e-12
7.795200000000000000e+04 1.026515882267934195e-12
7.808000000000000000e+04 1.026515882267934195e-12
7.820800000000000000e+04 1.026515882267934195e-12
7.833600000000000000e+04 1.026515882267934195e-12
7.846400000000000000e+04 1.026515882267934195e-12
7.859200000000000000e+04 1.026515882267934195e-12
7.872000000000000000e+04 1.026515882267934195e-12
7.884800000000000000e+04 8.470498663018099751e-13
7.897600000000000000e+04 8.470498663018099751e-13
7.910400000000000000e+04 8.470498663018099751e-13
7.923200000000000000e+04 8.470498663018099751e-13
7.936000000000000000e+04 7.765453475806457458e-13
7.948800000000000000e+04 7.765453475806457458e-13
7.961600000000000000e+04 7.765453475806457458e-13
7.974400000000000000e+04 7.765453475806457458e-13
7.987200000000000000e+04 7.765453475806457458e-13
8.000000000000000000e+04 3.715403851778229303e-13
8.012800000000000000e+04 3.715403851778229303e-13
8.025600000000000000e+04 3.715403851778229303e-13
8.038400000000000000e+04 3.715403851778229303e-13
8.051200000000000000e+04 3.715403851778229303e-13
8.064000000000000000e+04 3.715403851778229303e-13
8.076800000000000000e+04 3.715403851778229303e-13
8.089600000000000000e+04 3.715403851778229303e-13
8.102400000000000000e+04 3.715403851778229303e-13
8.115200000000000000e+04 3.715403851778229303e-13
8.128000000000000000e+04 3.715403851778229303e-13
8.140800000000000000e+04 3.715403851778229303e-13
8.153600000000000000e+04 3.715403851778229303e-13
8.166400000000000000e+04 3.715403851778229303e-13
8.179200000000000000e+04 3.715403851778229303e-13
8.192000000000000000e+04 2.415498147350398527e-13
8.204800000000000000e+04 2.280203654577189586e-13
8.217600000000000000e+04 2.280203654577189586e-13
8.230400000000000000e+04 2.280203654577189586e-13
8.243200000000000000e+04 2.280203654577189586e-13
8.256000000000000000e+04 1.848416927176615474e-13
8.268800000000000000e+04 1.848416927176615474e-13
8.281600000000000000e+04 1.848416927176615474e-13
8.294400000000000000e+04 1.848416927176615474e-13
8.307200000000000000e+04 1.419862719082457312e-13
8.320000000000000000e+04 1.419862719082457312e-13
8.332800000000000000e+04 1.419862719082457312e-13
8.345600000000000000e+04 1.419862719082457312e-13
8.358400000000000000e+04 1.419862719082457312e-13
8.371200000000000000e+04 1.419862719082457312e-13
8.384000000000000000e+04 1.419862719082457312e-13
8.396800000000000000e+04 1.419862719082457312e-13
8.409600000000000000e+04 1.411373734837152238e-13
8.422400000000000000e+04 1.286182915395653063e-13
8.435200000000000000e+04 1.286182915395653063e-13
8.448000000000000000e+04 1.286182915395653063e-13
8.460800000000000000e+04 1.271276831650026695e-13
8.473600000000000000e+04 1.201948158200525296e-13
8.486400000000000000e+04 1.176272836217881074e-13
8.499200000000000000e+04 7.673268926854802439e-14
8.512000000000000000e+04 7.673268926854802439e-14
8.524800000000000000e+04 7.673268926854802439e-14
8.537600000000000000e+04 7.673268926854802439e-14
8.550400000000000000e+04 7.236484983779963788e-14
8.563200000000000000e+04 5.562092614230264816e-14
8.576000000000000000e+04 5.562092614230264816e-14
8.588800000000000000e+04 5.349569167065768305e-14
8.601600000000000000e+04 5.349569167065768305e-14
8.614400000000000000e+04 5.349569167065768305e-14
8.627200000000000000e+04 5.349569167065768305e-14
8.640000000000000000e+04 2.921437859318730560e-14
8.652800000000000000e+04 2.921437859318730560e-14
8.665600000000000000e+04 2.921437859318730560e-14
8.678400000000000000e+04 2.563907893188569813e-14
8.691200000000000000e+04 1.621522735845233092e-14
8.704000000000000000e+04 1.621522735845233092e-14
8.716800000000000000e+04 1.621522735845233092e-14
8.729600000000000000e+04 1.621522735845233092e-14
8.742400000000000000e+04 1.621522735845233092e-14
8.755200000000000000e+04 1.621522735845233092e-14
8.768000000000000000e+04 1.621522735845233092e-14
8.780800000000000000e+04 1.621522735845233092e-14
8.793600000000000000e+04 1.621522735845233092e-14
8.806400000000000000e+04 1.621522735845233092e-14
8.819200000000000000e+04 1.621522735845233092e-14
8.832000000000000000e+04 1.621522735845233092e-14
8.844800000000000000e+04 1.621522735845233092e-14
8.857600000000000000e+04 1.621522735845233092e-14
8.870400000000000000e+04 1.621522735845233092e-14
8.883200000000000000e+04 1.621522735845233092e-14
8.896000000000000000e+04 1.621522735845233092e-14
8.908800000000000000e+04 1.621522735845233092e-14
8.921600000000000000e+04 1.621522735845233092e-14
8.934400000000000000e+04 1.621522735845233092e-14
8.947200000000000000e+04 1.621522735845233092e-14
8.960000000000000000e+04 1.621522735845233092e-14
8.972800000000000000e+04 1.621522735845233092e-14
8.985600000000000000e+04 1.621522735845233092e-14
8.998400000000000000e+04 1.621522735845233092e-14
9.011200000000000000e+04 1.512559538272084943e-14
9.024000000000000000e+04 1.359066956056568554e-14
9.036800000000000000e+04 1.359066956056568554e-14
9.049600000000000000e+04 1.359066956056568554e-14
9.062400000000000000e+04 1.359066956056568554e-14
9.075200000000000000e+04 1.085393188669488708e-14
9.088000000000000000e+04 1.085393188669488708e-14
9.100800000000000000e+04 6.102317893896034632e-15
9.113600000000000000e+04 6.102317893896034632e-15
9.126400000000000000e+04 6.102317893896034632e-15
9.139200000000000000e+04 6.102317893896034632e-15
9.152000000000000000e+04 6.102317893896034632e-15
9.164800000000000000e+04 6.102317893896034632e-15
9.177600000000000000e+04 6.102317893896034632e-15
9.190400000000000000e+04 5.809533645712790743e-15
9.203200000000000000e+04 5.102369445604087021e-15
9.216000000000000000e+04 5.102369445604087021e-15
9.228800000000000000e+04 5.102369445604087021e-15
9.241600000000000000e+04 5.102369445604087021e-15
9.254400000000000000e+04 5.102369445604087021e-15
9.267200000000000000e+04 5.102369445604087021e-15
9.280000000000000000e+04 5.102369445604087021e-15
9.292800000000000000e+04 5.102369445604087021e-15
9.305600000000000000e+04 5.102369445604087021e-15
9.318400000000000000e+04 5.102369445604087021e-15
9.331200000000000000e+04 5.102369445604087021e-15
9.344000000000000000e+04 5.102369445604087021e-15
9.356800000000000000e+04 4.674187529044328917e-15
9.369600000000000000e+04 4.674187529044328917e-15
9.382400000000000000e+04 4.674187529044328917e-15
9.395200000000000000e+04 4.674187529044328917e-15
9.408000000000000000e+04 3.333881856046162593e-15
9.420800000000000000e+04 1.965271603372583296e-15
9.433600000000000000e+04 1.965271603372583296e-15
9.446400000000000000e+04 1.557775388231171196e-15
9.459200000000000000e+04 1.557775388231171196e-15
9.472000000000000000e+04 1.557775388231171196e-15
9.484800000000000000e+04 1.557775388231171196e-15
9.497600000000000000e+04 1.557775388231171196e-15
9.510400000000000000e+04 1.557775388231171196e-15
9.523200000000000000e+04 1.557775388231171196e-15
9.536000000000000000e+04 1.557775388231171196e-15
9.548800000000000000e+04 1.557775388231171196e-15
9.561600000000000000e+04 1.557775388231171196e-15
9.574400000000000000e+04 1.545531718793721804e-15
9.587200000000000000e+04 1.545531718793721804e-15
9.600000000000000000e+04 1.545531718793721804e-15
9.612800000000000000e+04 1.358904179772708160e-15
9.625600000000000000e+04 1.358904179772708160e-15
9.638400000000000000e+04 1.358904179772708160e-15
9.651200000000000000e+04 1.358904179772708160e-15
9.664000000000000000e+04 1.190154058176317356e-15
9.676800000000000000e+04 1.190154058176317356e-15
9.689600000000000000e+04 1.190154058176317356e-15
9.702400000000000000e+04 1.164859869520351648e-15
9.715200000000000000e+04 1.164859869520351648e-15
9.728000000000000000e+04 1.164859869520351648e-15
9.740800000000000000e+04 1.164859869520351648e-15
9.753600000000000000e+04 1.164859869520351648e-15
9.766400000000000000e+04 1.164859869520351648e-15
9.779200000000000000e+04 1.164859869520351648e-15
9.792000000000000000e+04 7.721074291895253973e-16
9.804800000000000000e+04 7.721074291895253973e-16
9.817600000000000000e+04 7.721074291895253973e-16
9.830400000000000000e+04 7.721074291895253973e-16
9.843200000000000000e+04 7.721074291895253973e-16
9.856000000000000000e+04 7.721074291895253973e-16
9.868800000000000000e+04 7.721074291895253973e-16
9.881600000000000000e+04 7.632387281119308285e-16
9.894400000000000000e+04 7.632387281119308285e-16
9.907200000000000000e+04 6.094880769730137200e-16
9.920000000000000000e+04 6.094880769730137200e-16
9.932800000000000000e+04 6.094880769730137200e-16
9.945600000000000000e+04 6.094880769730137200e-16
9.958400000000000000e+04 6.094880769730137200e-16
9.971200000000000000e+04 4.701751110251315235e-16
9.984000000000000000e+04 3.990251695862622550e-16
9.996800000000000000e+04 3.990251695862622550e-16
1.000960000000000000e+05 3.990251695862622550e-16
