1.280000000000000000e+02 2.606484839359529815e+01
2.560000000000000000e+02 2.271753961814583178e+01
3.840000000000000000e+02 2.271753961814583178e+01
5.120000000000000000e+02 2.271753961814583178e+01
6.400000000000000000e+02 2.271753961814583178e+01
7.680000000000000000e+02 2.271753961814583178e+01
8.960000000000000000e+02 2.271753961814583178e+01
1.024000000000000000e+03 2.012536701743779588e+01
1.152000000000000000e+03 1.378118080386240862e+01
1.280000000000000000e+03 1.378118080386240862e+01
1.408000000000000000e+03 7.788521351839807316e+00
1.536000000000000000e+03 7.788521351839807316e+00
1.664000000000000000e+03 7.788521351839807316e+00
1.792000000000000000e+03 7.788521351839807316e+00
1.920000000000000000e+03 7.788521351839807316e+00
2.048000000000000000e+03 7.788521351839807316e+00
2.176000000000000000e+03 7.788521351839807316e+00
2.304000000000000000e+03 7.788521351839807316e+00
2.432000000000000000e+03 7.788521351839807316e+00
2.560000000000000000e+03 7.788521351839807316e+00
2.688000000000000000e+03 7.788521351839807316e+00
2.816000000000000000e+03 7.788521351839807316e+00
2.944000000000000000e+03 7.788521351839807316e+00
3.072000000000000000e+03 7.016319083732629025e+00
3.200000000000000000e+03 7.016319083732629025e+00
3.328000000000000000e+03 7.016319083732629025e+00
3.456000000000000000e+03 7.016319083732629025e+00
3.584000000000000000e+03 7.016319083732629025e+00
3.712000000000000000e+03 5.817475514080408416e+00
3.840000000000000000e+03 5.817475514080408416e+00
3.968000000000000000e+03 5.817475514080408416e+00
4.096000000000000000e+03 3.939408185425220754e+00
4.224000000000000000e+03 3.939408185425220754e+00
4.352000000000000000e+03 3.939408185425220754e+00
4.480000000000000000e+03 3.939408185425220754e+00
4.608000000000000000e+03 3.939408185425220754e+00
4.736000000000000000e+03 3.939408185425220754e+00
4.864000000000000000e+03 3.939408185425220754e+00
4.992000000000000000e+03 3.939408185425220754e+00
5.120000000000000000e+03 3.213593784247323892e+00
5.248000000000000000e+03 3.129815895916216562e+00
5.376000000000000000e+03 3.129815895916216562e+00
5.504000000000000000e+03 2.842049925527690313e+00
5.632000000000000000e+03 2.842049925527690313e+00
5.760000000000000000e+03 2.842049925527690313e+00
5.888000000000000000e+03 2.842049925527690313e+00
6.016000000000000000e+03 1.998659623599063018e+00
6.144000000000000000e+03 1.998659623599063018e+00
6.272000000000000000e+03 1.998659623599063018e+00
6.400000000000000000e+03 1.998659623599063018e+00
6.528000000000000000e+03 1.998659623599063018e+00
6.656000000000000000e+03 1.998659623599063018e+00
6.784000000000000000e+03 1.998659623599063018e+00
6.912000000000000000e+03 1.998659623599063018e+00
7.040000000000000000e+03 1.983429012785180134e+00
7.168000000000000000e+03 1.983429012785180134e+00
7.296000000000000000e+03 1.983429012785180134e+00
7.424000000000000000e+03 1.983429012785180134e+00
7.552000000000000000e+03 1.983429012785180134e+00
7.680000000000000000e+03 1.983429012785180134e+00
7.808000000000000000e+03 1.983429012785180134e+00
7.936000000000000000e+03 1.612251246709556884e+00
8.064000000000000000e+03 1.612251246709556884e+00
8.192000000000000000e+03 1.075100863785779071e+00
8.320000000000000000e+03 1.075100863785779071e+00
8.448000000000000000e+03 6.970082319401877946e-01
8.576000000000000000e+03 6.970082319401877946e-01
8.704000000000000000e+03 6.970082319401877946e-01
8.832000000000000000e+03 6.970082319401877946e-01
8.960000000000000000e+03 6.970082319401877946e-01
9.088000000000000000e+03 6.970082319401877946e-01
9.216000000000000000e+03 6.970082319401877946e-01
9.344000000000000000e+03 6.970082319401877946e-01
9.472000000000000000e+03 6.970082319401877946e-01
9.600000000000000000e+03 6.970082319401877946e-01
9.728000000000000000e+03 4.813114562161820431e-01
9.856000000000000000e+03 4.813114562161820431e-01
9.984000000000000000e+03 4.487643582765341588e-01
1.011200000000000000e+04 3.840853681520452478e-01
1.024000000000000000e+04 3.840853681520452478e-01
1.036800000000000000e+04 3.840853681520452478e-01
1.049600000000000000e+04 3.840853681520452478e-01
1.062400000000000000e+04 2.651167679204334826e-01
1.075200000000000000e+04 2.651167679204334826e-01
1.088000000000000000e+04 2.651167679204334826e-01
1.100800000000000000e+04 2.651167679204334826e-01
1.113600000000000000e+04 2.651167679204334826e-01
1.126400000000000000e+04 2.651167679204334826e-01
1.139200000000000000e+04 2.651167679204334826e-01
1.152000000000000000e+04 2.651167679204334826e-01
1.164800000000000000e+04 2.651167679204334826e-01
1.177600000000000000e+04 2.651167679204334826e-01
1.190400000000000000e+04 2.651167679204334826e-01
1.203200000000000000e+04 2.651167679204334826e-01
1.216000000000000000e+04 2.647634284781962277e-01
1.228800000000000000e+04 2.647634284781962277e-01
1.241600000000000000e+04 2.647634284781962277e-01
1.254400000000000000e+04 2.647634284781962277e-01
1.267200000000000000e+04 2.395839089407520439e-01
1.280000000000000000e+04 2.395839089407520439e-01
1.292800000000000000e+04 2.395839089407520439e-01
1.305600000000000000e+04 2.284634896325073439e-01
1.318400000000000000e+04 2.284634896325073439e-01
1.331200000000000000e+04 2.284634896325073439e-01
1.344000000000000000e+04 1.718164672045969510e-01
1.356800000000000000e+04 1.718164672045969510e-01
1.369600000000000000e+04 1.718164672045969510e-01
1.382400000000000000e+04 1.511405964505351807e-01
1.395200000000000000e+04 1.502193197642752720e-01
1.408000000000000000e+04 1.105167895860589972e-01
1.420800000000000000e+04 1.105167895860589972e-01
1.433600000000000000e+04 1.105167895860589972e-01
1.446400000000000000e+04 8.377912290736164169e-02
1.459200000000000000e+04 8.377912290736164169e-02
1.472000000000000000e+04 6.448079904445425115e-02
1.484800000000000000e+04 6.448079904445425115e-02
1.497600000000000000e+04 6.448079904445425115e-02
1.510400000000000000e+04 6.448079904445425115e-02
1.523200000000000000e+04 6.448079904445425115e-02
1.536000000000000000e+04 6.448079904445425115e-02
1.548800000000000000e+04 6.448079904445425115e-02
1.561600000000000000e+04 6.079397146115566447e-02
1.574400000000000000e+04 6.079397146115566447e-02
1.587200000000000000e+04 4.804013023017453948e-02
1.600000000000000000e+04 4.804013023017453948e-02
1.612800000000000000e+04 4.411790214776812463e-02
1.625600000000000000e+04 4.411790214776812463e-02
1.638400000000000000e+04 4.411790214776812463e-02
1.651200000000000000e+04 4.411790214776812463e-02
1.664000000000000000e+04 4.411790214776812463e-02
1.676800000000000000e+04 4.411790214776812463e-02
1.689600000000000000e+04 4.411790214776812463e-02
1.702400000000000000e+04 4.411790214776812463e-02
1.715200000000000000e+04 2.784985301466011420e-02
1.728000000000000000e+04 2.784985301466011420e-02
1.740800000000000000e+04 2.784985301466011420e-02
1.753600000000000000e+04 2.784985301466011420e-02
1.766400000000000000e+04 2.784985301466011420e-02
1.779200000000000000e+04 2.784985301466011420e-02
1.792000000000000000e+04 2.107879413743614719e-02
1.804800000000000000e+04 2.107879413743614719e-02
1.817600000000000000e+04 2.107879413743614719e-02
1.830400000000000000e+04 1.763794481713209725e-02
1.843200000000000000e+04 1.763794481713209725e-02
1.856000000000000000e+04 1.654752889953960485e-02
1.868800000000000000e+04 1.654752889953960485e-02
1.881600000000000000e+04 1.654752889953960485e-02
1.894400000000000000e+04 1.654752889953960485e-02
1.907200000000000000e+04 1.549236417146437894e-02
1.920000000000000000e+04 1.549236417146437894e-02
1.932800000000000000e+04 1.549236417146437894e-02
1.945600000000000000e+04 8.833434216186309557e-03
1.958400000000000000e+04 8.833434216186309557e-03
1.971200000000000000e+04 8.833434216186309557e-03
1.984000000000000000e+04 8.833434216186309557e-03
1.996800000000000000e+04 8.833434216186309557e-03
2.009600000000000000e+04 8.833434216186309557e-03
2.022400000000000000e+04 8.833434216186309557e-03
2.035200000000000000e+04 8.833434216186309557e-03
2.048000000000000000e+04 8.833434216186309557e-03
2.060800000000000000e+04 8.833434216186309557e-03
2.073600000000000000e+04 6.125961098463422391e-03
2.086400000000000000e+04 6.125961098463422391e-03
2.099200000000000000e+04 6.125961098463422391e-03
2.112000000000000000e+04 6.125961098463422391e-03
2.124800000000000000e+04 6.125961098463422391e-03
2.137600000000000000e+04 3.160433177714328315e-03
2.150400000000000000e+04 3.160433177714328315e-03
2.163200000000000000e+04 3.160433177714328315e-03
2.176000000000000000e+04 3.160433177714328315e-03
2.188800000000000000e+04 3.160433177714328315e-03
2.201600000000000000e+04 2.937689833490000815e-03
2.214400000000000000e+04 2.937689833490000815e-03
2.227200000000000000e+04 2.937689833490000815e-03
2.240000000000000000e+04 2.937689833490000815e-03
2.252800000000000000e+04 2.937689833490000815e-03
2.265600000000000000e+04 2.253772886749827453e-03
2.278400000000000000e+04 2.253772886749827453e-03
2.291200000000000000e+04 1.925411290927873508e-03
2.304000000000000000e+04 1.109087014354578427e-03
2.316800000000000000e+04 1.109087014354578427e-03
2.329600000000000000e+04 1.109087014354578427e-03
2.342400000000000000e+04 8.850838576266690594e-04
2.355200000000000000e+04 8.850838576266690594e-04
2.368000000000000000e+04 8.850838576266690594e-04
2.380800000000000000e+04 8.850838576266690594e-04
2.393600000000000000e+04 8.850838576266690594e-04
2.406400000000000000e+04 8.850838576266690594e-04
2.419200000000000000e+04 8.850838576266690594e-04
2.432000000000000000e+04 8.850838576266690594e-04
2.444800000000000000e+04 8.414139008908595816e-04
2.457600000000000000e+04 8.414139008908595816e-04
2.470400000000000000e+04 8.414139008908595816e-04
2.483200000000000000e+04 8.414139008908595816e-04
2.496000000000000000e+04 8.414139008908595816e-04
2.508800000000000000e+04 8.414139008908595816e-04
2.521600000000000000e+04 8.414139008908595816e-04
2.534400000000000000e+04 8.414139008908595816e-04
2.547200000000000000e+04 8.414139008908595816e-04
2.560000000000000000e+04 8.414139008908595816e-04
2.572800000000000000e+04 8.414139008908595816e-04
2.585600000000000000e+04 8.326096802802128004e-04
2.598400000000000000e+04 6.028709932936552598e-04
2.611200000000000000e+04 4.902566638430698193e-04
2.624000000000000000e+04 4.902566638430698193e-04
2.636800000000000000e+04 4.902566638430698193e-04
2.649600000000000000e+04 4.902566638430698193e-04
2.662400000000000000e+04 4.902566638430698193e-04
2.675200000000000000e+04 4.902566638430698193e-04
2.688000000000000000e+04 4.902566638430698193e-04
2.700800000000000000e+04 4.902566638430698193e-04
2.713600000000000000e+04 4.902566638430698193e-04
2.726400000000000000e+04 3.573684429935982906e-04
2.739200000000000000e+04 3.341836256221004530e-04
2.752000000000000000e+04 3.341836256221004530e-04
2.764800000000000000e+04 3.341836256221004530e-04
2.777600000000000000e+04 3.341836256221004530e-04
2.790400000000000000e+04 3.341836256221004530e-04
2.803200000000000000e+04 3.341836256221004530e-04
2.816000000000000000e+04 3.341836256221004530e-04
2.828800000000000000e+04 3.341836256221004530e-04
2.841600000000000000e+04 3.341836256221004530e-04
2.854400000000000000e+04 3.341836256221004530e-04
2.867200000000000000e+04 3.138120971012927285e-04
2.880000000000000000e+04 3.138120971012927285e-04
2.892800000000000000e+04 2.748864200055452190e-04
2.905600000000000000e+04 2.748864200055452190e-04
2.918400000000000000e+04 1.243340176815496711e-04
2.931200000000000000e+04 1.243340176815496711e-04
2.944000000000000000e+04 1.243340176815496711e-04
2.956800000000000000e+04 1.243340176815496711e-04
2.969600000000000000e+04 1.243340176815496711e-04
2.982400000000000000e+04 1.243340176815496711e-04
2.995200000000000000e+04 1.243340176815496711e-04
3.008000000000000000e+04 1.243340176815496711e-04
3.020800000000000000e+04 1.243340176815496711e-04
3.033600000000000000e+04 1.243340176815496711e-04
3.046400000000000000e+04 1.243340176815496711e-04
3.059200000000000000e+04 1.243340176815496711e-04
3.072000000000000000e+04 1.243340176815496711e-04
3.084800000000000000e+04 1.243340176815496711e-04
3.097600000000000000e+04 1.243340176815496711e-04
3.110400000000000000e+04 1.243340176815496711e-04
3.123200000000000000e+04 1.243340176815496711e-04
3.136000000000000000e+04 7.426611306157825771e-05
3.148800000000000000e+04 7.426611306157825771e-05
3.161600000000000000e+04 7.426611306157825771e-05
3.174400000000000000e+04 7.426611306157825771e-05
3.187200000000000000e+04 7.426611306157825771e-05
3.200000000000000000e+04 7.426611306157825771e-05
3.212800000000000000e+04 7.426611306157825771e-05
3.225600000000000000e+04 7.426611306157825771e-05
3.238400000000000000e+04 7.426611306157825771e-05
3.251200000000000000e+04 7.426611306157825771e-05
3.264000000000000000e+04 7.426611306157825771e-05
3.276800000000000000e+04 6.691394651493117189e-05
3.289600000000000000e+04 4.253201347471265024e-05
3.302400000000000000e+04 4.253201347471265024e-05
3.315200000000000000e+04 4.253201347471265024e-05
3.328000000000000000e+04 4.253201347471265024e-05
3.340800000000000000e+04 4.253201347471265024e-05
3.353600000000000000e+04 4.253201347471265024e-05
3.366400000000000000e+04 4.253201347471265024e-05
3.379200000000000000e+04 4.253201347471265024e-05
3.392000000000000000e+04 4.253201347471265024e-05
3.404800000000000000e+04 4.253201347471265024e-05
3.417600000000000000e+04 4.253201347471265024e-05
3.430400000000000000e+04 4.253201347471265024e-05
3.443200000000000000e+04 4.253201347471265024e-05
3.456000000000000000e+04 4.201563627348666732e-05
3.468800000000000000e+04 4.201563627348666732e-05
3.481600000000000000e+04 4.201563627348666732e-05
3.494400000000000000e+04 4.201563627348666732e-05
3.507200000000000000e+04 3.151129076422970698e-05
3.520000000000000000e+04 2.776217063932400348e-05
3.532800000000000000e+04 2.776217063932400348e-05
3.545600000000000000e+04 2.776217063932400348e-05
3.558400000000000000e+04 2.776217063932400348e-05
3.571200000000000000e+04 2.776217063932400348e-05
3.584000000000000000e+04 2.702517967488378973e-05
3.596800000000000000e+04 2.702517967488378973e-05
3.609600000000000000e+04 2.702517967488378973e-05
3.622400000000000000e+04 2.702517967488378973e-05
3.635200000000000000e+04 2.702517967488378973e-05
3.648000000000000000e+04 2.500183893909620173e-05
3.660800000000000000e+04 1.778977592086428808e-05
3.673600000000000000e+04 1.778977592086428808e-05
3.686400000000000000e+04 1.778977592086428808e-05
3.699200000000000000e+04 1.778977592086428808e-05
3.712000000000000000e+04 1.778977592086428808e-05
3.724800000000000000e+04 1.778977592086428808e-05
3.737600000000000000e+04 1.778977592086428808e-05
3.750400000000000000e+04 1.778977592086428808e-05
3.763200000000000000e+04 1.661900009717795005e-05
3.776000000000000000e+04 6.704057261963180411e-06
3.788800000000000000e+04 6.704057261963180411e-06
3.801600000000000000e+04 6.704057261963180411e-06
3.814400000000000000e+04 6.704057261963180411e-06
3.827200000000000000e+04 6.704057261963180411e-06
3.840000000000000000e+04 6.704057261963180411e-06
3.852800000000000000e+04 6.704057261963180411e-06
3.865600000000000000e+04 3.461556585678464902e-06
3.878400000000000000e+04 3.461556585678464902e-06
3.891200000000000000e+04 3.461556585678464902e-06
3.904000000000000000e+04 3.461556585678464902e-06
3.916800000000000000e+04 3.461556585678464902e-06
3.929600000000000000e+04 3.461556585678464902e-06
3.942400000000000000e+04 2.594199262741038366e-06
3.955200000000000000e+04 2.594199262741038366e-06
3.968000000000000000e+04 2.594199262741038366e-06
3.980800000000000000e+04 2.594199262741038366e-06
3.993600000000000000e+04 2.594199262741038366e-06
4.006400000000000000e+04 2.594199262741038366e-06
4.019200000000000000e+04 2.594199262741038366e-06
4.032000000000000000e+04 2.594199262741038366e-06
4.044800000000000000e+04 2.594199262741038366e-06
4.057600000000000000e+04 1.735458075883912135e-06
4.070400000000000000e+04 1.735458075883912135e-06
4.083200000000000000e+04 1.735458075883912135e-06
4.096000000000000000e+04 1.735458075883912135e-06
4.108800000000000000e+04 1.735458075883912135e-06
4.121600000000000000e+04 1.735458075883912135e-06
4.134400000000000000e+04 1.735458075883912135e-06
4.147200000000000000e+04 1.735458075883912135e-06
4.160000000000000000e+04 1.735458075883912135e-06
4.172800000000000000e+04 1.735458075883912135e-06
4.185600000000000000e+04 1.735458075883912135e-06
4.198400000000000000e+04 1.735458075883912135e-06
4.211200000000000000e+04 1.735458075883912135e-06
4.224000000000000000e+04 1.735458075883912135e-06
4.236800000000000000e+04 1.735458075883912135e-06
4.249600000000000000e+04 1.498305415243704897e-06
4.262400000000000000e+04 1.498305415243704897e-06
4.275200000000000000e+04 1.301351868885622964e-06
4.288000000000000000e+04 1.265845936719585191e-06
4.300800000000000000e+04 1.265845936719585191e-06
4.313600000000000000e+04 1.178236427229518298e-06
4.326400000000000000e+04 1.178236427229518298e-06
4.339200000000000000e+04 7.663503631321211751e-07
4.352000000000000000e+04 7.663503631321211751e-07
4.364800000000000000e+04 7.663503631321211751e-07
4.377600000000000000e+04 7.663503631321211751e-07
4.390400000000000000e+04 6.733399398734028928e-07
4.403200000000000000e+04 5.913410058099036212e-07
4.416000000000000000e+04 5.913410058099036212e-07
4.428800000000000000e+04 5.913410058099036212e-07
4.441600000000000000e+04 5.913410058099036212e-07
4.454400000000000000e+04 5.913410058099036212e-07
4.467200000000000000e+04 5.913410058099036212e-07
4.480000000000000000e+04 5.909595761815948009e-07
4.492800000000000000e+04 5.909595761815948009e-07
4.505600000000000000e+04 5.909595761815948009e-07
4.518400000000000000e+04 5.909595761815948009e-07
4.531200000000000000e+04 5.909595761815948009e-07
4.544000000000000000e+04 5.909595761815948009e-07
4.556800000000000000e+04 5.909595761815948009e-07
4.569600000000000000e+04 4.342614485465388876e-07
4.582400000000000000e+04 4.342614485465388876e-07
4.595200000000000000e+04 4.342614485465388876e-07
4.608000000000000000e+04 4.342614485465388876e-07
4.620800000000000000e+04 3.494399061061873995e-07
4.633600000000000000e+04 3.361224342954458958e-07
4.646400000000000000e+04 3.361224342954458958e-07
4.659200000000000000e+04 3.361224342954458958e-07
4.672000000000000000e+04 3.361224342954458958e-07
4.684800000000000000e+04 3.361224342954458958e-07
4.697600000000000000e+04 3.361224342954458958e-07
4.710400000000000000e+04 3.361224342954458958e-07
4.723200000000000000e+04 3.361224342954458958e-07
4.736000000000000000e+04 3.361224342954458958e-07
4.748800000000000000e+04 2.793044372297738016e-07
4.761600000000000000e+04 2.793044372297738016e-07
4.774400000000000000e+04 1.692268524663286187e-07
4.787200000000000000e+04 1.692268524663286187e-07
4.800000000000000000e+04 1.692268524663286187e-07
4.812800000000000000e+04 1.692268524663286187e-07
4.825600000000000000e+04 1.692268524663286187e-07
4.838400000000000000e+04 1.692268524663286187e-07
4.851200000000000000e+04 1.692268524663286187e-07
4.864000000000000000e+04 1.439571488498100547e-07
4.876800000000000000e+04 1.439571488498100547e-07
4.889600000000000000e+04 1.439571488498100547e-07
4.902400000000000000e+04 1.437579952474991536e-07
4.915200000000000000e+04 1.437579952474991536e-07
4.928000000000000000e+04 1.437579952474991536e-07
4.940800000000000000e+04 1.437579952474991536e-07
4.953600000000000000e+04 1.207297547341263976e-07
4.966400000000000000e+04 1.207297547341263976e-07
4.979200000000000000e+04 1.207297547341263976e-07
4.992000000000000000e+04 7.098400856609415288e-08
5.004800000000000000e+04 7.098400856609415288e-08
5.017600000000000000e+04 7.098400856609415288e-08
5.030400000000000000e+04 7.098400856609415288e-08
5.043200000000000000e+04 7.098400856609415288e-08
5.056000000000000000e+04 7.098400856609415288e-08
5.068800000000000000e+04 7.098400856609415288e-08
5.081600000000000000e+04 7.098400856609415288e-08
5.094400000000000000e+04 7.098400856609415288e-08
5.107200000000000000e+04 7.098400856609415288e-08
5.120000000000000000e+04 7.098400856609415288e-08
5.132800000000000000e+04 6.878400558757999974e-08
5.145600000000000000e+04 4.328102156751308612e-08
5.158400000000000000e+04 4.328102156751308612e-08
5.171200000000000000e+04 4.328102156751308612e-08
5.184000000000000000e+04 4.328102156751308612e-08
5.196800000000000000e+04 4.328102156751308612e-08
5.209600000000000000e+04 4.328102156751308612e-08
5.222400000000000000e+04 4.328102156751308612e-08
5.235200000000000000e+04 3.291061799480826377e-08
5.248000000000000000e+04 3.291061799480826377e-08
5.260800000000000000e+04 3.291061799480826377e-08
5.273600000000000000e+04 3.291061799480826377e-08
5.286400000000000000e+04 3.291061799480826377e-08
5.299200000000000000e+04 3.291061799480826377e-08
5.312000000000000000e+04 3.291061799480826377e-08
5.324800000000000000e+04 3.291061799480826377e-08
5.337600000000000000e+04 3.291061799480826377e-08
5.350400000000000000e+04 3.291061799480826377e-08
5.363200000000000000e+04 3.291061799480826377e-08
5.376000000000000000e+04 3.291061799480826377e-08
5.388800000000000000e+04 3.291061799480826377e-08
5.401600000000000000e+04 3.291061799480826377e-08
5.414400000000000000e+04 3.291061799480826377e-08
5.427200000000000000e+04 3.291061799480826377e-08
5.440000000000000000e+04 3.291061799480826377e-08
5.452800000000000000e+04 3.291061799480826377e-08
5.465600000000000000e+04 3.291061799480826377e-08
5.478400000000000000e+04 2.756290843887224178e-08
5.491200000000000000e+04 2.352708473420545527e-08
5.504000000000000000e+04 2.352708473420545527e-08
5.516800000000000000e+04 2.352708473420545527e-08
5.529600000000000000e+04 2.352708473420545527e-08
5.542400000000000000e+04 2.352708473420545527e-08
5.555200000000000000e+04 1.840227518501049136e-08
5.568000000000000000e+04 1.840227518501049136e-08
5.580800000000000000e+04 1.840227518501049136e-08
5.593600000000000000e+04 7.856743868197206565e-09
5.606400000000000000e+04 7.856743868197206565e-09
5.619200000000000000e+04 7.856743868197206565e-09
5.632000000000000000e+04 7.856743868197206565e-09
5.644800000000000000e+04 7.856743868197206565e-09
5.657600000000000000e+04 7.856743868197206565e-09
5.670400000000000000e+04 7.856743868197206565e-09
5.683200000000000000e+04 7.856743868197206565e-09
5.696000000000000000e+04 7.856743868197206565e-09
5.708800000000000000e+04 7.856743868197206565e-09
5.721600000000000000e+04 7.856743868197206565e-09
5.734400000000000000e+04 7.856743868197206565e-09
5.747200000000000000e+04 7.856743868197206565e-09
5.760000000000000000e+04 7.704891317061793192e-09
5.772800000000000000e+04 7.704891317061793192e-09
5.785600000000000000e+04 7.704891317061793192e-09
5.798400000000000000e+04 7.696540501155498660e-09
5.811200000000000000e+04 7.696540501155498660e-09
5.824000000000000000e+04 6.534193385347907862e-09
5.836800000000000000e+04 6.534193385347907862e-09
5.849600000000000000e+04 6.126095779748306299e-09
5.862400000000000000e+04 6.126095779748306299e-09
5.875200000000000000e+04 4.377648894313078008e-09
5.888000000000000000e+04 4.377648894313078008e-09
5.900800000000000000e+04 4.377648894313078008e-09
5.913600000000000000e+04 4.377648894313078008e-09
5.926400000000000000e+04 4.377648894313078008e-09
5.939200000000000000e+04 4.377648894313078008e-09
5.952000000000000000e+04 4.377648894313078008e-09
5.964800000000000000e+04 4.104919423835760399e-09
5.977600000000000000e+04 4.104919423835760399e-09
5.990400000000000000e+04 4.104919423835760399e-09
6.003200000000000000e+04 4.104919423835760399e-09
6.016000000000000000e+04 4.104919423835760399e-09
6.028800000000000000e+04 4.104919423835760399e-09
6.041600000000000000e+04 4.104919423835760399e-09
6.054400000000000000e+04 3.573102883794128996e-09
6.067200000000000000e+04 3.573102883794128996e-09
6.080000000000000000e+04 3.573102883794128996e-09
6.092800000000000000e+04 3.573102883794128996e-09
6.105600000000000000e+04 2.862575625160476456e-09
6.118400000000000000e+04 1.691639172734284999e-09
6.131200000000000000e+04 1.691639172734284999e-09
6.144000000000000000e+04 1.691639172734284999e-09
6.156800000000000000e+04 1.691639172734284999e-09
6.169600000000000000e+04 1.691639172734284999e-09
6.182400000000000000e+04 1.691639172734284999e-09
6.195200000000000000e+04 1.691639172734284999e-09
6.208000000000000000e+04 1.691639172734284999e-09
6.220800000000000000e+04 1.129526883988749994e-09
6.233600000000000000e+04 1.129526883988749994e-09
6.246400000000000000e+04 7.847644565856496897e-10
6.259200000000000000e+04 7.847644565856496897e-10
6.272000000000000000e+04 7.847644565856496897e-10
6.284800000000000000e+04 7.847644565856496897e-10
6.297600000000000000e+04 7.847644565856496897e-10
6.310400000000000000e+04 7.847644565856496897e-10
6.323200000000000000e+04 7.847644565856496897e-10
6.336000000000000000e+04 7.847644565856496897e-10
6.348800000000000000e+04 4.245252983896623943e-10
6.361600000000000000e+04 4.245252983896623943e-10
6.374400000000000000e+04 4.245252983896623943e-10
6.387200000000000000e+04 4.245252983896623943e-10
6.400000000000000000e+04 4.245252983896623943e-10
6.412800000000000000e+04 4.245252983896623943e-10
6.425600000000000000e+04 4.245252983896623943e-10
6.438400000000000000e+04 4.245252983896623943e-10
6.451200000000000000e+04 4.245252983896623943e-10
6.464000000000000000e+04 4.245252983896623943e-10
6.476800000000000000e+04 4.245252983896623943e-10
6.489600000000000000e+04 4.245252983896623943e-10
6.502400000000000000e+04 4.245252983896623943e-10
6.515200000000000000e+04 4.245252983896623943e-10
6.528000000000000000e+04 4.245252983896623943e-10
6.540800000000000000e+04 4.245252983896623943e-10
6.553600000000000000e+04 4.245252983896623943e-10
6.566400000000000000e+04 3.946745539977157644e-10
6.579200000000000000e+04 3.946745539977157644e-10
6.592000000000000000e+04 3.946745539977157644e-10
6.604800000000000000e+04 2.256409976520434025e-10
6.617600000000000000e+04 2.256409976520434025e-10
6.630400000000000000e+04 2.256409976520434025e-10
6.643200000000000000e+04 2.256409976520434025e-10
6.656000000000000000e+04 2.256409976520434025e-10
6.668800000000000000e+04 2.256409976520434025e-10
6.681600000000000000e+04 2.256409976520434025e-10
6.694400000000000000e+04 2.256409976520434025e-10
6.707200000000000000e+04 2.256409976520434025e-10
6.720000000000000000e+04 2.256409976520434025e-10
6.732800000000000000e+04 2.256409976520434025e-10
6.745600000000000000e+04 2.182978907953051512e-10
6.758400000000000000e+04 2.182978907953051512e-10
6.771200000000000000e+04 1.384297663494085235e-10
6.784000000000000000e+04 1.384297663494085235e-10
6.796800000000000000e+04 1.384297663494085235e-10
6.809600000000000000e+04 1.384297663494085235e-10
6.822400000000000000e+04 1.384297663494085235e-10
6.835200000000000000e+04 1.384297663494085235e-10
6.848000000000000000e+04 1.384297663494085235e-10
6.860800000000000000e+04 1.384297663494085235e-10
6.873600000000000000e+04 1.384297663494085235e-10
6.886400000000000000e+04 1.384297663494085235e-10
6.899200000000000000e+04 1.384297663494085235e-10
6.912000000000000000e+04 1.322206372015199213e-10
6.924800000000000000e+04 1.322206372015199213e-10
6.937600000000000000e+04 1.110309354337030415e-10
6.950400000000000000e+04 1.110309354337030415e-10
6.963200000000000000e+04 1.110309354337030415e-10
6.976000000000000000e+04 1.110309354337030415e-10
6.988800000000000000e+04 1.110309354337030415e-10
7.001600000000000000e+04 1.110309354337030415e-10
7.014400000000000000e+04 1.061642465602738116e-10
7.027200000000000000e+04 9.882199537335354883e-11
7.040000000000000000e+04 9.882199537335354883e-11
7.052800000000000000e+04 9.882199537335354883e-11
7.065600000000000000e+04 9.882199537335354883e-11
7.078400000000000000e+04 9.882199537335354883e-11
7.091200000000000000e+04 9.882199537335354883e-11
7.104000000000000000e+04 9.882199537335354883e-11
7.116800000000000000e+04 9.741051826963892515e-11
7.129600000000000000e+04 6.912817964147516606e-11
7.142400000000000000e+04 6.912817964147516606e-11
7.155200000000000000e+04 5.463526512996392147e-11
7.168000000000000000e+04 5.463526512996392147e-11
7.180800000000000000e+04 5.463526512996392147e-11
7.193600000000000000e+04 5.463526512996392147e-11
7.206400000000000000e+04 5.463526512996392147e-11
7.219200000000000000e+04 5.463526512996392147e-11
7.232000000000000000e+04 5.353354951147528796e-11
7.244800000000000000e+04 3.979160158654654016e-11
7.257600000000000000e+04 3.979160158654654016e-11
7.270400000000000000e+04 3.979160158654654016e-11
7.283200000000000000e+04 2.658487654787321458e-11
7.296000000000000000e+04 2.658487654787321458e-11
7.308800000000000000e+04 2.658487654787321458e-11
7.321600000000000000e+04 2.658487654787321458e-11
7.334400000000000000e+04 2.658487654787321458e-11
7.347200000000000000e+04 2.658487654787321458e-11
7.360000000000000000e+04 2.658487654787321458e-11
7.372800000000000000e+04 2.658487654787321458e-11
7.385600000000000000e+04 2.658487654787321458e-11
7.398400000000000000e+04 2.658487654787321458e-11
7.411200000000000000e+04 2.418013525875011653e-11
7.424000000000000000e+04 2.418013525875011653e-11
7.436800000000000000e+04 2.418013525875011653e-11
7.449600000000000000e+04 2.418013525875011653e-11
7.462400000000000000e+04 2.418013525875011653e-11
7.475200000000000000e+04 2.418013525875011653e-11
7.488000000000000000e+04 1.511076295102974233e-11
7.500800000000000000e+04 1.511076295102974233e-11
7.513600000000000000e+04 1.321961946225521619e-11
7.526400000000000000e+04 1.321961946225521619e-11
7.539200000000000000e+04 1.321961946225521619e-11
7.552000000000000000e+04 1.321961946225521619e-11
7.564800000000000000e+04 1.321961946225521619e-11
7.577600000000000000e+04 1.321961946225521619e-11
7.590400000000000000e+04 1.058220801352191386e-11
7.603200000000000000e+04 1.058220801352191386e-11
7.616000000000000000e+04 1.058220801352191386e-11
7.628800000000000000e+04 1.058220801352191386e-11
7.641600000000000000e+04 1.058220801352191386e-11
7.654400000000000000e+04 1.058220801352191386e-11
7.667200000000000000e+04 1.058220801352191386e-11
7.680000000000000000e+04 1.058220801352191386e-11
7.692800000000000000e+04 1.058220801352191386e-11
7.705600000000000000e+04 1.026174732080000341e-11
7.718400000000000000e+04 8.653588524511242929e-12
7.731200000000000000e+04 7.117380242442211751e-12
7.744000000000000000e+04 7.117380242442211751e-12
7.756800000000000000e+04 7.117380242442211751e-12
7.769600000000000000e+04 6.522366468926759759e-12
7.782400000000000000e+04 6.522366468926759759e-12
7.795200000000000000e+04 4.223255122525646246e-12
7.808000000000000000e+04 4.223255122525646246e-12
7.820800000000000000e+04 4.223255122525646246e-12
7.833600000000000000e+04 4.223255122525646246e-12
7.846400000000000000e+04 3.243125653544830461e-12
7.859200000000000000e+04 3.243125653544830461e-12
7.872000000000000000e+04 3.243125653544830461e-12
7.884800000000000000e+04 2.632260214044336162e-12
7.897600000000000000e+04 2.632260214044336162e-12
7.910400000000000000e+04 2.632260214044336162e-12
7.923200000000000000e+04 2.632260214044336162e-12
7.936000000000000000e+04 2.632260214044336162e-12
7.948800000000000000e+04 2.632260214044336162e-12
7.961600000000000000e+04 2.632260214044336162e-12
7.974400000000000000e+04 2.632260214044336162e-12
7.987200000000000000e+04 2.632260214044336162e-12
8.000000000000000000e+04 2.632260214044336162e-12
8.012800000000000000e+04 2.632260214044336162e-12
8.025600000000000000e+04 2.632260214044336162e-12
8.038400000000000000e+04 2.632260214044336162e-12
8.051200000000000000e+04 2.632260214044336162e-12
8.064000000000000000e+04 2.632260214044336162e-12
8.076800000000000000e+04 2.581029280450131038e-12
8.089600000000000000e+04 2.581029280450131038e-12
8.102400000000000000e+04 2.581029280450131038e-12
8.115200000000000000e+04 2.581029280450131038e-12
8.128000000000000000e+04 2.581029280450131038e-12
8.140800000000000000e+04 1.912222318707401845e-12
8.153600000000000000e+04 1.912222318707401845e-12
8.166400000000000000e+04 1.912222318707401845e-12
8.179200000000000000e+04 1.912222318707401845e-12
8.192000000000000000e+04 1.912222318707401845e-12
8.204800000000000000e+04 1.378923862813224130e-12
8.217600000000000000e+04 1.378923862813224130e-12
8.230400000000000000e+04 1.369471880539466490e-12
8.243200000000000000e+04 1.360378252767868816e-12
8.256000000000000000e+04 1.360378252767868816e-12
8.268800000000000000e+04 1.360378252767868816e-12
8.281600000000000000e+04 1.183254272453596051e-12
8.294400000000000000e+04 1.183254272453596051e-12
8.307200000000000000e+04 1.183254272453596051e-12
8.320000000000000000e+04 1.111745289626736375e-12
8.332800000000000000e+04 1.111745289626736375e-12
8.345600000000000000e+04 1.111745289626736375e-12
8.358400000000000000e+04 1.111745289626736375e-12
8.371200000000000000e+04 1.111745289626736375e-12
8.384000000000000000e+04 1.070569667238451186e-12
8.396800000000000000e+04 1.009979902764409382e-12
8.409600000000000000e+04 7.105533140218053606e-13
8.422400000000000000e+04 7.105533140218053606e-13
8.435200000000000000e+04 7.105533140218053606e-13
8.448000000000000000e+04 7.105533140218053606e-13
8.460800000000000000e+04 7.105533140218053606e-13
8.473600000000000000e+04 7.105533140218053606e-13
8.486400000000000000e+04 7.105533140218053606e-13
8.499200000000000000e+04 6.789114633478831683e-13
8.512000000000000000e+04 6.781572751641305790e-13
8.524800000000000000e+04 6.781572751641305790e-13
8.537600000000000000e+04 6.781572751641305790e-13
8.550400000000000000e+04 6.781572751641305790e-13
8.563200000000000000e+04 6.781572751641305790e-13
8.576000000000000000e+04 2.679424349815986033e-13
8.588800000000000000e+04 2.679424349815986033e-13
8.601600000000000000e+04 2.679424349815986033e-13
8.614400000000000000e+04 2.679424349815986033e-13
8.627200000000000000e+04 2.679424349815986033e-13
8.640000000000000000e+04 2.679424349815986033e-13
8.652800000000000000e+04 2.679424349815986033e-13
8.665600000000000000e+04 2.679424349815986033e-13
8.678400000000000000e+04 2.679424349815986033e-13
8.691200000000000000e+04 2.679424349815986033e-13
8.704000000000000000e+04 2.679424349815986033e-13
8.716800000000000000e+04 2.679424349815986033e-13
8.729600000000000000e+04 2.679424349815986033e-13
8.742400000000000000e+04 2.679424349815986033e-13
8.755200000000000000e+04 2.385179979598447301e-13
8.768000000000000000e+04 2.385179979598447301e-13
8.780800000000000000e+04 2.385179979598447301e-13
8.793600000000000000e+04 2.385179979598447301e-13
8.806400000000000000e+04 2.385179979598447301e-13
8.819200000000000000e+04 2.385179979598447301e-13
8.832000000000000000e+04 2.385179979598447301e-13
8.844800000000000000e+04 2.385179979598447301e-13
8.857600000000000000e+04 2.385179979598447301e-13
8.870400000000000000e+04 2.126053954632730611e-13
8.883200000000000000e+04 2.126053954632730611e-13
8.896000000000000000e+04 2.126053954632730611e-13
8.908800000000000000e+04 2.126053954632730611e-13
8.921600000000000000e+04 1.681133897770187697e-13
8.934400000000000000e+04 1.681133897770187697e-13
8.947200000000000000e+04 1.436016294345351740e-13
8.960000000000000000e+04 1.436016294345351740e-13
8.972800000000000000e+04 1.012373407481696599e-13
8.985600000000000000e+04 1.012373407481696599e-13
8.998400000000000000e+04 1.012373407481696599e-13
9.011200000000000000e+04 1.012373407481696599e-13
9.024000000000000000e+04 1.012373407481696599e-13
9.036800000000000000e+04 1.012373407481696599e-13
9.049600000000000000e+04 1.012373407481696599e-13
9.062400000000000000e+04 1.012373407481696599e-13
9.075200000000000000e+04 1.012373407481696599e-13
9.088000000000000000e+04 1.012373407481696599e-13
9.100800000000000000e+04 1.012373407481696599e-13
9.113600000000000000e+04 8.442935055767818976e-14
9.126400000000000000e+04 8.136414976595621916e-14
9.139200000000000000e+04 8.136414976595621916e-14
9.152000000000000000e+04 8.136414976595621916e-14
9.164800000000000000e+04 6.681730062852556333e-14
9.177600000000000000e+04 6.681730062852556333e-14
9.190400000000000000e+04 5.683904150136935491e-14
9.203200000000000000e+04 5.683904150136935491e-14
9.216000000000000000e+04 5.683904150136935491e-14
9.228800000000000000e+04 4.210219108599422753e-14
9.241600000000000000e+04 4.210219108599422753e-14
9.254400000000000000e+04 4.210219108599422753e-14
9.267200000000000000e+04 3.556530299449149173e-14
9.280000000000000000e+04 3.150799129140468675e-14
9.292800000000000000e+04 2.082853881293107032e-14
9.305600000000000000e+04 2.082853881293107032e-14
9.318400000000000000e+04 2.082853881293107032e-14
9.331200000000000000e+04 2.082853881293107032e-14
9.344000000000000000e+04 2.082853881293107032e-14
9.356800000000000000e+04 2.082853881293107032e-14
9.369600000000000000e+04 2.082853881293107032e-14
9.382400000000000000e+04 1.817576976238211298e-14
9.395200000000000000e+04 9.232905149434683014e-15
9.408000000000000000e+04 9.232905149434683014e-15
9.420800000000000000e+04 9.232905149434683014e-15
9.433600000000000000e+04 9.232905149434683014e-15
9.446400000000000000e+04 9.232905149434683014e-15
9.459200000000000000e+04 9.232905149434683014e-15
9.472000000000000000e+04 9.232905149434683014e-15
9.484800000000000000e+04 9.232905149434683014e-15
9.497600000000000000e+04 9.232905149434683014e-15
9.510400000000000000e+04 9.232905149434683014e-15
9.523200000000000000e+04 9.232905149434683014e-15
9.536000000000000000e+04 9.232905149434683014e-15
9.548800000000000000e+04 9.232905149434683014e-15
9.561600000000000000e+04 9.232905149434683014e-15
9.574400000000000000e+04 5.784159438346150551e-15
9.587200000000000000e+04 5.784159438346150551e-15
9.600000000000000000e+04 5.784159438346150551e-15
9.612800000000000000e+04 5.784159438346150551e-15
9.625600000000000000e+04 5.784159438346150551e-15
9.638400000000000000e+04 5.138241022333543901e-15
9.651200000000000000e+04 5.138241022333543901e-15
9.664000000000000000e+04 5.138241022333543901e-15
9.676800000000000000e+04 5.138241022333543901e-15
9.689600000000000000e+04 5.138241022333543901e-15
9.702400000000000000e+04 5.138241022333543901e-15
9.715200000000000000e+04 4.675015545694688268e-15
9.728000000000000000e+04 4.368551245229624917e-15
9.740800000000000000e+04 4.368551245229624917e-15
9.753600000000000000e+04 4.368551245229624917e-15
9.766400000000000000e+04 4.368551245229624917e-15
9.779200000000000000e+04 4.368551245229624917e-15
9.792000000000000000e+04 3.451293131288981707e-15
9.804800000000000000e+04 3.451293131288981707e-15
9.817600000000000000e+04 3.451293131288981707e-15
9.830400000000000000e+04 3.451293131288981707e-15
9.843200000000000000e+04 3.451293131288981707e-15
9.856000000000000000e+04 3.451293131288981707e-15
9.868800000000000000e+04 3.451293131288981707e-15
9.881600000000000000e+04 3.451293131288981707e-15
9.894400000000000000e+04 3.451293131288981707e-15
9.907200000000000000e+04 3.451293131288981707e-15
9.920000000000000000e+04 3.137486543729555150e-15
9.932800000000000000e+04 3.137486543729555150e-15
9.945600000000000000e+04 2.304918008095213652e-15
9.958400000000000000e+04 2.304918008095213652e-15
9.971200000000000000e+04 2.304918008095213652e-15
9.984000000000000000e+04 2.304918008095213652e-15
9.996800000000000000e+04 2.304918008095213652e-15
1.000960000000000000e+05 1.583444271290854879e-15
