6.400000000000000000e+01 9.475558150339966623e-01
1.280000000000000000e+02 9.475558150339966623e-01
1.920000000000000000e+02 9.475558150339966623e-01
2.560000000000000000e+02 2.359924054209758815e-01
3.200000000000000000e+02 2.359924054209758815e-01
3.840000000000000000e+02 1.606072039121445860e-01
4.480000000000000000e+02 1.606072039121445860e-01
5.120000000000000000e+02 1.004133602508696238e-01
5.760000000000000000e+02 1.004133602508696238e-01
6.400000000000000000e+02 6.222874998635707228e-02
7.040000000000000000e+02 6.092402413745075934e-02
7.680000000000000000e+02 6.092402413745075934e-02
8.320000000000000000e+02 6.967769981278612579e-03
8.960000000000000000e+02 6.967769981278612579e-03
9.600000000000000000e+02 5.771647505380310926e-03
1.024000000000000000e+03 5.771647505380310926e-03
1.088000000000000000e+03 2.580710330530461023e-03
1.152000000000000000e+03 2.580710330530461023e-03
1.216000000000000000e+03 2.000027416528831967e-03
1.280000000000000000e+03 3.803172722813161709e-04
1.344000000000000000e+03 1.001441949550004485e-04
1.408000000000000000e+03 1.001441949550004485e-04
1.472000000000000000e+03 2.200568789497854200e-05
1.536000000000000000e+03 1.664513999746075821e-05
1.600000000000000000e+03 1.664513999746075821e-05
1.664000000000000000e+03 1.664513999746075821e-05
1.728000000000000000e+03 1.664513999746075821e-05
1.792000000000000000e+03 1.382582360432623083e-05
1.856000000000000000e+03 1.987680310000580622e-06
1.920000000000000000e+03 1.987680310000580622e-06
1.984000000000000000e+03 1.987680310000580622e-06
2.048000000000000000e+03 1.987680310000580622e-06
2.112000000000000000e+03 1.731652751049871286e-06
2.176000000000000000e+03 6.514954427027081814e-07
2.240000000000000000e+03 2.708922448868604361e-07
2.304000000000000000e+03 2.708922448868604361e-07
2.368000000000000000e+03 2.505109946996506343e-07
2.432000000000000000e+03 1.617248956532503016e-07
2.496000000000000000e+03 1.322167823032515614e-07
2.560000000000000000e+03 4.833514073138869106e-08
2.624000000000000000e+03 2.590729581254345281e-08
2.688000000000000000e+03 1.687439809484094625e-08
2.752000000000000000e+03 1.004226144816363057e-08
2.816000000000000000e+03 1.295856794804694388e-09
2.880000000000000000e+03 1.295856794804694388e-09
2.944000000000000000e+03 1.295856794804694388e-09
3.008000000000000000e+03 1.295856794804694388e-09
3.072000000000000000e+03 8.219571630535787839e-10
3.136000000000000000e+03 8.219571630535787839e-10
3.200000000000000000e+03 6.340536257358745709e-10
3.264000000000000000e+03 3.681804016922186841e-10
3.328000000000000000e+03 1.767790049660180730e-10
3.392000000000000000e+03 6.274495858481374030e-12
3.456000000000000000e+03 6.274495858481374030e-12
3.520000000000000000e+03 1.931215341849700230e-12
3.584000000000000000e+03 1.931215341849700230e-12
3.648000000000000000e+03 1.931215341849700230e-12
3.712000000000000000e+03 1.931215341849700230e-12
3.776000000000000000e+03 1.931215341849700230e-12
3.840000000000000000e+03 9.476969971673652042e-13
3.904000000000000000e+03 4.041176844313407991e-13
3.968000000000000000e+03 1.026540705665627129e-13
4.032000000000000000e+03 1.026540705665627129e-13
4.096000000000000000e+03 1.026540705665627129e-13
4.160000000000000000e+03 1.026540705665627129e-13
4.224000000000000000e+03 4.487212477786827208e-14
4.288000000000000000e+03 3.580236989033864580e-14
4.352000000000000000e+03 3.741194659218960952e-15
4.416000000000000000e+03 3.741194659218960952e-15
4.480000000000000000e+03 3.741194659218960952e-15
4.544000000000000000e+03 3.741194659218960952e-15
4.608000000000000000e+03 3.741194659218960952e-15
4.672000000000000000e+03 3.741194659218960952e-15
4.736000000000000000e+03 3.741194659218960952e-15
4.800000000000000000e+03 1.872139947565404158e-15
4.864000000000000000e+03 1.872139947565404158e-15
4.928000000000000000e+03 1.013001702778650084e-16
4.992000000000000000e+03 1.013001702778650084e-16
5.056000000000000000e+03 1.013001702778650084e-16
5.120000000000000000e+03 1.013001702778650084e-16
5.184000000000000000e+03 9.158120126034327972e-17
5.248000000000000000e+03 1.291202376482828458e-18
5.312000000000000000e+03 1.291202376482828458e-18
5.376000000000000000e+03 1.291202376482828458e-18
5.440000000000000000e+03 1.291202376482828458e-18
5.504000000000000000e+03 1.291202376482828458e-18
5.568000000000000000e+03 1.291202376482828458e-18
5.632000000000000000e+03 1.291202376482828458e-18
5.696000000000000000e+03 1.291202376482828458e-18
5.760000000000000000e+03 1.291202376482828458e-18
5.824000000000000000e+03 2.127992321709416487e-19
5.888000000000000000e+03 2.127992321709416487e-19
5.952000000000000000e+03 2.127992321709416487e-19
6.016000000000000000e+03 2.127992321709416487e-19
6.080000000000000000e+03 4.924487665256437114e-20
6.144000000000000000e+03 4.924487665256437114e-20
6.208000000000000000e+03 2.453343581721795801e-20
6.272000000000000000e+03 7.754784257788998038e-22
6.336000000000000000e+03 7.754784257788998038e-22
6.400000000000000000e+03 7.754784257788998038e-22
6.464000000000000000e+03 7.754784257788998038e-22
6.528000000000000000e+03 7.754784257788998038e-22
6.592000000000000000e+03 7.754784257788998038e-22
6.656000000000000000e+03 7.394683141704958845e-22
6.720000000000000000e+03 7.394683141704958845e-22
6.784000000000000000e+03 2.946038171913916376e-22
6.848000000000000000e+03 2.087874166894670448e-22
6.912000000000000000e+03 2.087874166894670448e-22
6.976000000000000000e+03 2.087874166894670448e-22
7.040000000000000000e+03 2.087874166894670448e-22
7.104000000000000000e+03 1.132359346961103394e-23
7.168000000000000000e+03 1.132359346961103394e-23
7.232000000000000000e+03 1.132359346961103394e-23
7.296000000000000000e+03 1.132359346961103394e-23
7.360000000000000000e+03 1.132359346961103394e-23
7.424000000000000000e+03 5.651183945095149570e-24
7.488000000000000000e+03 2.511429751439969912e-24
7.552000000000000000e+03 3.386835732110678338e-25
7.616000000000000000e+03 2.187780836446850960e-25
7.680000000000000000e+03 2.187780836446850960e-25
7.744000000000000000e+03 2.187780836446850960e-25
7.808000000000000000e+03 7.551342142270344338e-26
7.872000000000000000e+03 7.551342142270344338e-26
7.936000000000000000e+03 7.551342142270344338e-26
8.000000000000000000e+03 1.591164833475098975e-26
8.064000000000000000e+03 1.591164833475098975e-26
8.128000000000000000e+03 1.591164833475098975e-26
8.192000000000000000e+03 1.591164833475098975e-26
8.256000000000000000e+03 2.737770916599869372e-27
8.320000000000000000e+03 2.737770916599869372e-27
8.384000000000000000e+03 2.737770916599869372e-27
8.448000000000000000e+03 2.195614386119089553e-27
8.512000000000000000e+03 3.268177020670318057e-29
8.576000000000000000e+03 3.268177020670318057e-29
8.640000000000000000e+03 3.268177020670318057e-29
8.704000000000000000e+03 3.268177020670318057e-29
8.768000000000000000e+03 3.268177020670318057e-29
8.832000000000000000e+03 2.848625272901215833e-29
8.896000000000000000e+03 2.848625272901215833e-29
8.960000000000000000e+03 5.833853872799233936e-30
9.024000000000000000e+03 5.833853872799233936e-30
9.088000000000000000e+03 5.833853872799233936e-30
9.152000000000000000e+03 5.833853872799233936e-30
9.216000000000000000e+03 5.449909048152864595e-30
9.280000000000000000e+03 3.575970240864788502e-30
9.344000000000000000e+03 1.244836590339452837e-30
9.408000000000000000e+03 1.001724970991802177e-30
9.472000000000000000e+03 1.001724970991802177e-30
9.536000000000000000e+03 1.001724970991802177e-30
9.600000000000000000e+03 9.075434960961411833e-32
9.664000000000000000e+03 4.594069056162450226e-32
9.728000000000000000e+03 2.462052039100710631e-32
9.792000000000000000e+03 2.462052039100710631e-32
9.856000000000000000e+03 2.462052039100710631e-32
9.920000000000000000e+03 2.462052039100710631e-32
9.984000000000000000e+03 2.462052039100710631e-32
1.004800000000000000e+04 1.056545799209116255e-32
1.011200000000000000e+04 7.278988438610194649e-33
1.017600000000000000e+04 7.278988438610194649e-33
1.024000000000000000e+04 3.084925906052770309e-33
1.030400000000000000e+04 8.353385172781832108e-34
1.036800000000000000e+04 8.353385172781832108e-34
1.043200000000000000e+04 3.289679814601721756e-34
1.049600000000000000e+04 3.289679814601721756e-34
1.056000000000000000e+04 2.197522102116062169e-34
1.062400000000000000e+04 2.191727977503263184e-34
1.068800000000000000e+04 1.367234454161891321e-34
1.075200000000000000e+04 1.367234454161891321e-34
1.081600000000000000e+04 7.631124163828524672e-35
1.088000000000000000e+04 2.126951168617458831e-36
1.094400000000000000e+04 2.126951168617458831e-36
1.100800000000000000e+04 2.126951168617458831e-36
1.107200000000000000e+04 2.126951168617458831e-36
1.113600000000000000e+04 1.645018971032020633e-36
1.120000000000000000e+04 1.645018971032020633e-36
1.126400000000000000e+04 8.999338878123001867e-38
1.132800000000000000e+04 8.999338878123001867e-38
1.139200000000000000e+04 8.999338878123001867e-38
1.145600000000000000e+04 8.999338878123001867e-38
1.152000000000000000e+04 8.999338878123001867e-38
1.158400000000000000e+04 5.959348678908075371e-38
1.164800000000000000e+04 1.701813573145980567e-38
1.171200000000000000e+04 1.701813573145980567e-38
1.177600000000000000e+04 1.701813573145980567e-38
1.184000000000000000e+04 1.701813573145980567e-38
1.190400000000000000e+04 1.701813573145980567e-38
1.196800000000000000e+04 1.142201861987585382e-38
1.203200000000000000e+04 1.142201861987585382e-38
1.209600000000000000e+04 1.142201861987585382e-38
1.216000000000000000e+04 6.151516072367298877e-39
1.222400000000000000e+04 6.151516072367298877e-39
1.228800000000000000e+04 1.489550608010070889e-40
1.235200000000000000e+04 1.489550608010070889e-40
1.241600000000000000e+04 1.489550608010070889e-40
1.248000000000000000e+04 1.489550608010070889e-40
1.254400000000000000e+04 1.489550608010070889e-40
1.260800000000000000e+04 4.886778872942609813e-42
1.267200000000000000e+04 4.886778872942609813e-42
1.273600000000000000e+04 4.886778872942609813e-42
1.280000000000000000e+04 4.886778872942609813e-42
1.286400000000000000e+04 4.886778872942609813e-42
1.292800000000000000e+04 9.495956215329343614e-43
1.299200000000000000e+04 9.495956215329343614e-43
1.305600000000000000e+04 9.495956215329343614e-43
1.312000000000000000e+04 9.495956215329343614e-43
1.318400000000000000e+04 9.495956215329343614e-43
1.324800000000000000e+04 9.495956215329343614e-43
1.331200000000000000e+04 9.495956215329343614e-43
1.337600000000000000e+04 1.835953543326337656e-44
1.344000000000000000e+04 1.835953543326337656e-44
1.350400000000000000e+04 1.835953543326337656e-44
1.356800000000000000e+04 1.835953543326337656e-44
1.363200000000000000e+04 1.835953543326337656e-44
1.369600000000000000e+04 1.835953543326337656e-44
1.376000000000000000e+04 1.538102315173919709e-44
1.382400000000000000e+04 1.538102315173919709e-44
1.388800000000000000e+04 6.564204891354190110e-45
1.395200000000000000e+04 6.564204891354190110e-45
1.401600000000000000e+04 4.525470130430968404e-45
1.408000000000000000e+04 4.525470130430968404e-45
1.414400000000000000e+04 1.446057766892314051e-45
1.420800000000000000e+04 8.946003781120903169e-47
1.427200000000000000e+04 8.946003781120903169e-47
1.433600000000000000e+04 8.946003781120903169e-47
1.440000000000000000e+04 8.946003781120903169e-47
1.446400000000000000e+04 8.946003781120903169e-47
1.452800000000000000e+04 8.946003781120903169e-47
1.459200000000000000e+04 8.946003781120903169e-47
1.465600000000000000e+04 3.355948494403693023e-47
1.472000000000000000e+04 1.366621768703932450e-47
1.478400000000000000e+04 1.366621768703932450e-47
1.484800000000000000e+04 1.366621768703932450e-47
1.491200000000000000e+04 3.491011400493784257e-48
1.497600000000000000e+04 3.491011400493784257e-48
1.504000000000000000e+04 3.060943326140316188e-48
1.510400000000000000e+04 3.060943326140316188e-48
1.516800000000000000e+04 3.420472878437498575e-49
1.523200000000000000e+04 3.420472878437498575e-49
1.529600000000000000e+04 3.420472878437498575e-49
1.536000000000000000e+04 2.984161757564571553e-50
1.542400000000000000e+04 2.984161757564571553e-50
1.548800000000000000e+04 2.984161757564571553e-50
1.555200000000000000e+04 2.984161757564571553e-50
1.561600000000000000e+04 2.984161757564571553e-50
1.568000000000000000e+04 2.984161757564571553e-50
1.574400000000000000e+04 2.984161757564571553e-50
1.580800000000000000e+04 2.267411909217713466e-50
1.587200000000000000e+04 2.267411909217713466e-50
1.593600000000000000e+04 1.179052910298103080e-50
1.600000000000000000e+04 8.895861319732119234e-51
1.606400000000000000e+04 4.372790956191858392e-51
1.612800000000000000e+04 4.372790956191858392e-51
1.619200000000000000e+04 4.372790956191858392e-51
1.625600000000000000e+04 1.449644666163896674e-51
1.632000000000000000e+04 1.449644666163896674e-51
1.638400000000000000e+04 1.449644666163896674e-51
1.644800000000000000e+04 8.004031160819415963e-52
1.651200000000000000e+04 2.132499209196530409e-53
1.657600000000000000e+04 2.132499209196530409e-53
1.664000000000000000e+04 2.132499209196530409e-53
1.670400000000000000e+04 2.132499209196530409e-53
1.676800000000000000e+04 2.132499209196530409e-53
1.683200000000000000e+04 2.741472592244756345e-54
1.689600000000000000e+04 2.741472592244756345e-54
1.696000000000000000e+04 1.330911286387582887e-54
1.702400000000000000e+04 1.330911286387582887e-54
1.708800000000000000e+04 2.643894913882179012e-56
1.715200000000000000e+04 2.643894913882179012e-56
1.721600000000000000e+04 2.643894913882179012e-56
1.728000000000000000e+04 2.643894913882179012e-56
1.734400000000000000e+04 2.643894913882179012e-56
1.740800000000000000e+04 2.643894913882179012e-56
1.747200000000000000e+04 2.643894913882179012e-56
1.753600000000000000e+04 2.643894913882179012e-56
1.760000000000000000e+04 2.643894913882179012e-56
1.766400000000000000e+04 2.643894913882179012e-56
1.772800000000000000e+04 2.643894913882179012e-56
1.779200000000000000e+04 6.980315232020182369e-57
1.785600000000000000e+04 6.980315232020182369e-57
1.792000000000000000e+04 3.779723172338162661e-57
1.798400000000000000e+04 1.205408115524030275e-57
1.804800000000000000e+04 1.205408115524030275e-57
1.811200000000000000e+04 1.205408115524030275e-57
1.817600000000000000e+04 8.893200804918615103e-58
1.824000000000000000e+04 8.893200804918615103e-58
1.830400000000000000e+04 1.180063513911824093e-58
1.836800000000000000e+04 1.180063513911824093e-58
1.843200000000000000e+04 1.180063513911824093e-58
1.849600000000000000e+04 1.180063513911824093e-58
1.856000000000000000e+04 1.180063513911824093e-58
1.862400000000000000e+04 1.180063513911824093e-58
1.868800000000000000e+04 5.199339657796635341e-59
1.875200000000000000e+04 5.199339657796635341e-59
1.881600000000000000e+04 1.133123169520225311e-60
1.888000000000000000e+04 1.133123169520225311e-60
1.894400000000000000e+04 1.133123169520225311e-60
1.900800000000000000e+04 1.133123169520225311e-60
1.907200000000000000e+04 1.133123169520225311e-60
1.913600000000000000e+04 7.140759648523543675e-62
1.920000000000000000e+04 7.140759648523543675e-62
1.926400000000000000e+04 7.140759648523543675e-62
1.932800000000000000e+04 7.140759648523543675e-62
1.939200000000000000e+04 7.140759648523543675e-62
1.945600000000000000e+04 7.066487482301197413e-62
1.952000000000000000e+04 2.062819120168835991e-63
1.958400000000000000e+04 2.062819120168835991e-63
1.964800000000000000e+04 2.062819120168835991e-63
1.971200000000000000e+04 2.062819120168835991e-63
1.977600000000000000e+04 2.062819120168835991e-63
1.984000000000000000e+04 2.062819120168835991e-63
1.990400000000000000e+04 2.062819120168835991e-63
1.996800000000000000e+04 1.234982822392451614e-63
2.003200000000000000e+04 9.133334519783893280e-64
2.009600000000000000e+04 9.133334519783893280e-64
2.016000000000000000e+04 9.133334519783893280e-64
2.022400000000000000e+04 1.324833397111718223e-65
2.028800000000000000e+04 1.324833397111718223e-65
2.035200000000000000e+04 1.324833397111718223e-65
2.041600000000000000e+04 1.324833397111718223e-65
2.048000000000000000e+04 1.324833397111718223e-65
2.054400000000000000e+04 1.324833397111718223e-65
2.060800000000000000e+04 1.324833397111718223e-65
2.067200000000000000e+04 8.337110883649669804e-66
2.073600000000000000e+04 3.339886748475872288e-66
2.080000000000000000e+04 3.339886748475872288e-66
2.086400000000000000e+04 3.339886748475872288e-66
2.092800000000000000e+04 3.339886748475872288e-66
2.099200000000000000e+04 1.743986841722908996e-66
2.105600000000000000e+04 1.743986841722908996e-66
2.112000000000000000e+04 4.710962558312885569e-69
2.118400000000000000e+04 4.710962558312885569e-69
2.124800000000000000e+04 4.710962558312885569e-69
2.131200000000000000e+04 4.710962558312885569e-69
2.137600000000000000e+04 4.710962558312885569e-69
2.144000000000000000e+04 4.710962558312885569e-69
2.150400000000000000e+04 4.710962558312885569e-69
2.156800000000000000e+04 4.710962558312885569e-69
2.163200000000000000e+04 4.710962558312885569e-69
2.169600000000000000e+04 4.710962558312885569e-69
2.176000000000000000e+04 4.710962558312885569e-69
2.182400000000000000e+04 4.710962558312885569e-69
2.188800000000000000e+04 1.058576144132486238e-69
2.195200000000000000e+04 1.058576144132486238e-69
2.201600000000000000e+04 1.058576144132486238e-69
2.208000000000000000e+04 1.058576144132486238e-69
2.214400000000000000e+04 3.776074696977614433e-71
2.220800000000000000e+04 3.776074696977614433e-71
2.227200000000000000e+04 1.422686375062192203e-71
2.233600000000000000e+04 1.422686375062192203e-71
2.240000000000000000e+04 1.422686375062192203e-71
2.246400000000000000e+04 1.422686375062192203e-71
2.252800000000000000e+04 1.422686375062192203e-71
2.259200000000000000e+04 3.764273753598050058e-72
2.265600000000000000e+04 3.764273753598050058e-72
2.272000000000000000e+04 1.931793552986721008e-72
2.278400000000000000e+04 1.616860634976013587e-72
2.284800000000000000e+04 1.616860634976013587e-72
2.291200000000000000e+04 1.616860634976013587e-72
2.297600000000000000e+04 1.616860634976013587e-72
2.304000000000000000e+04 4.263854092983769812e-73
2.310400000000000000e+04 4.263854092983769812e-73
2.316800000000000000e+04 1.716446868274238827e-73
2.323200000000000000e+04 3.595902429156175036e-74
2.329600000000000000e+04 3.595902429156175036e-74
2.336000000000000000e+04 2.150299485829296782e-75
2.342400000000000000e+04 2.150299485829296782e-75
2.348800000000000000e+04 2.150299485829296782e-75
2.355200000000000000e+04 1.254218805109541306e-75
2.361600000000000000e+04 1.254218805109541306e-75
2.368000000000000000e+04 6.011615613045125582e-76
2.374400000000000000e+04 6.011615613045125582e-76
2.380800000000000000e+04 3.913438818914458100e-76
2.387200000000000000e+04 3.913438818914458100e-76
2.393600000000000000e+04 3.913438818914458100e-76
2.400000000000000000e+04 8.740006831402965890e-77
2.406400000000000000e+04 8.740006831402965890e-77
2.412800000000000000e+04 8.740006831402965890e-77
2.419200000000000000e+04 8.740006831402965890e-77
2.425600000000000000e+04 5.215604705311096814e-77
2.432000000000000000e+04 5.215604705311096814e-77
2.438400000000000000e+04 1.325101638980761459e-77
2.444800000000000000e+04 1.325101638980761459e-77
2.451200000000000000e+04 1.147346322506917933e-77
2.457600000000000000e+04 1.147346322506917933e-77
2.464000000000000000e+04 2.115292537804481113e-78
2.470400000000000000e+04 2.115292537804481113e-78
2.476800000000000000e+04 2.115292537804481113e-78
2.483200000000000000e+04 2.115292537804481113e-78
2.489600000000000000e+04 2.610598832559421604e-79
2.496000000000000000e+04 1.498933969361143409e-79
2.502400000000000000e+04 1.498933969361143409e-79
2.508800000000000000e+04 1.498933969361143409e-79
2.515200000000000000e+04 5.956826893199545500e-80
2.521600000000000000e+04 4.305468411427935624e-80
2.528000000000000000e+04 9.798616933934263731e-81
2.534400000000000000e+04 9.456208515111552743e-81
2.540800000000000000e+04 9.456208515111552743e-81
2.547200000000000000e+04 1.354955069539056549e-81
2.553600000000000000e+04 1.354955069539056549e-81
2.560000000000000000e+04 2.763647988344603273e-82
2.566400000000000000e+04 2.763647988344603273e-82
2.572800000000000000e+04 7.447315700007880305e-84
2.579200000000000000e+04 7.447315700007880305e-84
2.585600000000000000e+04 7.447315700007880305e-84
2.592000000000000000e+04 7.447315700007880305e-84
2.598400000000000000e+04 7.447315700007880305e-84
2.604800000000000000e+04 2.265213703064881765e-84
2.611200000000000000e+04 6.710058258165393112e-86
2.617600000000000000e+04 6.710058258165393112e-86
2.624000000000000000e+04 6.710058258165393112e-86
2.630400000000000000e+04 6.710058258165393112e-86
2.636800000000000000e+04 6.710058258165393112e-86
2.643200000000000000e+04 6.710058258165393112e-86
2.649600000000000000e+04 6.710058258165393112e-86
2.656000000000000000e+04 6.710058258165393112e-86
2.662400000000000000e+04 3.423188760950718117e-86
2.668800000000000000e+04 3.423188760950718117e-86
2.675200000000000000e+04 3.241774027818877821e-86
2.681600000000000000e+04 3.188311069162362997e-86
2.688000000000000000e+04 1.677936807050628348e-86
2.694400000000000000e+04 1.677936807050628348e-86
2.700800000000000000e+04 1.095317976506314331e-86
2.707200000000000000e+04 2.197113884903224175e-88
2.713600000000000000e+04 2.197113884903224175e-88
2.720000000000000000e+04 2.197113884903224175e-88
2.726400000000000000e+04 2.197113884903224175e-88
2.732800000000000000e+04 2.197113884903224175e-88
2.739200000000000000e+04 2.197113884903224175e-88
2.745600000000000000e+04 2.197113884903224175e-88
2.752000000000000000e+04 2.197113884903224175e-88
2.758400000000000000e+04 2.197113884903224175e-88
2.764800000000000000e+04 1.278346617624169575e-88
2.771200000000000000e+04 1.278346617624169575e-88
2.777600000000000000e+04 3.301037893224313294e-89
2.784000000000000000e+04 2.619838501874378561e-89
2.790400000000000000e+04 1.774526967735597522e-89
2.796800000000000000e+04 1.774526967735597522e-89
2.803200000000000000e+04 1.774526967735597522e-89
2.809600000000000000e+04 7.949859874479466480e-90
2.816000000000000000e+04 4.464398480931022602e-90
2.822400000000000000e+04 1.779628398898114059e-90
2.828800000000000000e+04 1.779628398898114059e-90
2.835200000000000000e+04 1.779628398898114059e-90
2.841600000000000000e+04 1.779628398898114059e-90
2.848000000000000000e+04 4.576192075070689042e-91
2.854400000000000000e+04 3.468658966696662720e-91
2.860800000000000000e+04 1.350339032451652260e-92
2.867200000000000000e+04 1.350339032451652260e-92
2.873600000000000000e+04 3.221961200499670721e-93
2.880000000000000000e+04 3.221961200499670721e-93
2.886400000000000000e+04 3.221961200499670721e-93
2.892800000000000000e+04 3.221961200499670721e-93
2.899200000000000000e+04 1.070903101967321747e-93
2.905600000000000000e+04 1.070903101967321747e-93
2.912000000000000000e+04 1.070903101967321747e-93
2.918400000000000000e+04 1.070903101967321747e-93
2.924800000000000000e+04 1.070903101967321747e-93
2.931200000000000000e+04 8.041400350308889869e-94
2.937600000000000000e+04 3.878727953159182991e-94
2.944000000000000000e+04 2.665419907626895746e-95
2.950400000000000000e+04 2.665419907626895746e-95
2.956800000000000000e+04 2.665419907626895746e-95
2.963200000000000000e+04 2.665419907626895746e-95
2.969600000000000000e+04 2.665419907626895746e-95
2.976000000000000000e+04 2.388986021834784529e-95
2.982400000000000000e+04 2.388986021834784529e-95
2.988800000000000000e+04 5.061998813174547912e-96
2.995200000000000000e+04 4.301625929737739382e-96
3.001600000000000000e+04 4.301625929737739382e-96
3.008000000000000000e+04 2.121295336592549999e-96
3.014400000000000000e+04 2.121295336592549999e-96
3.020800000000000000e+04 2.121295336592549999e-96
3.027200000000000000e+04 1.644299741377084007e-97
3.033600000000000000e+04 1.644299741377084007e-97
3.040000000000000000e+04 1.644299741377084007e-97
3.046400000000000000e+04 5.597314268895545470e-98
3.052800000000000000e+04 5.597314268895545470e-98
3.059200000000000000e+04 5.597314268895545470e-98
3.065600000000000000e+04 1.872284428438810946e-98
3.072000000000000000e+04 1.872284428438810946e-98
3.078400000000000000e+04 1.872284428438810946e-98
3.084800000000000000e+04 6.058364508125310817e-99
3.091200000000000000e+04 6.058364508125310817e-99
3.097600000000000000e+04 2.666116210812480747e-99
3.104000000000000000e+04 1.930296630016176908e-99
3.110400000000000000e+04 1.930296630016176908e-99
3.116800000000000000e+04 1.276401013939729657e-99
3.123200000000000000e+04 3.727457703451260465e-100
3.129600000000000000e+04 3.727457703451260465e-100
3.136000000000000000e+04 2.132706256033450823e-100
3.142400000000000000e+04 1.519548618665745861e-100
3.148800000000000000e+04 1.519548618665745861e-100
3.155200000000000000e+04 4.818059338002688600e-102
3.161600000000000000e+04 1.253140425410375950e-102
3.168000000000000000e+04 1.253140425410375950e-102
3.174400000000000000e+04 1.253140425410375950e-102
3.180800000000000000e+04 1.253140425410375950e-102
3.187200000000000000e+04 1.253140425410375950e-102
3.193600000000000000e+04 1.253140425410375950e-102
3.200000000000000000e+04 1.253140425410375950e-102
3.206400000000000000e+04 4.665586851943568796e-103
3.212800000000000000e+04 4.665586851943568796e-103
3.219200000000000000e+04 4.665586851943568796e-103
3.225600000000000000e+04 4.665586851943568796e-103
3.232000000000000000e+04 1.160725233394721735e-103
3.238400000000000000e+04 7.563548813797564885e-105
3.244800000000000000e+04 7.563548813797564885e-105
3.251200000000000000e+04 7.563548813797564885e-105
3.257600000000000000e+04 7.563548813797564885e-105
3.264000000000000000e+04 7.563548813797564885e-105
3.270400000000000000e+04 7.563548813797564885e-105
3.276800000000000000e+04 7.563548813797564885e-105
3.283200000000000000e+04 7.249855293969404653e-105
3.289600000000000000e+04 2.311398854530942913e-106
3.296000000000000000e+04 2.311398854530942913e-106
3.302400000000000000e+04 2.311398854530942913e-106
3.308800000000000000e+04 8.762389256683425278e-108
3.315200000000000000e+04 8.762389256683425278e-108
3.321600000000000000e+04 8.762389256683425278e-108
3.328000000000000000e+04 8.762389256683425278e-108
3.334400000000000000e+04 8.762389256683425278e-108
3.340800000000000000e+04 8.762389256683425278e-108
3.347200000000000000e+04 8.762389256683425278e-108
3.353600000000000000e+04 5.717590727728664781e-108
3.360000000000000000e+04 5.717590727728664781e-108
3.366400000000000000e+04 1.695753298542868736e-108
3.372800000000000000e+04 1.695753298542868736e-108
3.379200000000000000e+04 1.695753298542868736e-108
3.385600000000000000e+04 1.695753298542868736e-108
3.392000000000000000e+04 8.525976673501783406e-109
3.398400000000000000e+04 8.525976673501783406e-109
3.404800000000000000e+04 4.525748343933207955e-109
3.411200000000000000e+04 4.525748343933207955e-109
3.417600000000000000e+04 4.525748343933207955e-109
3.424000000000000000e+04 3.896082068117955357e-109
3.430400000000000000e+04 2.357702607866390698e-109
3.436800000000000000e+04 3.703793030796868426e-110
3.443200000000000000e+04 3.703793030796868426e-110
3.449600000000000000e+04 3.703793030796868426e-110
3.456000000000000000e+04 6.570110154363397065e-111
3.462400000000000000e+04 6.570110154363397065e-111
3.468800000000000000e+04 6.570110154363397065e-111
3.475200000000000000e+04 6.570110154363397065e-111
3.481600000000000000e+04 6.570110154363397065e-111
3.488000000000000000e+04 1.828556074521621586e-111
3.494400000000000000e+04 1.828556074521621586e-111
3.500800000000000000e+04 1.828556074521621586e-111
3.507200000000000000e+04 5.122615904956295699e-112
3.513600000000000000e+04 5.122615904956295699e-112
3.520000000000000000e+04 1.940231132888179723e-112
3.526400000000000000e+04 1.585766967367060271e-113
3.532800000000000000e+04 1.585766967367060271e-113
3.539200000000000000e+04 1.585766967367060271e-113
3.545600000000000000e+04 1.585766967367060271e-113
3.552000000000000000e+04 1.585766967367060271e-113
3.558400000000000000e+04 1.585766967367060271e-113
3.564800000000000000e+04 1.585766967367060271e-113
3.571200000000000000e+04 3.312636296541422907e-114
3.577600000000000000e+04 3.312636296541422907e-114
3.584000000000000000e+04 3.312636296541422907e-114
3.590400000000000000e+04 3.312636296541422907e-114
3.596800000000000000e+04 3.312636296541422907e-114
3.603200000000000000e+04 5.557996269875726301e-115
3.609600000000000000e+04 4.116432007689275391e-115
3.616000000000000000e+04 1.746434476148818680e-116
3.622400000000000000e+04 1.746434476148818680e-116
3.628800000000000000e+04 1.746434476148818680e-116
3.635200000000000000e+04 1.746434476148818680e-116
3.641600000000000000e+04 1.746434476148818680e-116
3.648000000000000000e+04 1.746434476148818680e-116
3.654400000000000000e+04 1.457933855101603630e-116
3.660800000000000000e+04 1.457933855101603630e-116
3.667200000000000000e+04 5.156483560267100167e-117
3.673600000000000000e+04 2.727107213244337021e-117
3.680000000000000000e+04 1.572331213335811463e-117
3.686400000000000000e+04 1.142360976125681647e-117
3.692800000000000000e+04 1.142360976125681647e-117
3.699200000000000000e+04 5.074498358091378906e-118
3.705600000000000000e+04 3.224584733777334150e-118
3.712000000000000000e+04 1.388702990374617502e-118
3.718400000000000000e+04 5.109335997445433126e-119
3.724800000000000000e+04 5.109335997445433126e-119
3.731200000000000000e+04 5.109335997445433126e-119
3.737600000000000000e+04 5.109335997445433126e-119
3.744000000000000000e+04 1.886604642926761656e-119
3.750400000000000000e+04 1.244134299598171008e-119
3.756800000000000000e+04 1.244134299598171008e-119
3.763200000000000000e+04 1.244134299598171008e-119
3.769600000000000000e+04 1.095375369891754547e-119
3.776000000000000000e+04 1.095375369891754547e-119
3.782400000000000000e+04 1.791955720587996687e-120
3.788800000000000000e+04 1.791955720587996687e-120
3.795200000000000000e+04 1.470465307707575328e-121
3.801600000000000000e+04 1.470465307707575328e-121
3.808000000000000000e+04 1.470465307707575328e-121
3.814400000000000000e+04 1.470465307707575328e-121
3.820800000000000000e+04 7.824189254196730718e-122
3.827200000000000000e+04 5.766987734219010187e-122
3.833600000000000000e+04 5.766987734219010187e-122
3.840000000000000000e+04 4.976173146882220650e-122
3.846400000000000000e+04 1.217455716574418426e-123
3.852800000000000000e+04 1.217455716574418426e-123
3.859200000000000000e+04 7.574499798883559942e-124
3.865600000000000000e+04 7.574499798883559942e-124
3.872000000000000000e+04 7.574499798883559942e-124
3.878400000000000000e+04 7.574499798883559942e-124
3.884800000000000000e+04 7.574499798883559942e-124
3.891200000000000000e+04 7.574499798883559942e-124
3.897600000000000000e+04 1.473892266008159241e-125
3.904000000000000000e+04 1.473892266008159241e-125
3.910400000000000000e+04 1.473892266008159241e-125
3.916800000000000000e+04 1.473892266008159241e-125
3.923200000000000000e+04 1.473892266008159241e-125
3.929600000000000000e+04 1.473892266008159241e-125
3.936000000000000000e+04 1.473892266008159241e-125
3.942400000000000000e+04 1.473892266008159241e-125
3.948800000000000000e+04 4.279671065243702442e-126
3.955200000000000000e+04 4.279671065243702442e-126
3.961600000000000000e+04 1.808460186865676137e-126
3.968000000000000000e+04 1.808460186865676137e-126
3.974400000000000000e+04 1.808460186865676137e-126
3.980800000000000000e+04 7.691845668997794984e-127
3.987200000000000000e+04 7.691845668997794984e-127
3.993600000000000000e+04 7.691845668997794984e-127
4.000000000000000000e+04 5.598373274899090440e-127
4.006400000000000000e+04 1.292394544057945296e-127
4.012800000000000000e+04 2.528321788838707447e-128
4.019200000000000000e+04 2.528321788838707447e-128
4.025600000000000000e+04 2.528321788838707447e-128
4.032000000000000000e+04 2.528321788838707447e-128
4.038400000000000000e+04 1.886691695058770599e-128
4.044800000000000000e+04 1.886691695058770599e-128
4.051200000000000000e+04 4.227804994635402799e-129
4.057600000000000000e+04 3.309989264033064773e-129
4.064000000000000000e+04 5.919820116517354619e-130
4.070400000000000000e+04 5.919820116517354619e-130
4.076800000000000000e+04 5.919820116517354619e-130
4.083200000000000000e+04 5.919820116517354619e-130
4.089600000000000000e+04 5.919820116517354619e-130
4.096000000000000000e+04 2.902436531121885635e-130
4.102400000000000000e+04 1.711506292932516226e-131
4.108800000000000000e+04 1.711506292932516226e-131
4.115200000000000000e+04 1.711506292932516226e-131
4.121600000000000000e+04 1.711506292932516226e-131
4.128000000000000000e+04 1.711506292932516226e-131
4.134400000000000000e+04 3.293411552239329428e-132
4.140800000000000000e+04 3.293411552239329428e-132
4.147200000000000000e+04 8.077026005719187381e-133
4.153600000000000000e+04 7.809197030589512133e-133
4.160000000000000000e+04 7.809197030589512133e-133
4.166400000000000000e+04 7.508345739626448500e-133
4.172800000000000000e+04 7.508345739626448500e-133
4.179200000000000000e+04 7.508345739626448500e-133
4.185600000000000000e+04 5.230794398485858295e-133
4.192000000000000000e+04 1.377158882220695913e-133
4.198400000000000000e+04 9.981856051286828676e-134
4.204800000000000000e+04 8.988182069179454731e-134
4.211200000000000000e+04 6.964565326019970401e-134
4.217600000000000000e+04 1.960787885078102406e-134
4.224000000000000000e+04 1.625547271739166150e-134
4.230400000000000000e+04 1.059453855087268001e-134
4.236800000000000000e+04 1.059453855087268001e-134
4.243200000000000000e+04 8.421686105023986972e-135
4.249600000000000000e+04 4.556138242235411368e-136
4.256000000000000000e+04 3.677868264615159020e-137
4.262400000000000000e+04 3.677868264615159020e-137
4.268800000000000000e+04 3.677868264615159020e-137
4.275200000000000000e+04 3.677868264615159020e-137
4.281600000000000000e+04 3.677868264615159020e-137
4.288000000000000000e+04 3.677868264615159020e-137
4.294400000000000000e+04 3.677868264615159020e-137
4.300800000000000000e+04 3.677868264615159020e-137
4.307200000000000000e+04 2.771637304326426342e-137
4.313600000000000000e+04 2.771637304326426342e-137
4.320000000000000000e+04 2.055745417825396739e-137
4.326400000000000000e+04 2.055745417825396739e-137
4.332800000000000000e+04 1.864634060728433735e-137
4.339200000000000000e+04 1.864634060728433735e-137
4.345600000000000000e+04 7.944235287426684829e-138
4.352000000000000000e+04 7.944235287426684829e-138
4.358400000000000000e+04 4.701637514666519215e-138
4.364800000000000000e+04 1.556966969468304311e-138
4.371200000000000000e+04 1.556966969468304311e-138
4.377600000000000000e+04 6.736813662980859291e-139
4.384000000000000000e+04 5.685831892663479051e-139
4.390400000000000000e+04 3.198427775724925046e-140
4.396800000000000000e+04 3.198427775724925046e-140
4.403200000000000000e+04 3.198427775724925046e-140
4.409600000000000000e+04 3.198427775724925046e-140
4.416000000000000000e+04 3.198427775724925046e-140
4.422400000000000000e+04 1.173137088606685809e-142
4.428800000000000000e+04 1.173137088606685809e-142
4.435200000000000000e+04 1.173137088606685809e-142
4.441600000000000000e+04 1.173137088606685809e-142
4.448000000000000000e+04 1.173137088606685809e-142
4.454400000000000000e+04 1.173137088606685809e-142
4.460800000000000000e+04 1.173137088606685809e-142
4.467200000000000000e+04 1.173137088606685809e-142
4.473600000000000000e+04 1.503498728221323727e-143
4.480000000000000000e+04 1.503498728221323727e-143
4.486400000000000000e+04 1.503498728221323727e-143
4.492800000000000000e+04 1.503498728221323727e-143
4.499200000000000000e+04 1.300265212400381894e-143
4.505600000000000000e+04 8.083040752697270656e-144
4.512000000000000000e+04 8.083040752697270656e-144
4.518400000000000000e+04 8.083040752697270656e-144
4.524800000000000000e+04 5.090968867047154299e-144
4.531200000000000000e+04 5.090968867047154299e-144
4.537600000000000000e+04 5.090968867047154299e-144
4.544000000000000000e+04 5.090968867047154299e-144
4.550400000000000000e+04 1.150680000533602202e-144
4.556800000000000000e+04 1.150680000533602202e-144
4.563200000000000000e+04 8.157495122266837495e-145
4.569600000000000000e+04 6.880288665677805536e-145
4.576000000000000000e+04 1.090628847445051345e-145
4.582400000000000000e+04 1.090628847445051345e-145
4.588800000000000000e+04 1.090628847445051345e-145
4.595200000000000000e+04 5.786487017776380443e-146
4.601600000000000000e+04 8.314284859339687659e-147
4.608000000000000000e+04 8.314284859339687659e-147
4.614400000000000000e+04 3.240726666575169543e-147
4.620800000000000000e+04 3.240726666575169543e-147
4.627200000000000000e+04 1.877865429278533380e-147
4.633600000000000000e+04 1.877865429278533380e-147
4.640000000000000000e+04 1.192114400512721909e-147
4.646400000000000000e+04 8.571944707620260781e-148
4.652800000000000000e+04 2.638226782519937676e-148
4.659200000000000000e+04 2.638226782519937676e-148
4.665600000000000000e+04 2.638226782519937676e-148
4.672000000000000000e+04 2.638226782519937676e-148
4.678400000000000000e+04 2.638226782519937676e-148
4.684800000000000000e+04 2.278404684096934975e-148
4.691200000000000000e+04 2.278404684096934975e-148
4.697600000000000000e+04 3.576337465616130647e-149
4.704000000000000000e+04 3.576337465616130647e-149
4.710400000000000000e+04 1.583229694274837658e-149
4.716800000000000000e+04 2.804797714855548712e-150
4.723200000000000000e+04 2.804797714855548712e-150
4.729600000000000000e+04 2.804797714855548712e-150
4.736000000000000000e+04 2.804797714855548712e-150
4.742400000000000000e+04 2.804797714855548712e-150
4.748800000000000000e+04 1.475524355117849959e-150
4.755200000000000000e+04 4.452546766477596002e-151
4.761600000000000000e+04 6.905873558966902554e-152
4.768000000000000000e+04 6.641729076618306286e-152
4.774400000000000000e+04 6.641729076618306286e-152
4.780800000000000000e+04 6.641729076618306286e-152
4.787200000000000000e+04 6.641729076618306286e-152
4.793600000000000000e+04 6.641729076618306286e-152
4.800000000000000000e+04 5.291246176238479703e-152
4.806400000000000000e+04 1.566614404179464794e-152
4.812800000000000000e+04 1.502434648314014429e-152
4.819200000000000000e+04 4.710750708725595804e-153
4.825600000000000000e+04 4.710750708725595804e-153
4.832000000000000000e+04 2.334028524052432921e-153
4.838400000000000000e+04 2.334028524052432921e-153
4.844800000000000000e+04 2.334028524052432921e-153
4.851200000000000000e+04 8.848313676178163881e-154
4.857600000000000000e+04 8.848313676178163881e-154
4.864000000000000000e+04 7.988526912537117195e-154
4.870400000000000000e+04 7.068569559407760231e-154
4.876800000000000000e+04 3.432839027007980826e-154
4.883200000000000000e+04 3.432839027007980826e-154
4.889600000000000000e+04 2.745085416119964544e-154
4.896000000000000000e+04 4.956635997683795052e-155
4.902400000000000000e+04 4.956635997683795052e-155
4.908800000000000000e+04 6.033590059582271579e-156
4.915200000000000000e+04 6.033590059582271579e-156
4.921600000000000000e+04 6.033590059582271579e-156
4.928000000000000000e+04 6.033590059582271579e-156
4.934400000000000000e+04 2.166472343818032136e-156
4.940800000000000000e+04 2.166472343818032136e-156
4.947200000000000000e+04 1.122298202787197129e-156
4.953600000000000000e+04 1.122298202787197129e-156
4.960000000000000000e+04 6.343961209303091487e-157
4.966400000000000000e+04 1.679829787206601712e-157
4.972800000000000000e+04 1.679829787206601712e-157
4.979200000000000000e+04 1.679829787206601712e-157
4.985600000000000000e+04 2.681347611933076365e-159
4.992000000000000000e+04 2.681347611933076365e-159
4.998400000000000000e+04 2.681347611933076365e-159
5.004800000000000000e+04 2.681347611933076365e-159
5.011200000000000000e+04 9.097997514255007301e-161
5.017600000000000000e+04 9.097997514255007301e-161
5.024000000000000000e+04 9.097997514255007301e-161
5.030400000000000000e+04 9.097997514255007301e-161
5.036800000000000000e+04 9.097997514255007301e-161
5.043200000000000000e+04 9.097997514255007301e-161
5.049600000000000000e+04 9.097997514255007301e-161
5.056000000000000000e+04 9.097997514255007301e-161
5.062400000000000000e+04 9.097997514255007301e-161
5.068800000000000000e+04 9.097997514255007301e-161
5.075200000000000000e+04 9.097997514255007301e-161
5.081600000000000000e+04 9.097997514255007301e-161
5.088000000000000000e+04 9.097997514255007301e-161
5.094400000000000000e+04 7.761684503273104737e-161
5.100800000000000000e+04 3.968885658465710786e-161
5.107200000000000000e+04 1.320398696086128089e-161
5.113600000000000000e+04 1.320398696086128089e-161
5.120000000000000000e+04 1.320398696086128089e-161
5.126400000000000000e+04 1.320398696086128089e-161
5.132800000000000000e+04 4.891612637411975519e-162
5.139200000000000000e+04 4.900294938028106385e-165
5.145600000000000000e+04 4.900294938028106385e-165
5.152000000000000000e+04 4.900294938028106385e-165
5.158400000000000000e+04 4.900294938028106385e-165
5.164800000000000000e+04 4.900294938028106385e-165
5.171200000000000000e+04 4.900294938028106385e-165
5.177600000000000000e+04 4.900294938028106385e-165
5.184000000000000000e+04 4.900294938028106385e-165
5.190400000000000000e+04 4.900294938028106385e-165
5.196800000000000000e+04 4.900294938028106385e-165
5.203200000000000000e+04 4.900294938028106385e-165
5.209600000000000000e+04 4.900294938028106385e-165
5.216000000000000000e+04 4.900294938028106385e-165
5.222400000000000000e+04 4.900294938028106385e-165
5.228800000000000000e+04 4.900294938028106385e-165
5.235200000000000000e+04 4.900294938028106385e-165
5.241600000000000000e+04 3.468333764821320554e-165
5.248000000000000000e+04 7.052156143802395079e-166
5.254400000000000000e+04 7.052156143802395079e-166
5.260800000000000000e+04 7.052156143802395079e-166
5.267200000000000000e+04 7.052156143802395079e-166
5.273600000000000000e+04 1.478235530847026914e-166
5.280000000000000000e+04 1.478235530847026914e-166
5.286400000000000000e+04 1.478235530847026914e-166
5.292800000000000000e+04 5.615273170283083844e-167
5.299200000000000000e+04 5.615273170283083844e-167
5.305600000000000000e+04 1.595497381075307701e-167
5.312000000000000000e+04 1.030383328988467083e-167
5.318400000000000000e+04 1.030383328988467083e-167
5.324800000000000000e+04 1.030383328988467083e-167
5.331200000000000000e+04 1.030383328988467083e-167
5.337600000000000000e+04 5.068758409016484741e-168
5.344000000000000000e+04 3.535290435855501324e-169
5.350400000000000000e+04 2.117506132587549696e-169
5.356800000000000000e+04 2.117506132587549696e-169
5.363200000000000000e+04 2.117506132587549696e-169
5.369600000000000000e+04 2.117506132587549696e-169
5.376000000000000000e+04 1.253739877025383740e-170
5.382400000000000000e+04 1.253739877025383740e-170
5.388800000000000000e+04 9.769568866813234773e-171
5.395200000000000000e+04 9.769568866813234773e-171
5.401600000000000000e+04 5.278577780467187301e-171
5.408000000000000000e+04 5.278577780467187301e-171
5.414400000000000000e+04 5.278577780467187301e-171
5.420800000000000000e+04 2.313705976774908714e-171
5.427200000000000000e+04 1.096513123905447998e-171
5.433600000000000000e+04 1.096513123905447998e-171
5.440000000000000000e+04 1.096513123905447998e-171
5.446400000000000000e+04 6.973456144124669598e-172
5.452800000000000000e+04 6.973456144124669598e-172
5.459200000000000000e+04 3.799195031405704187e-173
5.465600000000000000e+04 3.799195031405704187e-173
5.472000000000000000e+04 3.799195031405704187e-173
5.478400000000000000e+04 1.264186921395469500e-173
5.484800000000000000e+04 1.264186921395469500e-173
5.491200000000000000e+04 8.894345636906780901e-174
5.497600000000000000e+04 1.164487582284319616e-174
5.504000000000000000e+04 1.164487582284319616e-174
5.510400000000000000e+04 1.164487582284319616e-174
5.516800000000000000e+04 6.333958440305171618e-175
5.523200000000000000e+04 6.333958440305171618e-175
5.529600000000000000e+04 6.333958440305171618e-175
5.536000000000000000e+04 6.333958440305171618e-175
5.542400000000000000e+04 6.333958440305171618e-175
5.548800000000000000e+04 1.167533158629622513e-175
5.555200000000000000e+04 9.282362450434893993e-176
5.561600000000000000e+04 1.058053274452877928e-176
5.568000000000000000e+04 1.058053274452877928e-176
5.574400000000000000e+04 1.058053274452877928e-176
5.580800000000000000e+04 1.058053274452877928e-176
5.587200000000000000e+04 1.058053274452877928e-176
5.593600000000000000e+04 9.423338697212122360e-177
5.600000000000000000e+04 9.423338697212122360e-177
5.606400000000000000e+04 5.145896675601033405e-177
5.612800000000000000e+04 2.166882799034906076e-177
5.619200000000000000e+04 2.166882799034906076e-177
5.625600000000000000e+04 1.735833288197574765e-177
5.632000000000000000e+04 1.735833288197574765e-177
5.638400000000000000e+04 2.930350554983220595e-178
5.644800000000000000e+04 1.119558008929828873e-180
5.651200000000000000e+04 1.119558008929828873e-180
5.657600000000000000e+04 1.119558008929828873e-180
5.664000000000000000e+04 1.119558008929828873e-180
5.670400000000000000e+04 1.119558008929828873e-180
5.676800000000000000e+04 1.119558008929828873e-180
5.683200000000000000e+04 1.119558008929828873e-180
5.689600000000000000e+04 1.119558008929828873e-180
5.696000000000000000e+04 1.038578599682087790e-180
5.702400000000000000e+04 1.038578599682087790e-180
5.708800000000000000e+04 1.038578599682087790e-180
5.715200000000000000e+04 1.241584150611276500e-182
5.721600000000000000e+04 1.241584150611276500e-182
5.728000000000000000e+04 1.241584150611276500e-182
5.734400000000000000e+04 1.241584150611276500e-182
5.740800000000000000e+04 1.241584150611276500e-182
5.747200000000000000e+04 1.241584150611276500e-182
5.753600000000000000e+04 1.214913457699529144e-182
5.760000000000000000e+04 1.214913457699529144e-182
5.766400000000000000e+04 1.214913457699529144e-182
5.772800000000000000e+04 5.950244555339876452e-183
5.779200000000000000e+04 1.315866948749455080e-183
5.785600000000000000e+04 1.315866948749455080e-183
5.792000000000000000e+04 1.315866948749455080e-183
5.798400000000000000e+04 1.315866948749455080e-183
5.804800000000000000e+04 1.315866948749455080e-183
5.811200000000000000e+04 2.208568529692917127e-184
5.817600000000000000e+04 2.208568529692917127e-184
5.824000000000000000e+04 2.208568529692917127e-184
5.830400000000000000e+04 2.208568529692917127e-184
5.836800000000000000e+04 3.036416599954261028e-185
5.843200000000000000e+04 3.036416599954261028e-185
5.849600000000000000e+04 3.036416599954261028e-185
5.856000000000000000e+04 3.036416599954261028e-185
5.862400000000000000e+04 3.036416599954261028e-185
5.868800000000000000e+04 3.036416599954261028e-185
5.875200000000000000e+04 1.679835045388117468e-185
5.881600000000000000e+04 1.679835045388117468e-185
5.888000000000000000e+04 1.679835045388117468e-185
5.894400000000000000e+04 7.436059165162175448e-186
5.900800000000000000e+04 1.475570422526496134e-186
5.907200000000000000e+04 1.475570422526496134e-186
5.913600000000000000e+04 1.475570422526496134e-186
5.920000000000000000e+04 1.475570422526496134e-186
5.926400000000000000e+04 5.118447484684503999e-187
5.932800000000000000e+04 2.362682730341168991e-187
5.939200000000000000e+04 2.362682730341168991e-187
5.945600000000000000e+04 1.543635310307064755e-187
5.952000000000000000e+04 1.727767448125913020e-188
5.958400000000000000e+04 1.727767448125913020e-188
5.964800000000000000e+04 5.715346753593493759e-189
5.971200000000000000e+04 5.715346753593493759e-189
5.977600000000000000e+04 5.715346753593493759e-189
5.984000000000000000e+04 5.715346753593493759e-189
5.990400000000000000e+04 5.715346753593493759e-189
5.996800000000000000e+04 1.982289262786980307e-189
6.003200000000000000e+04 1.982289262786980307e-189
6.009600000000000000e+04 5.834042339041902902e-190
6.016000000000000000e+04 4.652938370114175647e-190
6.022400000000000000e+04 4.652938370114175647e-190
6.028800000000000000e+04 3.906993346189015011e-191
6.035200000000000000e+04 3.906993346189015011e-191
6.041600000000000000e+04 3.906993346189015011e-191
6.048000000000000000e+04 3.906993346189015011e-191
6.054400000000000000e+04 3.906993346189015011e-191
6.060800000000000000e+04 1.879138456570533741e-191
6.067200000000000000e+04 6.712373621744724316e-192
6.073600000000000000e+04 2.260123885244901531e-192
6.080000000000000000e+04 1.147525161931031120e-193
6.086400000000000000e+04 5.770158569981929048e-195
6.092800000000000000e+04 5.770158569981929048e-195
6.099200000000000000e+04 5.770158569981929048e-195
6.105600000000000000e+04 5.770158569981929048e-195
6.112000000000000000e+04 5.770158569981929048e-195
6.118400000000000000e+04 5.770158569981929048e-195
6.124800000000000000e+04 5.770158569981929048e-195
6.131200000000000000e+04 5.770158569981929048e-195
6.137600000000000000e+04 5.770158569981929048e-195
6.144000000000000000e+04 5.770158569981929048e-195
6.150400000000000000e+04 5.770158569981929048e-195
6.156800000000000000e+04 4.698329380992556344e-195
6.163200000000000000e+04 1.293207259451150899e-195
6.169600000000000000e+04 1.293207259451150899e-195
6.176000000000000000e+04 1.293207259451150899e-195
6.182400000000000000e+04 1.293207259451150899e-195
6.188800000000000000e+04 6.098742013527395402e-197
6.195200000000000000e+04 6.098742013527395402e-197
6.201600000000000000e+04 6.098742013527395402e-197
6.208000000000000000e+04 6.098742013527395402e-197
6.214400000000000000e+04 6.098742013527395402e-197
6.220800000000000000e+04 6.098742013527395402e-197
6.227200000000000000e+04 2.789056838605801545e-197
6.233600000000000000e+04 2.789056838605801545e-197
6.240000000000000000e+04 1.179064310734629902e-197
6.246400000000000000e+04 7.355368864107716274e-198
6.252800000000000000e+04 7.355368864107716274e-198
6.259200000000000000e+04 6.456966504246015726e-199
6.265600000000000000e+04 6.456966504246015726e-199
6.272000000000000000e+04 6.456966504246015726e-199
6.278400000000000000e+04 6.456966504246015726e-199
6.284800000000000000e+04 6.456966504246015726e-199
6.291200000000000000e+04 3.541014012909179475e-199
6.297600000000000000e+04 1.161153500528117157e-199
6.304000000000000000e+04 1.161153500528117157e-199
6.310400000000000000e+04 7.293161052349436084e-200
6.316800000000000000e+04 7.293161052349436084e-200
6.323200000000000000e+04 1.940810657476281362e-200
6.329600000000000000e+04 1.940810657476281362e-200
6.336000000000000000e+04 1.940810657476281362e-200
6.342400000000000000e+04 1.753125882252799197e-201
6.348800000000000000e+04 1.753125882252799197e-201
6.355200000000000000e+04 1.753125882252799197e-201
6.361600000000000000e+04 1.753125882252799197e-201
6.368000000000000000e+04 4.722189264184930484e-202
6.374400000000000000e+04 4.722189264184930484e-202
6.380800000000000000e+04 4.722189264184930484e-202
6.387200000000000000e+04 4.722189264184930484e-202
6.393600000000000000e+04 7.200139225681264363e-203
6.400000000000000000e+04 7.200139225681264363e-203
6.406400000000000000e+04 7.200139225681264363e-203
6.412800000000000000e+04 7.200139225681264363e-203
6.419200000000000000e+04 6.526849226338913151e-203
6.425600000000000000e+04 6.526849226338913151e-203
6.432000000000000000e+04 5.541445494908551207e-203
6.438400000000000000e+04 3.476583000608669615e-203
6.444800000000000000e+04 5.949538972524268381e-204
6.451200000000000000e+04 2.874714907042940545e-204
6.457600000000000000e+04 1.299245179797992992e-204
6.464000000000000000e+04 1.299245179797992992e-204
6.470400000000000000e+04 1.299245179797992992e-204
6.476800000000000000e+04 4.410793052292187603e-206
6.483200000000000000e+04 4.410793052292187603e-206
6.489600000000000000e+04 4.410793052292187603e-206
6.496000000000000000e+04 4.410793052292187603e-206
6.502400000000000000e+04 4.410793052292187603e-206
6.508800000000000000e+04 4.410793052292187603e-206
6.515200000000000000e+04 5.035464835405454663e-207
6.521600000000000000e+04 5.035464835405454663e-207
6.528000000000000000e+04 5.035464835405454663e-207
6.534400000000000000e+04 5.035464835405454663e-207
6.540800000000000000e+04 5.035464835405454663e-207
6.547200000000000000e+04 5.035464835405454663e-207
6.553600000000000000e+04 4.730807109215026167e-207
6.560000000000000000e+04 3.284023673839118835e-207
6.566400000000000000e+04 7.892502180378582965e-208
6.572800000000000000e+04 7.892502180378582965e-208
6.579200000000000000e+04 7.892502180378582965e-208
6.585600000000000000e+04 3.628237490005134831e-208
6.592000000000000000e+04 3.628237490005134831e-208
6.598400000000000000e+04 3.628237490005134831e-208
6.604800000000000000e+04 3.628237490005134831e-208
6.611200000000000000e+04 2.302851972645028750e-208
6.617600000000000000e+04 6.069112742927185660e-209
6.624000000000000000e+04 1.033929096074273898e-209
6.630400000000000000e+04 1.033929096074273898e-209
6.636800000000000000e+04 1.033929096074273898e-209
6.643200000000000000e+04 1.033929096074273898e-209
6.649600000000000000e+04 1.033929096074273898e-209
6.656000000000000000e+04 1.033929096074273898e-209
6.662400000000000000e+04 9.522689102083666661e-210
6.668800000000000000e+04 9.134616978259357164e-211
6.675200000000000000e+04 4.562894356181052870e-211
6.681600000000000000e+04 4.562894356181052870e-211
6.688000000000000000e+04 3.612704186852478205e-211
6.694400000000000000e+04 3.612704186852478205e-211
6.700800000000000000e+04 3.199410290554532326e-211
6.707200000000000000e+04 3.199410290554532326e-211
6.713600000000000000e+04 3.199410290554532326e-211
6.720000000000000000e+04 1.032702339145245250e-211
6.726400000000000000e+04 1.032702339145245250e-211
6.732800000000000000e+04 2.473740614713028938e-212
6.739200000000000000e+04 2.473740614713028938e-212
6.745600000000000000e+04 2.473740614713028938e-212
6.752000000000000000e+04 6.954442717936957416e-213
6.758400000000000000e+04 4.202427229442015545e-213
6.764800000000000000e+04 3.972035966009855395e-213
6.771200000000000000e+04 3.972035966009855395e-213
6.777600000000000000e+04 3.972035966009855395e-213
6.784000000000000000e+04 3.972035966009855395e-213
6.790400000000000000e+04 8.294447777217219212e-214
6.796800000000000000e+04 2.133962619478975613e-214
6.803200000000000000e+04 2.133962619478975613e-214
6.809600000000000000e+04 1.377832358661806962e-214
6.816000000000000000e+04 1.377832358661806962e-214
6.822400000000000000e+04 9.461645212356086826e-216
6.828800000000000000e+04 6.205639573509390531e-216
6.835200000000000000e+04 6.205639573509390531e-216
6.841600000000000000e+04 3.493146165298057432e-216
6.848000000000000000e+04 3.493146165298057432e-216
6.854400000000000000e+04 2.193211342264551692e-216
6.860800000000000000e+04 1.065691892655114016e-216
6.867200000000000000e+04 9.095712426109746264e-218
6.873600000000000000e+04 9.095712426109746264e-218
6.880000000000000000e+04 9.095712426109746264e-218
6.886400000000000000e+04 9.095712426109746264e-218
6.892800000000000000e+04 9.095712426109746264e-218
6.899200000000000000e+04 6.894787882533553868e-218
6.905600000000000000e+04 6.894787882533553868e-218
6.912000000000000000e+04 6.894787882533553868e-218
6.918400000000000000e+04 4.251538422384564655e-218
6.924800000000000000e+04 4.251538422384564655e-218
6.931200000000000000e+04 1.995255142635783782e-218
6.937600000000000000e+04 1.995255142635783782e-218
6.944000000000000000e+04 1.995255142635783782e-218
6.950400000000000000e+04 1.309197899870863667e-218
6.956800000000000000e+04 1.309197899870863667e-218
6.963200000000000000e+04 8.345835931784536302e-219
6.969600000000000000e+04 1.391952970194845771e-219
6.976000000000000000e+04 4.591708158505222928e-221
6.982400000000000000e+04 4.591708158505222928e-221
6.988800000000000000e+04 4.591708158505222928e-221
6.995200000000000000e+04 4.591708158505222928e-221
7.001600000000000000e+04 4.591708158505222928e-221
7.008000000000000000e+04 4.591708158505222928e-221
7.014400000000000000e+04 2.688703924389327800e-221
7.020800000000000000e+04 2.688703924389327800e-221
7.027200000000000000e+04 2.688703924389327800e-221
7.033600000000000000e+04 5.802854920594049956e-222
7.040000000000000000e+04 1.651945665878378394e-222
7.046400000000000000e+04 1.048544940102397135e-222
7.052800000000000000e+04 1.048544940102397135e-222
7.059200000000000000e+04 1.048544940102397135e-222
7.065600000000000000e+04 1.048544940102397135e-222
7.072000000000000000e+04 1.048544940102397135e-222
7.078400000000000000e+04 4.729831929314230597e-223
7.084800000000000000e+04 1.900473432371703110e-223
7.091200000000000000e+04 1.900473432371703110e-223
7.097600000000000000e+04 1.896320713633382447e-224
7.104000000000000000e+04 1.171715178850362841e-224
7.110400000000000000e+04 8.790611831911243021e-225
7.116800000000000000e+04 2.366966070157868067e-225
7.123200000000000000e+04 2.366966070157868067e-225
7.129600000000000000e+04 2.366966070157868067e-225
7.136000000000000000e+04 1.050699837362354896e-225
7.142400000000000000e+04 5.730220204592094119e-226
7.148800000000000000e+04 5.730220204592094119e-226
7.155200000000000000e+04 5.730220204592094119e-226
7.161600000000000000e+04 5.730220204592094119e-226
7.168000000000000000e+04 5.730220204592094119e-226
7.174400000000000000e+04 3.824805623871053497e-226
7.180800000000000000e+04 2.221738319212616027e-226
7.187200000000000000e+04 2.221738319212616027e-226
7.193600000000000000e+04 6.512421907606506400e-227
7.200000000000000000e+04 1.032089411263991065e-227
7.206400000000000000e+04 1.032089411263991065e-227
7.212800000000000000e+04 2.139957197865856046e-228
7.219200000000000000e+04 2.139957197865856046e-228
7.225600000000000000e+04 2.139957197865856046e-228
7.232000000000000000e+04 5.463845095844961454e-229
7.238400000000000000e+04 5.463845095844961454e-229
7.244800000000000000e+04 5.463845095844961454e-229
7.251200000000000000e+04 4.901992620677792846e-229
7.257600000000000000e+04 4.901992620677792846e-229
7.264000000000000000e+04 3.177087679663822022e-229
7.270400000000000000e+04 3.177087679663822022e-229
7.276800000000000000e+04 3.177087679663822022e-229
7.283200000000000000e+04 3.177087679663822022e-229
7.289600000000000000e+04 6.748886023225766719e-230
7.296000000000000000e+04 6.748886023225766719e-230
7.302400000000000000e+04 4.665004174283574091e-230
7.308800000000000000e+04 4.665004174283574091e-230
7.315200000000000000e+04 1.793316960978923369e-230
7.321600000000000000e+04 6.326723837588881368e-231
7.328000000000000000e+04 6.326723837588881368e-231
7.334400000000000000e+04 5.189836974989580768e-231
7.340800000000000000e+04 4.327003956997161763e-231
7.347200000000000000e+04 4.327003956997161763e-231
7.353600000000000000e+04 3.142900921218232945e-231
7.360000000000000000e+04 3.981826699820919433e-232
7.366400000000000000e+04 3.790805460644330646e-232
7.372800000000000000e+04 2.617862238882360926e-232
7.379200000000000000e+04 2.617862238882360926e-232
7.385600000000000000e+04 5.068569220017505918e-233
7.392000000000000000e+04 5.068569220017505918e-233
7.398400000000000000e+04 3.911710997575986471e-233
7.404800000000000000e+04 2.798242906002638448e-233
7.411200000000000000e+04 2.798242906002638448e-233
7.417600000000000000e+04 2.798242906002638448e-233
7.424000000000000000e+04 1.286642391546835943e-233
7.430400000000000000e+04 1.286642391546835943e-233
7.436800000000000000e+04 1.286664277533007937e-234
7.443200000000000000e+04 2.065831152715115944e-235
7.449600000000000000e+04 2.065831152715115944e-235
7.456000000000000000e+04 2.065831152715115944e-235
7.462400000000000000e+04 2.065831152715115944e-235
7.468800000000000000e+04 2.065831152715115944e-235
7.475200000000000000e+04 2.065831152715115944e-235
7.481600000000000000e+04 2.065831152715115944e-235
7.488000000000000000e+04 2.065831152715115944e-235
7.494400000000000000e+04 7.579703711257308908e-236
7.500800000000000000e+04 7.579703711257308908e-236
7.507200000000000000e+04 3.583357568463459348e-236
7.513600000000000000e+04 3.583357568463459348e-236
7.520000000000000000e+04 2.392629600821146858e-236
7.526400000000000000e+04 1.497395284170954434e-236
7.532800000000000000e+04 3.322975986019821016e-237
7.539200000000000000e+04 3.322975986019821016e-237
7.545600000000000000e+04 2.265130681474636012e-237
7.552000000000000000e+04 2.265130681474636012e-237
7.558400000000000000e+04 2.265130681474636012e-237
7.564800000000000000e+04 2.079342685570716345e-237
7.571200000000000000e+04 8.333897762000992085e-238
7.577600000000000000e+04 8.333897762000992085e-238
7.584000000000000000e+04 1.343992609134417785e-238
7.590400000000000000e+04 1.343992609134417785e-238
7.596800000000000000e+04 9.888976027405296456e-239
7.603200000000000000e+04 9.888976027405296456e-239
7.609600000000000000e+04 9.888976027405296456e-239
7.616000000000000000e+04 1.371432391044650115e-239
7.622400000000000000e+04 1.371432391044650115e-239
7.628800000000000000e+04 5.875602234475006032e-240
7.635200000000000000e+04 5.875602234475006032e-240
7.641600000000000000e+04 9.343435030511536761e-241
7.648000000000000000e+04 9.343435030511536761e-241
7.654400000000000000e+04 9.343435030511536761e-241
7.660800000000000000e+04 9.343435030511536761e-241
7.667200000000000000e+04 6.658206649280805259e-241
7.673600000000000000e+04 4.233083566271661467e-241
7.680000000000000000e+04 4.233083566271661467e-241
7.686400000000000000e+04 4.233083566271661467e-241
7.692800000000000000e+04 2.128158706314324721e-241
7.699200000000000000e+04 8.972186923103265020e-242
7.705600000000000000e+04 1.841343831697214255e-242
7.712000000000000000e+04 1.841343831697214255e-242
7.718400000000000000e+04 1.635680230631857282e-242
7.724800000000000000e+04 9.533055551089911740e-244
7.731200000000000000e+04 9.533055551089911740e-244
7.737600000000000000e+04 9.533055551089911740e-244
7.744000000000000000e+04 9.533055551089911740e-244
7.750400000000000000e+04 9.533055551089911740e-244
7.756800000000000000e+04 9.533055551089911740e-244
7.763200000000000000e+04 5.302699100964286948e-244
7.769600000000000000e+04 3.405263412957521101e-245
7.776000000000000000e+04 3.405263412957521101e-245
7.782400000000000000e+04 3.405263412957521101e-245
7.788800000000000000e+04 2.929646734431121852e-245
7.795200000000000000e+04 2.929646734431121852e-245
7.801600000000000000e+04 2.929646734431121852e-245
7.808000000000000000e+04 1.916968000629210512e-245
7.814400000000000000e+04 1.916968000629210512e-245
7.820800000000000000e+04 1.891225776257836741e-245
7.827200000000000000e+04 1.765427658537076846e-245
7.833600000000000000e+04 6.761344899624971485e-247
7.840000000000000000e+04 6.761344899624971485e-247
7.846400000000000000e+04 1.265482755487992206e-247
7.852800000000000000e+04 1.265482755487992206e-247
7.859200000000000000e+04 1.265482755487992206e-247
7.865600000000000000e+04 1.265482755487992206e-247
7.872000000000000000e+04 1.670763904060714129e-248
7.878400000000000000e+04 1.670763904060714129e-248
7.884800000000000000e+04 1.670763904060714129e-248
7.891200000000000000e+04 1.670763904060714129e-248
7.897600000000000000e+04 9.614887008891869482e-249
7.904000000000000000e+04 9.614887008891869482e-249
7.910400000000000000e+04 7.755831405053198914e-249
7.916800000000000000e+04 6.796325766409480490e-249
7.923200000000000000e+04 4.299629149588907664e-249
7.929600000000000000e+04 4.947206578046223884e-250
7.936000000000000000e+04 4.947206578046223884e-250
7.942400000000000000e+04 2.121160402740733105e-250
7.948800000000000000e+04 7.062844532107413576e-252
7.955200000000000000e+04 7.062844532107413576e-252
7.961600000000000000e+04 7.062844532107413576e-252
7.968000000000000000e+04 7.062844532107413576e-252
7.974400000000000000e+04 7.062844532107413576e-252
7.980800000000000000e+04 1.057175810026250435e-252
7.987200000000000000e+04 1.057175810026250435e-252
7.993600000000000000e+04 1.057175810026250435e-252
8.000000000000000000e+04 1.057175810026250435e-252
8.006400000000000000e+04 1.057175810026250435e-252
8.012800000000000000e+04 4.113966261851415898e-253
8.019200000000000000e+04 9.947069370151697413e-254
8.025600000000000000e+04 9.947069370151697413e-254
8.032000000000000000e+04 9.947069370151697413e-254
8.038400000000000000e+04 9.947069370151697413e-254
8.044800000000000000e+04 2.731674643602561137e-255
8.051200000000000000e+04 2.731674643602561137e-255
8.057600000000000000e+04 2.731674643602561137e-255
8.064000000000000000e+04 2.731674643602561137e-255
8.070400000000000000e+04 2.459771481690347668e-257
8.076800000000000000e+04 2.459771481690347668e-257
8.083200000000000000e+04 2.459771481690347668e-257
8.089600000000000000e+04 2.459771481690347668e-257
8.096000000000000000e+04 2.459771481690347668e-257
8.102400000000000000e+04 2.459771481690347668e-257
8.108800000000000000e+04 3.577009435794912272e-259
8.115200000000000000e+04 3.577009435794912272e-259
8.121600000000000000e+04 3.577009435794912272e-259
8.128000000000000000e+04 3.577009435794912272e-259
8.134400000000000000e+04 3.577009435794912272e-259
8.140800000000000000e+04 3.577009435794912272e-259
8.147200000000000000e+04 3.577009435794912272e-259
8.153600000000000000e+04 3.577009435794912272e-259
8.160000000000000000e+04 3.577009435794912272e-259
8.166400000000000000e+04 3.577009435794912272e-259
8.172800000000000000e+04 3.577009435794912272e-259
8.179200000000000000e+04 3.577009435794912272e-259
8.185600000000000000e+04 3.577009435794912272e-259
8.192000000000000000e+04 3.577009435794912272e-259
8.198400000000000000e+04 3.397089812859056282e-259
8.204800000000000000e+04 1.293876338109854745e-259
8.211200000000000000e+04 1.160579517218121629e-259
8.217600000000000000e+04 1.160579517218121629e-259
8.224000000000000000e+04 1.160579517218121629e-259
8.230400000000000000e+04 7.980998462277286671e-260
8.236800000000000000e+04 6.178275061154198048e-260
8.243200000000000000e+04 3.010492975018228825e-260
8.249600000000000000e+04 1.518715983016541910e-261
8.256000000000000000e+04 1.518715983016541910e-261
8.262400000000000000e+04 1.518715983016541910e-261
8.268800000000000000e+04 1.518715983016541910e-261
8.275200000000000000e+04 1.518715983016541910e-261
8.281600000000000000e+04 1.518715983016541910e-261
8.288000000000000000e+04 2.408618205179746250e-263
8.294400000000000000e+04 2.170302868660909145e-263
8.300800000000000000e+04 2.170302868660909145e-263
8.307200000000000000e+04 2.170302868660909145e-263
8.313600000000000000e+04 5.666555885291418417e-264
8.320000000000000000e+04 5.666555885291418417e-264
8.326400000000000000e+04 5.666555885291418417e-264
8.332800000000000000e+04 5.666555885291418417e-264
8.339200000000000000e+04 2.398906956309028671e-265
8.345600000000000000e+04 2.398906956309028671e-265
8.352000000000000000e+04 2.398906956309028671e-265
8.358400000000000000e+04 2.398906956309028671e-265
8.364800000000000000e+04 2.398906956309028671e-265
8.371200000000000000e+04 2.398906956309028671e-265
8.377600000000000000e+04 1.218591362969755346e-265
8.384000000000000000e+04 1.218591362969755346e-265
8.390400000000000000e+04 1.218591362969755346e-265
8.396800000000000000e+04 1.218591362969755346e-265
8.403200000000000000e+04 6.038841227255124041e-266
8.409600000000000000e+04 6.038841227255124041e-266
8.416000000000000000e+04 3.333146208776050804e-266
8.422400000000000000e+04 3.333146208776050804e-266
8.428800000000000000e+04 5.936621247790089578e-267
8.435200000000000000e+04 5.936621247790089578e-267
8.441600000000000000e+04 9.659131527820599707e-268
8.448000000000000000e+04 9.659131527820599707e-268
8.454400000000000000e+04 9.397524487658389132e-269
8.460800000000000000e+04 9.397524487658389132e-269
8.467200000000000000e+04 9.397524487658389132e-269
8.473600000000000000e+04 9.397524487658389132e-269
8.480000000000000000e+04 9.397524487658389132e-269
8.486400000000000000e+04 9.397524487658389132e-269
8.492800000000000000e+04 9.397524487658389132e-269
8.499200000000000000e+04 2.705632492529459269e-269
8.505600000000000000e+04 2.705632492529459269e-269
8.512000000000000000e+04 2.705632492529459269e-269
8.518400000000000000e+04 1.930489668570122091e-269
8.524800000000000000e+04 1.930489668570122091e-269
8.531200000000000000e+04 1.676164268827600716e-269
8.537600000000000000e+04 2.085630846541051254e-270
8.544000000000000000e+04 2.085630846541051254e-270
8.550400000000000000e+04 1.849193040183422597e-270
8.556800000000000000e+04 1.849193040183422597e-270
8.563200000000000000e+04 1.631073680761508948e-270
8.569600000000000000e+04 8.424535881975242186e-271
8.576000000000000000e+04 3.339103408786303379e-271
8.582400000000000000e+04 1.180632486227434997e-271
8.588800000000000000e+04 1.180632486227434997e-271
8.595200000000000000e+04 5.114013646943382504e-272
8.601600000000000000e+04 5.114013646943382504e-272
8.608000000000000000e+04 1.579069131905743453e-274
8.614400000000000000e+04 1.579069131905743453e-274
8.620800000000000000e+04 1.579069131905743453e-274
8.627200000000000000e+04 1.579069131905743453e-274
8.633600000000000000e+04 1.579069131905743453e-274
8.640000000000000000e+04 1.579069131905743453e-274
8.646400000000000000e+04 1.579069131905743453e-274
8.652800000000000000e+04 1.579069131905743453e-274
8.659200000000000000e+04 1.579069131905743453e-274
8.665600000000000000e+04 1.579069131905743453e-274
8.672000000000000000e+04 1.579069131905743453e-274
8.678400000000000000e+04 1.579069131905743453e-274
8.684800000000000000e+04 1.579069131905743453e-274
8.691200000000000000e+04 1.284898759188436201e-275
8.697600000000000000e+04 1.284898759188436201e-275
8.704000000000000000e+04 1.284898759188436201e-275
8.710400000000000000e+04 1.284898759188436201e-275
8.716800000000000000e+04 1.284898759188436201e-275
8.723200000000000000e+04 2.485866880346749891e-276
8.729600000000000000e+04 2.485866880346749891e-276
8.736000000000000000e+04 2.485866880346749891e-276
8.742400000000000000e+04 1.610238493017530881e-276
8.748800000000000000e+04 1.610238493017530881e-276
8.755200000000000000e+04 1.610238493017530881e-276
8.761600000000000000e+04 9.404008761012573680e-277
8.768000000000000000e+04 9.333988985125105602e-277
8.774400000000000000e+04 5.015485385388230777e-277
8.780800000000000000e+04 5.015485385388230777e-277
8.787200000000000000e+04 2.381356714793819402e-277
8.793600000000000000e+04 1.163528116587792359e-278
8.800000000000000000e+04 1.163528116587792359e-278
8.806400000000000000e+04 1.163528116587792359e-278
8.812800000000000000e+04 1.163528116587792359e-278
8.819200000000000000e+04 1.163528116587792359e-278
8.825600000000000000e+04 5.766192340227868330e-281
8.832000000000000000e+04 5.766192340227868330e-281
8.838400000000000000e+04 5.766192340227868330e-281
8.844800000000000000e+04 5.766192340227868330e-281
8.851200000000000000e+04 5.766192340227868330e-281
8.857600000000000000e+04 5.766192340227868330e-281
8.864000000000000000e+04 5.766192340227868330e-281
8.870400000000000000e+04 5.766192340227868330e-281
8.876800000000000000e+04 5.766192340227868330e-281
8.883200000000000000e+04 5.766192340227868330e-281
8.889600000000000000e+04 5.766192340227868330e-281
8.896000000000000000e+04 5.766192340227868330e-281
8.902400000000000000e+04 2.685021111165801768e-281
8.908800000000000000e+04 9.317992971336827214e-282
8.915200000000000000e+04 9.317992971336827214e-282
8.921600000000000000e+04 5.517587826186342815e-282
8.928000000000000000e+04 5.517587826186342815e-282
8.934400000000000000e+04 2.732768813325772618e-282
8.940800000000000000e+04 1.678611312772945345e-282
8.947200000000000000e+04 1.678611312772945345e-282
8.953600000000000000e+04 4.987706833185484497e-283
8.960000000000000000e+04 3.729843046079770422e-283
8.966400000000000000e+04 1.859475712164515764e-283
8.972800000000000000e+04 1.859475712164515764e-283
8.979200000000000000e+04 1.897142715983196940e-284
8.985600000000000000e+04 1.897142715983196940e-284
8.992000000000000000e+04 1.897142715983196940e-284
8.998400000000000000e+04 6.213008413805988184e-285
9.004800000000000000e+04 5.157361965112471004e-285
9.011200000000000000e+04 5.157361965112471004e-285
9.017600000000000000e+04 5.157361965112471004e-285
9.024000000000000000e+04 4.140261286143005123e-285
9.030400000000000000e+04 3.494453498723563691e-286
9.036800000000000000e+04 3.494453498723563691e-286
9.043200000000000000e+04 3.494453498723563691e-286
9.049600000000000000e+04 3.494453498723563691e-286
9.056000000000000000e+04 2.102009210794841812e-287
9.062400000000000000e+04 2.102009210794841812e-287
9.068800000000000000e+04 2.102009210794841812e-287
9.075200000000000000e+04 1.768077302803633980e-287
9.081600000000000000e+04 1.768077302803633980e-287
9.088000000000000000e+04 1.768077302803633980e-287
9.094400000000000000e+04 6.332800631822489036e-288
9.100800000000000000e+04 2.392863250752448991e-288
9.107200000000000000e+04 9.409838172573961543e-289
9.113600000000000000e+04 4.477067296587923106e-290
9.120000000000000000e+04 4.477067296587923106e-290
9.126400000000000000e+04 4.477067296587923106e-290
9.132800000000000000e+04 4.477067296587923106e-290
9.139200000000000000e+04 4.477067296587923106e-290
9.145600000000000000e+04 4.477067296587923106e-290
9.152000000000000000e+04 9.446001592750262572e-291
9.158400000000000000e+04 9.446001592750262572e-291
9.164800000000000000e+04 9.446001592750262572e-291
9.171200000000000000e+04 9.446001592750262572e-291
9.177600000000000000e+04 9.031584042160051265e-291
9.184000000000000000e+04 9.031584042160051265e-291
9.190400000000000000e+04 9.031584042160051265e-291
9.196800000000000000e+04 1.542362627389268502e-291
9.203200000000000000e+04 1.542362627389268502e-291
9.209600000000000000e+04 2.282215736491326370e-292
9.216000000000000000e+04 2.282215736491326370e-292
9.222400000000000000e+04 2.282215736491326370e-292
9.228800000000000000e+04 2.282215736491326370e-292
9.235200000000000000e+04 2.282215736491326370e-292
9.241600000000000000e+04 2.239642239770391908e-292
9.248000000000000000e+04 2.239642239770391908e-292
9.254400000000000000e+04 2.239642239770391908e-292
9.260800000000000000e+04 1.941662740854438693e-292
9.267200000000000000e+04 3.735363535159610062e-293
9.273600000000000000e+04 3.735363535159610062e-293
9.280000000000000000e+04 1.689247897838061535e-293
9.286400000000000000e+04 1.689247897838061535e-293
9.292800000000000000e+04 9.195892926289522528e-294
9.299200000000000000e+04 9.195892926289522528e-294
9.305600000000000000e+04 7.379109994728140399e-295
9.312000000000000000e+04 7.379109994728140399e-295
9.318400000000000000e+04 7.379109994728140399e-295
9.324800000000000000e+04 7.379109994728140399e-295
9.331200000000000000e+04 7.379109994728140399e-295
9.337600000000000000e+04 3.991739206282914521e-295
9.344000000000000000e+04 3.615548472898449036e-295
9.350400000000000000e+04 3.615548472898449036e-295
9.356800000000000000e+04 1.070821803375866162e-295
9.363200000000000000e+04 1.070821803375866162e-295
9.369600000000000000e+04 8.762060554338469127e-296
9.376000000000000000e+04 8.762060554338469127e-296
9.382400000000000000e+04 1.199249829805293754e-296
9.388800000000000000e+04 1.199249829805293754e-296
9.395200000000000000e+04 5.866426434999654467e-297
9.401600000000000000e+04 1.692084410663621285e-297
9.408000000000000000e+04 1.692084410663621285e-297
9.414400000000000000e+04 1.692084410663621285e-297
9.420800000000000000e+04 1.535723369152764609e-297
9.427200000000000000e+04 1.535723369152764609e-297
9.433600000000000000e+04 6.872451343733286098e-298
9.440000000000000000e+04 3.305324287287676045e-298
9.446400000000000000e+04 1.747932043999656211e-298
9.452800000000000000e+04 7.273122090404498531e-299
9.459200000000000000e+04 1.302868919427404120e-299
9.465600000000000000e+04 1.302868919427404120e-299
9.472000000000000000e+04 1.302868919427404120e-299
9.478400000000000000e+04 1.221816863036625720e-299
9.484800000000000000e+04 1.682708430630846392e-300
9.491200000000000000e+04 1.682708430630846392e-300
9.497600000000000000e+04 1.682708430630846392e-300
9.504000000000000000e+04 1.045182589285730800e-300
9.510400000000000000e+04 1.045182589285730800e-300
9.516800000000000000e+04 1.045182589285730800e-300
9.523200000000000000e+04 4.188641683606424774e-301
9.529600000000000000e+04 5.578892056574174934e-302
9.536000000000000000e+04 5.578892056574174934e-302
9.542400000000000000e+04 5.578892056574174934e-302
9.548800000000000000e+04 2.540496066373912814e-302
9.555200000000000000e+04 2.540496066373912814e-302
9.561600000000000000e+04 2.540496066373912814e-302
9.568000000000000000e+04 1.342071080248256727e-303
9.574400000000000000e+04 1.342071080248256727e-303
9.580800000000000000e+04 1.342071080248256727e-303
9.587200000000000000e+04 1.203973837790650085e-303
9.593600000000000000e+04 1.115603189183930571e-305
9.600000000000000000e+04 1.115603189183930571e-305
9.606400000000000000e+04 1.115603189183930571e-305
9.612800000000000000e+04 1.115603189183930571e-305
9.619200000000000000e+04 1.115603189183930571e-305
9.625600000000000000e+04 1.115603189183930571e-305
9.632000000000000000e+04 1.115603189183930571e-305
9.638400000000000000e+04 1.115603189183930571e-305
9.644800000000000000e+04 1.115603189183930571e-305
9.651200000000000000e+04 1.115603189183930571e-305
9.657600000000000000e+04 1.115603189183930571e-305
9.664000000000000000e+04 1.115603189183930571e-305
9.670400000000000000e+04 8.069839845207112073e-306
9.676800000000000000e+04 7.836957608244663163e-306
9.683200000000000000e+04 7.784798470186819988e-306
9.689600000000000000e+04 3.168534082287052130e-306
9.696000000000000000e+04 2.830564959093038496e-306
9.702400000000000000e+04 7.317641579759678077e-308
9.708800000000000000e+04 7.317641579759678077e-308
9.715200000000000000e+04 3.570817083555018501e-309
9.721600000000000000e+04 3.570817083555018501e-309
9.728000000000000000e+04 6.531267159648970165e-310
9.734400000000000000e+04 6.531267159648970165e-310
9.740800000000000000e+04 6.531267159648970165e-310
9.747200000000000000e+04 6.531267159648970165e-310
9.753600000000000000e+04 6.531267159648970165e-310
9.760000000000000000e+04 6.531267159648970165e-310
9.766400000000000000e+04 6.531267159648970165e-310
9.772800000000000000e+04 6.531267159648970165e-310
9.779200000000000000e+04 6.531267159648970165e-310
9.785600000000000000e+04 6.531267159648970165e-310
9.792000000000000000e+04 6.531267159648970165e-310
9.798400000000000000e+04 6.531267159648970165e-310
9.804800000000000000e+04 6.531267159648970165e-310
9.811200000000000000e+04 4.907322890262133437e-311
9.817600000000000000e+04 4.907322890262133437e-311
9.824000000000000000e+04 4.907322890262133437e-311
9.830400000000000000e+04 4.394541739342746648e-312
9.836800000000000000e+04 4.394541739342746648e-312
9.843200000000000000e+04 2.153505562856579832e-312
9.849600000000000000e+04 1.915254049753201580e-312
9.856000000000000000e+04 1.915254049753201580e-312
9.862400000000000000e+04 1.915254049753201580e-312
9.868800000000000000e+04 3.058594110906767191e-314
9.875200000000000000e+04 3.058594110906767191e-314
9.881600000000000000e+04 3.058594110906767191e-314
9.888000000000000000e+04 3.058594110906767191e-314
9.894400000000000000e+04 3.058594110906767191e-314
9.900800000000000000e+04 3.058594110906767191e-314
9.907200000000000000e+04 3.058594110906767191e-314
9.913600000000000000e+04 3.058594110906767191e-314
9.920000000000000000e+04 3.058594110906767191e-314
9.926400000000000000e+04 2.376297300750592965e-314
9.932800000000000000e+04 1.974420265436668273e-314
9.939200000000000000e+04 6.840940772026417420e-315
9.945600000000000000e+04 6.840940772026417420e-315
9.952000000000000000e+04 8.504634172162281285e-316
9.958400000000000000e+04 8.504634172162281285e-316
9.964800000000000000e+04 8.486047126126346085e-316
9.971200000000000000e+04 2.570999885114443047e-316
9.977600000000000000e+04 2.570999885114443047e-316
9.984000000000000000e+04 1.125646954404587277e-316
9.990400000000000000e+04 6.663410006371141287e-317
9.996800000000000000e+04 6.663410006371141287e-317
1.000320000000000000e+05 6.663410006371141287e-317
