6.400000000000000000e+01 9.706379188653592449e-02
1.280000000000000000e+02 9.706379188653592449e-02
1.920000000000000000e+02 9.706379188653592449e-02
2.560000000000000000e+02 9.706379188653592449e-02
3.200000000000000000e+02 9.706379188653592449e-02
3.840000000000000000e+02 9.706379188653592449e-02
4.480000000000000000e+02 9.706379188653592449e-02
5.120000000000000000e+02 1.318860427954064371e-02
5.760000000000000000e+02 1.318860427954064371e-02
6.400000000000000000e+02 2.394543147732970233e-03
7.040000000000000000e+02 2.394543147732970233e-03
7.680000000000000000e+02 2.394543147732970233e-03
8.320000000000000000e+02 2.394543147732970233e-03
8.960000000000000000e+02 2.394543147732970233e-03
9.600000000000000000e+02 3.260680637218533648e-04
1.024000000000000000e+03 3.260680637218533648e-04
1.088000000000000000e+03 3.260680637218533648e-04
1.152000000000000000e+03 7.872043308138774651e-05
1.216000000000000000e+03 7.872043308138774651e-05
1.280000000000000000e+03 7.872043308138774651e-05
1.344000000000000000e+03 7.872043308138774651e-05
1.408000000000000000e+03 7.872043308138774651e-05
1.472000000000000000e+03 7.872043308138774651e-05
1.536000000000000000e+03 2.983375881405698289e-05
1.600000000000000000e+03 2.983375881405698289e-05
1.664000000000000000e+03 2.308601488374362336e-05
1.728000000000000000e+03 9.735671888825213701e-06
1.792000000000000000e+03 2.835352995692115968e-07
1.856000000000000000e+03 2.835352995692115968e-07
1.920000000000000000e+03 2.835352995692115968e-07
1.984000000000000000e+03 2.835352995692115968e-07
2.048000000000000000e+03 2.835352995692115968e-07
2.112000000000000000e+03 2.835352995692115968e-07
2.176000000000000000e+03 2.835352995692115968e-07
2.240000000000000000e+03 2.835352995692115968e-07
2.304000000000000000e+03 1.471535470372410144e-07
2.368000000000000000e+03 1.471535470372410144e-07
2.432000000000000000e+03 1.471535470372410144e-07
2.496000000000000000e+03 8.744862958451628285e-08
2.560000000000000000e+03 1.230870947839765018e-08
2.624000000000000000e+03 1.230870947839765018e-08
2.688000000000000000e+03 1.382356140576738800e-09
2.752000000000000000e+03 1.382356140576738800e-09
2.816000000000000000e+03 1.382356140576738800e-09
2.880000000000000000e+03 1.134303604783654564e-09
2.944000000000000000e+03 9.262596320155393727e-10
3.008000000000000000e+03 9.262596320155393727e-10
3.072000000000000000e+03 9.262596320155393727e-10
3.136000000000000000e+03 6.281376261114618909e-11
3.200000000000000000e+03 6.281376261114618909e-11
3.264000000000000000e+03 2.170134862335850433e-11
3.328000000000000000e+03 2.170134862335850433e-11
3.392000000000000000e+03 2.170134862335850433e-11
3.456000000000000000e+03 2.170134862335850433e-11
3.520000000000000000e+03 2.170134862335850433e-11
3.584000000000000000e+03 2.170134862335850433e-11
3.648000000000000000e+03 9.563715725029326867e-12
3.712000000000000000e+03 8.619362821243491478e-12
3.776000000000000000e+03 8.619362821243491478e-12
3.840000000000000000e+03 1.704985781094609170e-12
3.904000000000000000e+03 8.569711516272766036e-13
3.968000000000000000e+03 2.615820874502728092e-13
4.032000000000000000e+03 1.030322490094207879e-13
4.096000000000000000e+03 1.030322490094207879e-13
4.160000000000000000e+03 1.030322490094207879e-13
4.224000000000000000e+03 7.399780774533765426e-14
4.288000000000000000e+03 6.227076007225623661e-14
4.352000000000000000e+03 3.331080868826714717e-14
4.416000000000000000e+03 1.762734596593215937e-14
4.480000000000000000e+03 8.393113808904383163e-15
4.544000000000000000e+03 8.393113808904383163e-15
4.608000000000000000e+03 8.393113808904383163e-15
4.672000000000000000e+03 4.322082773187874195e-15
4.736000000000000000e+03 1.460578494239456870e-15
4.800000000000000000e+03 1.460578494239456870e-15
4.864000000000000000e+03 1.460578494239456870e-15
4.928000000000000000e+03 1.441621350076034849e-15
4.992000000000000000e+03 6.059729275912539545e-17
5.056000000000000000e+03 6.059729275912539545e-17
5.120000000000000000e+03 6.059729275912539545e-17
5.184000000000000000e+03 6.059729275912539545e-17
5.248000000000000000e+03 4.792920066102059592e-17
5.312000000000000000e+03 1.925408963808796714e-17
5.376000000000000000e+03 1.826752442075474708e-17
5.440000000000000000e+03 7.898740541878904900e-18
5.504000000000000000e+03 5.245171300810938624e-18
5.568000000000000000e+03 5.245171300810938624e-18
5.632000000000000000e+03 5.245171300810938624e-18
5.696000000000000000e+03 5.245171300810938624e-18
5.760000000000000000e+03 6.650128712139114567e-21
5.824000000000000000e+03 6.650128712139114567e-21
5.888000000000000000e+03 6.650128712139114567e-21
5.952000000000000000e+03 6.650128712139114567e-21
6.016000000000000000e+03 6.650128712139114567e-21
6.080000000000000000e+03 6.650128712139114567e-21
6.144000000000000000e+03 6.650128712139114567e-21
6.208000000000000000e+03 6.650128712139114567e-21
6.272000000000000000e+03 6.650128712139114567e-21
6.336000000000000000e+03 6.650128712139114567e-21
6.400000000000000000e+03 1.562498623538101926e-21
6.464000000000000000e+03 1.562498623538101926e-21
6.528000000000000000e+03 1.562498623538101926e-21
6.592000000000000000e+03 1.562498623538101926e-21
6.656000000000000000e+03 3.803214556148608860e-22
6.720000000000000000e+03 3.803214556148608860e-22
6.784000000000000000e+03 3.803214556148608860e-22
6.848000000000000000e+03 3.803214556148608860e-22
6.912000000000000000e+03 8.573688926886042909e-23
6.976000000000000000e+03 8.087587930562880823e-23
7.040000000000000000e+03 7.219793235906729033e-23
7.104000000000000000e+03 7.891262202735628891e-26
7.168000000000000000e+03 7.891262202735628891e-26
7.232000000000000000e+03 7.891262202735628891e-26
7.296000000000000000e+03 7.891262202735628891e-26
7.360000000000000000e+03 7.891262202735628891e-26
7.424000000000000000e+03 7.891262202735628891e-26
7.488000000000000000e+03 7.891262202735628891e-26
7.552000000000000000e+03 7.891262202735628891e-26
7.616000000000000000e+03 7.891262202735628891e-26
7.680000000000000000e+03 7.891262202735628891e-26
7.744000000000000000e+03 7.891262202735628891e-26
7.808000000000000000e+03 7.891262202735628891e-26
7.872000000000000000e+03 7.891262202735628891e-26
7.936000000000000000e+03 7.891262202735628891e-26
8.000000000000000000e+03 7.891262202735628891e-26
8.064000000000000000e+03 2.035698162013483557e-26
8.128000000000000000e+03 7.549518038582574321e-27
8.192000000000000000e+03 7.549518038582574321e-27
8.256000000000000000e+03 7.549518038582574321e-27
8.320000000000000000e+03 6.102000008698469933e-27
8.384000000000000000e+03 6.102000008698469933e-27
8.448000000000000000e+03 6.102000008698469933e-27
8.512000000000000000e+03 1.176221633604467390e-27
8.576000000000000000e+03 1.176221633604467390e-27
8.640000000000000000e+03 1.176221633604467390e-27
8.704000000000000000e+03 6.346412775180215595e-29
8.768000000000000000e+03 6.346412775180215595e-29
8.832000000000000000e+03 6.346412775180215595e-29
8.896000000000000000e+03 6.346412775180215595e-29
8.960000000000000000e+03 4.886528003733415651e-29
9.024000000000000000e+03 9.802846905539107619e-31
9.088000000000000000e+03 9.802846905539107619e-31
9.152000000000000000e+03 9.802846905539107619e-31
9.216000000000000000e+03 9.802846905539107619e-31
9.280000000000000000e+03 9.802846905539107619e-31
9.344000000000000000e+03 9.802846905539107619e-31
9.408000000000000000e+03 9.802846905539107619e-31
9.472000000000000000e+03 7.700163607480594311e-31
9.536000000000000000e+03 1.897279653831400140e-31
9.600000000000000000e+03 1.897279653831400140e-31
9.664000000000000000e+03 1.506013986374786098e-32
9.728000000000000000e+03 1.464372036148923328e-32
9.792000000000000000e+03 1.464372036148923328e-32
9.856000000000000000e+03 1.464372036148923328e-32
9.920000000000000000e+03 1.464372036148923328e-32
9.984000000000000000e+03 1.464372036148923328e-32
1.004800000000000000e+04 3.933621669158694969e-33
1.011200000000000000e+04 3.933621669158694969e-33
1.017600000000000000e+04 3.933621669158694969e-33
1.024000000000000000e+04 7.521201083872449240e-34
1.030400000000000000e+04 6.315145318269477577e-34
1.036800000000000000e+04 2.995212566306869656e-34
1.043200000000000000e+04 2.869337457936203709e-34
1.049600000000000000e+04 5.112339330260728650e-35
1.056000000000000000e+04 5.112339330260728650e-35
1.062400000000000000e+04 1.400019363015832022e-35
1.068800000000000000e+04 7.929113817696840958e-36
1.075200000000000000e+04 7.929113817696840958e-36
1.081600000000000000e+04 7.929113817696840958e-36
1.088000000000000000e+04 3.190025639877127027e-36
1.094400000000000000e+04 4.916433163760998783e-37
1.100800000000000000e+04 4.916433163760998783e-37
1.107200000000000000e+04 4.916433163760998783e-37
1.113600000000000000e+04 4.916433163760998783e-37
1.120000000000000000e+04 4.916433163760998783e-37
1.126400000000000000e+04 9.124935365083026952e-38
1.132800000000000000e+04 9.124935365083026952e-38
1.139200000000000000e+04 9.124935365083026952e-38
1.145600000000000000e+04 9.124935365083026952e-38
1.152000000000000000e+04 9.124935365083026952e-38
1.158400000000000000e+04 4.163768028661529452e-38
1.164800000000000000e+04 4.163768028661529452e-38
1.171200000000000000e+04 1.827034900174188850e-38
1.177600000000000000e+04 5.210761101112272091e-39
1.184000000000000000e+04 5.210761101112272091e-39
1.190400000000000000e+04 7.461790197197786954e-40
1.196800000000000000e+04 7.461790197197786954e-40
1.203200000000000000e+04 7.461790197197786954e-40
1.209600000000000000e+04 7.461790197197786954e-40
1.216000000000000000e+04 7.461790197197786954e-40
1.222400000000000000e+04 7.461790197197786954e-40
1.228800000000000000e+04 1.979065977718698251e-40
1.235200000000000000e+04 1.106551174170148591e-40
1.241600000000000000e+04 1.106551174170148591e-40
1.248000000000000000e+04 7.607568472589961809e-41
1.254400000000000000e+04 1.317018145522885016e-41
1.260800000000000000e+04 1.317018145522885016e-41
1.267200000000000000e+04 1.317018145522885016e-41
1.273600000000000000e+04 1.317018145522885016e-41
1.280000000000000000e+04 1.317018145522885016e-41
1.286400000000000000e+04 1.317018145522885016e-41
1.292800000000000000e+04 2.964334173891218126e-42
1.299200000000000000e+04 2.964334173891218126e-42
1.305600000000000000e+04 2.964334173891218126e-42
1.312000000000000000e+04 1.121817478081291566e-42
1.318400000000000000e+04 8.784240528180090610e-43
1.324800000000000000e+04 3.662544585582325393e-44
1.331200000000000000e+04 3.662544585582325393e-44
1.337600000000000000e+04 3.662544585582325393e-44
1.344000000000000000e+04 3.662544585582325393e-44
1.350400000000000000e+04 3.662544585582325393e-44
1.356800000000000000e+04 3.662544585582325393e-44
1.363200000000000000e+04 3.662544585582325393e-44
1.369600000000000000e+04 3.662544585582325393e-44
1.376000000000000000e+04 9.852325701257093053e-45
1.382400000000000000e+04 9.852325701257093053e-45
1.388800000000000000e+04 4.001957692485065015e-45
1.395200000000000000e+04 4.001957692485065015e-45
1.401600000000000000e+04 1.561201890918076921e-45
1.408000000000000000e+04 1.561201890918076921e-45
1.414400000000000000e+04 1.561201890918076921e-45
1.420800000000000000e+04 4.139595316452815009e-46
1.427200000000000000e+04 4.139595316452815009e-46
1.433600000000000000e+04 4.139595316452815009e-46
1.440000000000000000e+04 3.222644419512611548e-46
1.446400000000000000e+04 3.222644419512611548e-46
1.452800000000000000e+04 3.063388877518399254e-46
1.459200000000000000e+04 3.063388877518399254e-46
1.465600000000000000e+04 7.685114318317296308e-47
1.472000000000000000e+04 7.685114318317296308e-47
1.478400000000000000e+04 3.920249789754733375e-47
1.484800000000000000e+04 4.834817706801907896e-48
1.491200000000000000e+04 4.806329911978779036e-48
1.497600000000000000e+04 4.806329911978779036e-48
1.504000000000000000e+04 1.305605460556100506e-48
1.510400000000000000e+04 3.514989290357880153e-49
1.516800000000000000e+04 3.514989290357880153e-49
1.523200000000000000e+04 3.514989290357880153e-49
1.529600000000000000e+04 3.514989290357880153e-49
1.536000000000000000e+04 3.514989290357880153e-49
1.542400000000000000e+04 3.843871074728025984e-50
1.548800000000000000e+04 3.843871074728025984e-50
1.555200000000000000e+04 3.843871074728025984e-50
1.561600000000000000e+04 3.843871074728025984e-50
1.568000000000000000e+04 3.843871074728025984e-50
1.574400000000000000e+04 3.410945401537487095e-50
1.580800000000000000e+04 1.746328085115671905e-50
1.587200000000000000e+04 3.892110615824277115e-51
1.593600000000000000e+04 3.892110615824277115e-51
1.600000000000000000e+04 3.892110615824277115e-51
1.606400000000000000e+04 4.320080651227111121e-52
1.612800000000000000e+04 4.320080651227111121e-52
1.619200000000000000e+04 4.320080651227111121e-52
1.625600000000000000e+04 1.390056409626894355e-52
1.632000000000000000e+04 1.012437980342921075e-52
1.638400000000000000e+04 1.012437980342921075e-52
1.644800000000000000e+04 1.012437980342921075e-52
1.651200000000000000e+04 1.012437980342921075e-52
1.657600000000000000e+04 1.289089626028604619e-53
1.664000000000000000e+04 1.289089626028604619e-53
1.670400000000000000e+04 1.250321699121612799e-53
1.676800000000000000e+04 1.215228369604334117e-54
1.683200000000000000e+04 1.215228369604334117e-54
1.689600000000000000e+04 1.215228369604334117e-54
1.696000000000000000e+04 5.613058097289430511e-55
1.702400000000000000e+04 6.597875473465079671e-56
1.708800000000000000e+04 6.597875473465079671e-56
1.715200000000000000e+04 6.597875473465079671e-56
1.721600000000000000e+04 6.597875473465079671e-56
1.728000000000000000e+04 2.865520659362187232e-57
1.734400000000000000e+04 2.865520659362187232e-57
1.740800000000000000e+04 2.865520659362187232e-57
1.747200000000000000e+04 2.500933086168882117e-57
1.753600000000000000e+04 2.500933086168882117e-57
1.760000000000000000e+04 2.500933086168882117e-57
1.766400000000000000e+04 6.379319210781948523e-58
1.772800000000000000e+04 6.379319210781948523e-58
1.779200000000000000e+04 6.379319210781948523e-58
1.785600000000000000e+04 5.267641887752732288e-58
1.792000000000000000e+04 5.267641887752732288e-58
1.798400000000000000e+04 5.267641887752732288e-58
1.804800000000000000e+04 1.842922913298584984e-58
1.811200000000000000e+04 1.842922913298584984e-58
1.817600000000000000e+04 1.427009449119166105e-58
1.824000000000000000e+04 1.427009449119166105e-58
1.830400000000000000e+04 1.427009449119166105e-58
1.836800000000000000e+04 1.880247882115810048e-59
1.843200000000000000e+04 1.880247882115810048e-59
1.849600000000000000e+04 3.594077167056389013e-60
1.856000000000000000e+04 3.594077167056389013e-60
1.862400000000000000e+04 1.877082502475205210e-60
1.868800000000000000e+04 1.877082502475205210e-60
1.875200000000000000e+04 1.877082502475205210e-60
1.881600000000000000e+04 9.830682712396251011e-61
1.888000000000000000e+04 8.494837717451324608e-61
1.894400000000000000e+04 9.601920025713399736e-62
1.900800000000000000e+04 2.629039050127887882e-62
1.907200000000000000e+04 1.289033478489232361e-62
1.913600000000000000e+04 1.289033478489232361e-62
1.920000000000000000e+04 1.289033478489232361e-62
1.926400000000000000e+04 1.289033478489232361e-62
1.932800000000000000e+04 1.289033478489232361e-62
1.939200000000000000e+04 1.289033478489232361e-62
1.945600000000000000e+04 1.289033478489232361e-62
1.952000000000000000e+04 1.289033478489232361e-62
1.958400000000000000e+04 7.086432665374668953e-63
1.964800000000000000e+04 7.086432665374668953e-63
1.971200000000000000e+04 4.841946956895617517e-63
1.977600000000000000e+04 1.386883914953173783e-63
1.984000000000000000e+04 1.093319689288021544e-63
1.990400000000000000e+04 1.093319689288021544e-63
1.996800000000000000e+04 1.093319689288021544e-63
2.003200000000000000e+04 1.024519212037785849e-63
2.009600000000000000e+04 1.693795619730288409e-64
2.016000000000000000e+04 1.069651390231234664e-64
2.022400000000000000e+04 1.069651390231234664e-64
2.028800000000000000e+04 1.069651390231234664e-64
2.035200000000000000e+04 2.292217559970307208e-65
2.041600000000000000e+04 1.686305826479624433e-65
2.048000000000000000e+04 1.686305826479624433e-65
2.054400000000000000e+04 1.389590619790262760e-65
2.060800000000000000e+04 2.415965405369283044e-66
2.067200000000000000e+04 2.287861380820747432e-66
2.073600000000000000e+04 1.910411226041089872e-66
2.080000000000000000e+04 1.910411226041089872e-66
2.086400000000000000e+04 9.601699346038028207e-67
2.092800000000000000e+04 9.601699346038028207e-67
2.099200000000000000e+04 1.984774850440652641e-67
2.105600000000000000e+04 1.984774850440652641e-67
2.112000000000000000e+04 1.984774850440652641e-67
2.118400000000000000e+04 8.265104689928037823e-68
2.124800000000000000e+04 8.265104689928037823e-68
2.131200000000000000e+04 3.590646421301516738e-68
2.137600000000000000e+04 3.590646421301516738e-68
2.144000000000000000e+04 1.173131673391011234e-68
2.150400000000000000e+04 6.184132996307433230e-69
2.156800000000000000e+04 3.291798950274352919e-69
2.163200000000000000e+04 1.610696032876060915e-70
2.169600000000000000e+04 1.610696032876060915e-70
2.176000000000000000e+04 2.008489417134945744e-71
2.182400000000000000e+04 2.008489417134945744e-71
2.188800000000000000e+04 2.008489417134945744e-71
2.195200000000000000e+04 7.109963428860253295e-72
2.201600000000000000e+04 7.109963428860253295e-72
2.208000000000000000e+04 4.732206410879656797e-72
2.214400000000000000e+04 4.732206410879656797e-72
2.220800000000000000e+04 4.732206410879656797e-72
2.227200000000000000e+04 9.545044225786715508e-73
2.233600000000000000e+04 9.545044225786715508e-73
2.240000000000000000e+04 9.545044225786715508e-73
2.246400000000000000e+04 9.545044225786715508e-73
2.252800000000000000e+04 9.545044225786715508e-73
2.259200000000000000e+04 9.545044225786715508e-73
2.265600000000000000e+04 6.890543015859553594e-73
2.272000000000000000e+04 8.267550735346541229e-75
2.278400000000000000e+04 8.267550735346541229e-75
2.284800000000000000e+04 8.267550735346541229e-75
2.291200000000000000e+04 3.478008680730190741e-75
2.297600000000000000e+04 3.478008680730190741e-75
2.304000000000000000e+04 3.478008680730190741e-75
2.310400000000000000e+04 3.478008680730190741e-75
2.316800000000000000e+04 3.478008680730190741e-75
2.323200000000000000e+04 3.478008680730190741e-75
2.329600000000000000e+04 3.478008680730190741e-75
2.336000000000000000e+04 3.140468576103582256e-75
2.342400000000000000e+04 3.140468576103582256e-75
2.348800000000000000e+04 2.618051964754590591e-75
2.355200000000000000e+04 6.973148016439810787e-76
2.361600000000000000e+04 5.768593008242253990e-76
2.368000000000000000e+04 2.352486117949161100e-76
2.374400000000000000e+04 2.352486117949161100e-76
2.380800000000000000e+04 9.128666624959384019e-79
2.387200000000000000e+04 9.128666624959384019e-79
2.393600000000000000e+04 9.128666624959384019e-79
2.400000000000000000e+04 9.128666624959384019e-79
2.406400000000000000e+04 9.128666624959384019e-79
2.412800000000000000e+04 9.128666624959384019e-79
2.419200000000000000e+04 9.128666624959384019e-79
2.425600000000000000e+04 6.160313740330410725e-79
2.432000000000000000e+04 6.160313740330410725e-79
2.438400000000000000e+04 6.160313740330410725e-79
2.444800000000000000e+04 6.160313740330410725e-79
2.451200000000000000e+04 6.160313740330410725e-79
2.457600000000000000e+04 6.078088557998750852e-79
2.464000000000000000e+04 3.718222334441342470e-79
2.470400000000000000e+04 1.094894439094538508e-79
2.476800000000000000e+04 1.094894439094538508e-79
2.483200000000000000e+04 1.094894439094538508e-79
2.489600000000000000e+04 1.094894439094538508e-79
2.496000000000000000e+04 1.094894439094538508e-79
2.502400000000000000e+04 6.114046195468529899e-80
2.508800000000000000e+04 6.114046195468529899e-80
2.515200000000000000e+04 6.114046195468529899e-80
2.521600000000000000e+04 6.114046195468529899e-80
2.528000000000000000e+04 6.114046195468529899e-80
2.534400000000000000e+04 2.690376987254894975e-80
2.540800000000000000e+04 5.824712234339947563e-81
2.547200000000000000e+04 5.824712234339947563e-81
2.553600000000000000e+04 5.824712234339947563e-81
2.560000000000000000e+04 5.824712234339947563e-81
2.566400000000000000e+04 5.728348907033394393e-82
2.572800000000000000e+04 5.728348907033394393e-82
2.579200000000000000e+04 5.728348907033394393e-82
2.585600000000000000e+04 5.728348907033394393e-82
2.592000000000000000e+04 5.728348907033394393e-82
2.598400000000000000e+04 5.728348907033394393e-82
2.604800000000000000e+04 2.256898097623637078e-84
2.611200000000000000e+04 2.256898097623637078e-84
2.617600000000000000e+04 2.256898097623637078e-84
2.624000000000000000e+04 2.256898097623637078e-84
2.630400000000000000e+04 2.256898097623637078e-84
2.636800000000000000e+04 2.256898097623637078e-84
2.643200000000000000e+04 2.256898097623637078e-84
2.649600000000000000e+04 2.256898097623637078e-84
2.656000000000000000e+04 2.256898097623637078e-84
2.662400000000000000e+04 5.627396523719704307e-85
2.668800000000000000e+04 5.627396523719704307e-85
2.675200000000000000e+04 5.104574623915052878e-87
2.681600000000000000e+04 5.104574623915052878e-87
2.688000000000000000e+04 5.104574623915052878e-87
2.694400000000000000e+04 5.104574623915052878e-87
2.700800000000000000e+04 5.104574623915052878e-87
2.707200000000000000e+04 5.104574623915052878e-87
2.713600000000000000e+04 5.104574623915052878e-87
2.720000000000000000e+04 5.104574623915052878e-87
2.726400000000000000e+04 5.104574623915052878e-87
2.732800000000000000e+04 5.104574623915052878e-87
2.739200000000000000e+04 5.104574623915052878e-87
2.745600000000000000e+04 5.104574623915052878e-87
2.752000000000000000e+04 2.144151513458777810e-87
2.758400000000000000e+04 1.548497235040455414e-88
2.764800000000000000e+04 1.548497235040455414e-88
2.771200000000000000e+04 1.548497235040455414e-88
2.777600000000000000e+04 7.814936220212196589e-89
2.784000000000000000e+04 7.814936220212196589e-89
2.790400000000000000e+04 1.145375567238290519e-89
2.796800000000000000e+04 1.145375567238290519e-89
2.803200000000000000e+04 1.145375567238290519e-89
2.809600000000000000e+04 1.145375567238290519e-89
2.816000000000000000e+04 3.990880423581924852e-91
2.822400000000000000e+04 3.990880423581924852e-91
2.828800000000000000e+04 3.990880423581924852e-91
2.835200000000000000e+04 3.990880423581924852e-91
2.841600000000000000e+04 3.990880423581924852e-91
2.848000000000000000e+04 1.123101061482965354e-91
2.854400000000000000e+04 1.123101061482965354e-91
2.860800000000000000e+04 1.123101061482965354e-91
2.867200000000000000e+04 1.123101061482965354e-91
2.873600000000000000e+04 4.436724990662772313e-92
2.880000000000000000e+04 4.436724990662772313e-92
2.886400000000000000e+04 3.107916179601780621e-92
2.892800000000000000e+04 1.342719876237437514e-92
2.899200000000000000e+04 1.342719876237437514e-92
2.905600000000000000e+04 4.271413375455346289e-93
2.912000000000000000e+04 4.271413375455346289e-93
2.918400000000000000e+04 3.021304237210038540e-93
2.924800000000000000e+04 1.158799599759898399e-93
2.931200000000000000e+04 1.158799599759898399e-93
2.937600000000000000e+04 1.058201541735219849e-93
2.944000000000000000e+04 8.903890243189686340e-94
2.950400000000000000e+04 1.447339949465583452e-94
2.956800000000000000e+04 1.340334983680549731e-94
2.963200000000000000e+04 1.662042375038832092e-95
2.969600000000000000e+04 1.662042375038832092e-95
2.976000000000000000e+04 1.662042375038832092e-95
2.982400000000000000e+04 1.566846030193281842e-96
2.988800000000000000e+04 1.566846030193281842e-96
2.995200000000000000e+04 1.566846030193281842e-96
3.001600000000000000e+04 1.566846030193281842e-96
3.008000000000000000e+04 1.566846030193281842e-96
3.014400000000000000e+04 1.566846030193281842e-96
3.020800000000000000e+04 1.566846030193281842e-96
3.027200000000000000e+04 1.566846030193281842e-96
3.033600000000000000e+04 1.566846030193281842e-96
3.040000000000000000e+04 6.154039017407378460e-98
3.046400000000000000e+04 6.154039017407378460e-98
3.052800000000000000e+04 6.154039017407378460e-98
3.059200000000000000e+04 6.154039017407378460e-98
3.065600000000000000e+04 6.154039017407378460e-98
3.072000000000000000e+04 3.141676580948386598e-98
3.078400000000000000e+04 3.141676580948386598e-98
3.084800000000000000e+04 5.849368043357269308e-99
3.091200000000000000e+04 5.849368043357269308e-99
3.097600000000000000e+04 5.849368043357269308e-99
3.104000000000000000e+04 5.849368043357269308e-99
3.110400000000000000e+04 1.581685107325046574e-99
3.116800000000000000e+04 1.581685107325046574e-99
3.123200000000000000e+04 2.969751771643691121e-100
3.129600000000000000e+04 2.969751771643691121e-100
3.136000000000000000e+04 2.969751771643691121e-100
3.142400000000000000e+04 2.969751771643691121e-100
3.148800000000000000e+04 1.160251158780484880e-100
3.155200000000000000e+04 1.160251158780484880e-100
3.161600000000000000e+04 1.160251158780484880e-100
3.168000000000000000e+04 6.319342187721850560e-101
3.174400000000000000e+04 6.319342187721850560e-101
3.180800000000000000e+04 6.319342187721850560e-101
3.187200000000000000e+04 4.076440093098260552e-101
3.193600000000000000e+04 9.108455103852877527e-102
3.200000000000000000e+04 9.108455103852877527e-102
3.206400000000000000e+04 9.108455103852877527e-102
3.212800000000000000e+04 7.746630706493932929e-102
3.219200000000000000e+04 4.378080622233611945e-102
3.225600000000000000e+04 6.992623710564390909e-103
3.232000000000000000e+04 6.308828503375471323e-103
3.238400000000000000e+04 4.496052086052133199e-103
3.244800000000000000e+04 7.649435286302888758e-104
3.251200000000000000e+04 7.649435286302888758e-104
3.257600000000000000e+04 5.368172946430200300e-104
3.264000000000000000e+04 5.368172946430200300e-104
3.270400000000000000e+04 3.495779230767872093e-104
3.276800000000000000e+04 5.247910830052162547e-105
3.283200000000000000e+04 5.247910830052162547e-105
3.289600000000000000e+04 5.247910830052162547e-105
3.296000000000000000e+04 4.318373190484924200e-105
3.302400000000000000e+04 1.326676926735638858e-105
3.308800000000000000e+04 1.326676926735638858e-105
3.315200000000000000e+04 1.263974354924021714e-105
3.321600000000000000e+04 7.020000411774000155e-106
3.328000000000000000e+04 7.020000411774000155e-106
3.334400000000000000e+04 3.809559673286536134e-106
3.340800000000000000e+04 3.809559673286536134e-106
3.347200000000000000e+04 3.809559673286536134e-106
3.353600000000000000e+04 3.335826145696418464e-106
3.360000000000000000e+04 1.616508083958673029e-106
3.366400000000000000e+04 7.114535473748792643e-107
3.372800000000000000e+04 2.373029359869846411e-107
3.379200000000000000e+04 1.491752850830853099e-107
3.385600000000000000e+04 1.491752850830853099e-107
3.392000000000000000e+04 1.457317577587410611e-107
3.398400000000000000e+04 2.714439634414310109e-108
3.404800000000000000e+04 1.820660446280414748e-109
3.411200000000000000e+04 1.820660446280414748e-109
3.417600000000000000e+04 1.820660446280414748e-109
3.424000000000000000e+04 1.820660446280414748e-109
3.430400000000000000e+04 1.820660446280414748e-109
3.436800000000000000e+04 1.820660446280414748e-109
3.443200000000000000e+04 9.620830320059919845e-110
3.449600000000000000e+04 3.008346811350180527e-110
3.456000000000000000e+04 3.008346811350180527e-110
3.462400000000000000e+04 1.930736535563884171e-110
3.468800000000000000e+04 1.930736535563884171e-110
3.475200000000000000e+04 1.835825205360774137e-110
3.481600000000000000e+04 8.442441972187895044e-111
3.488000000000000000e+04 8.442441972187895044e-111
3.494400000000000000e+04 4.694678649735721957e-111
3.500800000000000000e+04 4.691955298434001886e-111
3.507200000000000000e+04 2.630477616167285421e-111
3.513600000000000000e+04 2.630477616167285421e-111
3.520000000000000000e+04 5.544225390650948785e-112
3.526400000000000000e+04 9.592898642705001881e-113
3.532800000000000000e+04 4.330355291026661445e-113
3.539200000000000000e+04 4.330355291026661445e-113
3.545600000000000000e+04 8.861980819350004419e-115
3.552000000000000000e+04 8.861980819350004419e-115
3.558400000000000000e+04 8.861980819350004419e-115
3.564800000000000000e+04 8.861980819350004419e-115
3.571200000000000000e+04 8.861980819350004419e-115
3.577600000000000000e+04 8.861980819350004419e-115
3.584000000000000000e+04 6.618657201839222346e-115
3.590400000000000000e+04 6.618657201839222346e-115
3.596800000000000000e+04 6.618657201839222346e-115
3.603200000000000000e+04 6.618657201839222346e-115
3.609600000000000000e+04 9.116477947829286313e-116
3.616000000000000000e+04 9.116477947829286313e-116
3.622400000000000000e+04 4.860372838348726867e-116
3.628800000000000000e+04 4.860372838348726867e-116
3.635200000000000000e+04 4.860372838348726867e-116
3.641600000000000000e+04 1.311948681291318978e-116
3.648000000000000000e+04 1.311948681291318978e-116
3.654400000000000000e+04 1.311948681291318978e-116
3.660800000000000000e+04 5.241983203113562999e-117
3.667200000000000000e+04 5.241983203113562999e-117
3.673600000000000000e+04 4.782334479642967067e-117
3.680000000000000000e+04 5.293492904877129555e-118
3.686400000000000000e+04 5.293492904877129555e-118
3.692800000000000000e+04 5.293492904877129555e-118
3.699200000000000000e+04 5.293492904877129555e-118
3.705600000000000000e+04 9.939469001233890883e-119
3.712000000000000000e+04 9.939469001233890883e-119
3.718400000000000000e+04 9.939469001233890883e-119
3.724800000000000000e+04 5.103203670779340908e-119
3.731200000000000000e+04 4.362313679951866210e-119
3.737600000000000000e+04 1.749362425074936174e-119
3.744000000000000000e+04 1.749362425074936174e-119
3.750400000000000000e+04 1.749362425074936174e-119
3.756800000000000000e+04 1.749362425074936174e-119
3.763200000000000000e+04 1.763976958449101573e-120
3.769600000000000000e+04 1.763976958449101573e-120
3.776000000000000000e+04 1.763976958449101573e-120
3.782400000000000000e+04 2.240682413225906823e-121
3.788800000000000000e+04 1.993564876610817602e-121
3.795200000000000000e+04 1.993564876610817602e-121
3.801600000000000000e+04 1.993564876610817602e-121
3.808000000000000000e+04 1.993564876610817602e-121
3.814400000000000000e+04 1.373445365802970703e-121
3.820800000000000000e+04 9.719703231169762372e-123
3.827200000000000000e+04 9.719703231169762372e-123
3.833600000000000000e+04 9.719703231169762372e-123
3.840000000000000000e+04 9.386207419377275858e-123
3.846400000000000000e+04 9.386207419377275858e-123
3.852800000000000000e+04 9.386207419377275858e-123
3.859200000000000000e+04 2.062776342092083899e-123
3.865600000000000000e+04 2.059597744396556066e-123
3.872000000000000000e+04 2.059597744396556066e-123
3.878400000000000000e+04 5.426539671442055745e-124
3.884800000000000000e+04 4.556821151314441171e-124
3.891200000000000000e+04 4.556821151314441171e-124
3.897600000000000000e+04 2.465320857001958260e-124
3.904000000000000000e+04 2.465320857001958260e-124
3.910400000000000000e+04 2.465320857001958260e-124
3.916800000000000000e+04 1.489082679589917501e-124
3.923200000000000000e+04 1.147624708844983799e-124
3.929600000000000000e+04 1.147624708844983799e-124
3.936000000000000000e+04 7.255207485236320740e-125
3.942400000000000000e+04 4.422339291414354995e-125
3.948800000000000000e+04 5.413923736669682749e-126
3.955200000000000000e+04 5.413923736669682749e-126
3.961600000000000000e+04 4.549194623578780716e-126
3.968000000000000000e+04 4.549194623578780716e-126
3.974400000000000000e+04 3.320330784000246237e-126
3.980800000000000000e+04 1.366004226178919825e-126
3.987200000000000000e+04 1.184554383988613418e-126
3.993600000000000000e+04 2.904090633825123116e-127
4.000000000000000000e+04 2.904090633825123116e-127
4.006400000000000000e+04 2.349611316295486963e-127
4.012800000000000000e+04 1.054964559296363839e-127
4.019200000000000000e+04 6.826397863811477868e-128
4.025600000000000000e+04 6.826397863811477868e-128
4.032000000000000000e+04 4.504139030064122960e-128
4.038400000000000000e+04 4.504139030064122960e-128
4.044800000000000000e+04 2.647342817839329896e-129
4.051200000000000000e+04 2.647342817839329896e-129
4.057600000000000000e+04 2.647342817839329896e-129
4.064000000000000000e+04 2.647342817839329896e-129
4.070400000000000000e+04 1.919101539623425090e-129
4.076800000000000000e+04 1.919101539623425090e-129
4.083200000000000000e+04 1.919101539623425090e-129
4.089600000000000000e+04 1.919101539623425090e-129
4.096000000000000000e+04 1.919101539623425090e-129
4.102400000000000000e+04 1.919101539623425090e-129
4.108800000000000000e+04 1.130754569084482025e-130
4.115200000000000000e+04 1.423811196102371709e-132
4.121600000000000000e+04 1.423811196102371709e-132
4.128000000000000000e+04 1.423811196102371709e-132
4.134400000000000000e+04 1.423811196102371709e-132
4.140800000000000000e+04 7.466279299206452628e-133
4.147200000000000000e+04 7.466279299206452628e-133
4.153600000000000000e+04 7.466279299206452628e-133
4.160000000000000000e+04 7.466279299206452628e-133
4.166400000000000000e+04 7.466279299206452628e-133
4.172800000000000000e+04 7.466279299206452628e-133
4.179200000000000000e+04 7.466279299206452628e-133
4.185600000000000000e+04 7.466279299206452628e-133
4.192000000000000000e+04 7.466279299206452628e-133
4.198400000000000000e+04 1.751746241967144487e-133
4.204800000000000000e+04 1.751746241967144487e-133
4.211200000000000000e+04 9.073252038114248720e-134
4.217600000000000000e+04 9.073252038114248720e-134
4.224000000000000000e+04 9.073252038114248720e-134
4.230400000000000000e+04 8.588147901677752043e-134
4.236800000000000000e+04 8.588147901677752043e-134
4.243200000000000000e+04 2.057272044749934233e-135
4.249600000000000000e+04 2.057272044749934233e-135
4.256000000000000000e+04 2.057272044749934233e-135
4.262400000000000000e+04 2.057272044749934233e-135
4.268800000000000000e+04 2.057272044749934233e-135
4.275200000000000000e+04 7.096564622561175238e-136
4.281600000000000000e+04 7.096564622561175238e-136
4.288000000000000000e+04 7.096564622561175238e-136
4.294400000000000000e+04 7.096564622561175238e-136
4.300800000000000000e+04 7.096564622561175238e-136
4.307200000000000000e+04 6.459245174007246105e-136
4.313600000000000000e+04 1.626162548685407743e-136
4.320000000000000000e+04 4.497119652715453578e-137
4.326400000000000000e+04 4.497119652715453578e-137
4.332800000000000000e+04 4.497119652715453578e-137
4.339200000000000000e+04 2.975110662592403826e-137
4.345600000000000000e+04 2.975110662592403826e-137
4.352000000000000000e+04 1.463462282543776668e-137
4.358400000000000000e+04 9.341608845131233875e-138
4.364800000000000000e+04 9.341608845131233875e-138
4.371200000000000000e+04 9.341608845131233875e-138
4.377600000000000000e+04 4.710459746032551799e-138
4.384000000000000000e+04 1.100557018595143850e-138
4.390400000000000000e+04 1.100557018595143850e-138
4.396800000000000000e+04 1.034988894971165459e-138
4.403200000000000000e+04 8.152794338342401512e-139
4.409600000000000000e+04 8.761624586683644615e-141
4.416000000000000000e+04 8.761624586683644615e-141
4.422400000000000000e+04 8.761624586683644615e-141
4.428800000000000000e+04 8.761624586683644615e-141
4.435200000000000000e+04 8.761624586683644615e-141
4.441600000000000000e+04 8.761624586683644615e-141
4.448000000000000000e+04 8.761624586683644615e-141
4.454400000000000000e+04 8.761624586683644615e-141
4.460800000000000000e+04 7.323174624211490925e-142
4.467200000000000000e+04 7.323174624211490925e-142
4.473600000000000000e+04 7.323174624211490925e-142
4.480000000000000000e+04 7.323174624211490925e-142
4.486400000000000000e+04 4.032109120877515766e-142
4.492800000000000000e+04 4.032109120877515766e-142
4.499200000000000000e+04 4.032109120877515766e-142
4.505600000000000000e+04 4.032109120877515766e-142
4.512000000000000000e+04 3.057647044496742544e-142
4.518400000000000000e+04 1.476250909468211083e-142
4.524800000000000000e+04 2.925338515857843561e-144
4.531200000000000000e+04 2.925338515857843561e-144
4.537600000000000000e+04 2.925338515857843561e-144
4.544000000000000000e+04 2.925338515857843561e-144
4.550400000000000000e+04 2.925338515857843561e-144
4.556800000000000000e+04 2.925338515857843561e-144
4.563200000000000000e+04 2.925338515857843561e-144
4.569600000000000000e+04 2.925338515857843561e-144
4.576000000000000000e+04 8.439096792200783643e-145
4.582400000000000000e+04 8.439096792200783643e-145
4.588800000000000000e+04 5.621752226239489965e-149
4.595200000000000000e+04 5.621752226239489965e-149
4.601600000000000000e+04 5.621752226239489965e-149
4.608000000000000000e+04 5.621752226239489965e-149
4.614400000000000000e+04 5.621752226239489965e-149
4.620800000000000000e+04 5.621752226239489965e-149
4.627200000000000000e+04 5.621752226239489965e-149
4.633600000000000000e+04 5.621752226239489965e-149
4.640000000000000000e+04 5.621752226239489965e-149
4.646400000000000000e+04 5.621752226239489965e-149
4.652800000000000000e+04 5.621752226239489965e-149
4.659200000000000000e+04 5.621752226239489965e-149
4.665600000000000000e+04 5.621752226239489965e-149
4.672000000000000000e+04 5.621752226239489965e-149
4.678400000000000000e+04 4.481432651311535623e-149
4.684800000000000000e+04 4.481432651311535623e-149
4.691200000000000000e+04 4.481432651311535623e-149
4.697600000000000000e+04 4.481432651311535623e-149
4.704000000000000000e+04 2.620074520889756213e-151
4.710400000000000000e+04 2.620074520889756213e-151
4.716800000000000000e+04 2.620074520889756213e-151
4.723200000000000000e+04 2.620074520889756213e-151
4.729600000000000000e+04 2.620074520889756213e-151
4.736000000000000000e+04 2.271982280123152123e-151
4.742400000000000000e+04 1.599218854250060159e-151
4.748800000000000000e+04 1.599218854250060159e-151
4.755200000000000000e+04 1.599218854250060159e-151
4.761600000000000000e+04 1.572769526899164059e-152
4.768000000000000000e+04 1.572769526899164059e-152
4.774400000000000000e+04 1.572769526899164059e-152
4.780800000000000000e+04 1.572769526899164059e-152
4.787200000000000000e+04 1.389028867119776322e-152
4.793600000000000000e+04 2.859912248923536135e-153
4.800000000000000000e+04 2.859912248923536135e-153
4.806400000000000000e+04 2.859912248923536135e-153
4.812800000000000000e+04 1.833121810019689965e-153
4.819200000000000000e+04 4.789105564574836037e-154
4.825600000000000000e+04 4.096458579750492868e-154
4.832000000000000000e+04 4.096458579750492868e-154
4.838400000000000000e+04 9.905931605689199571e-156
4.844800000000000000e+04 9.905931605689199571e-156
4.851200000000000000e+04 9.905931605689199571e-156
4.857600000000000000e+04 9.905931605689199571e-156
4.864000000000000000e+04 9.905931605689199571e-156
4.870400000000000000e+04 9.905931605689199571e-156
4.876800000000000000e+04 4.451450726300855568e-156
4.883200000000000000e+04 1.162070051918795658e-157
4.889600000000000000e+04 1.162070051918795658e-157
4.896000000000000000e+04 1.162070051918795658e-157
4.902400000000000000e+04 1.162070051918795658e-157
4.908800000000000000e+04 1.162070051918795658e-157
4.915200000000000000e+04 1.162070051918795658e-157
4.921600000000000000e+04 1.162070051918795658e-157
4.928000000000000000e+04 1.162070051918795658e-157
4.934400000000000000e+04 1.162070051918795658e-157
4.940800000000000000e+04 1.162070051918795658e-157
4.947200000000000000e+04 1.162070051918795658e-157
4.953600000000000000e+04 2.628544611482714680e-158
4.960000000000000000e+04 2.628544611482714680e-158
4.966400000000000000e+04 1.886193326482294771e-158
4.972800000000000000e+04 6.748814475412636990e-160
4.979200000000000000e+04 6.748814475412636990e-160
4.985600000000000000e+04 6.748814475412636990e-160
4.992000000000000000e+04 5.887619219927490696e-160
4.998400000000000000e+04 5.887619219927490696e-160
5.004800000000000000e+04 5.887619219927490696e-160
5.011200000000000000e+04 5.887619219927490696e-160
5.017600000000000000e+04 9.437851439459854875e-161
5.024000000000000000e+04 9.437851439459854875e-161
5.030400000000000000e+04 3.266640897157299029e-161
5.036800000000000000e+04 3.266640897157299029e-161
5.043200000000000000e+04 3.266640897157299029e-161
5.049600000000000000e+04 3.266640897157299029e-161
5.056000000000000000e+04 3.266640897157299029e-161
5.062400000000000000e+04 9.508121607520352679e-162
5.068800000000000000e+04 9.508121607520352679e-162
5.075200000000000000e+04 9.508121607520352679e-162
5.081600000000000000e+04 2.199166122848729423e-163
5.088000000000000000e+04 2.199166122848729423e-163
5.094400000000000000e+04 2.199166122848729423e-163
5.100800000000000000e+04 2.199166122848729423e-163
5.107200000000000000e+04 2.199166122848729423e-163
5.113600000000000000e+04 2.199166122848729423e-163
5.120000000000000000e+04 5.288821418013087539e-164
5.126400000000000000e+04 5.288821418013087539e-164
5.132800000000000000e+04 5.288821418013087539e-164
5.139200000000000000e+04 5.288821418013087539e-164
5.145600000000000000e+04 2.234341741494915018e-164
5.152000000000000000e+04 7.903251641899423994e-166
5.158400000000000000e+04 7.903251641899423994e-166
5.164800000000000000e+04 7.903251641899423994e-166
5.171200000000000000e+04 7.903251641899423994e-166
5.177600000000000000e+04 7.903251641899423994e-166
5.184000000000000000e+04 7.903251641899423994e-166
5.190400000000000000e+04 2.013477753899449951e-166
5.196800000000000000e+04 2.013477753899449951e-166
5.203200000000000000e+04 2.013477753899449951e-166
5.209600000000000000e+04 1.284184798726464643e-166
5.216000000000000000e+04 1.054979794658596996e-166
5.222400000000000000e+04 1.054979794658596996e-166
5.228800000000000000e+04 9.639576017643656460e-167
5.235200000000000000e+04 9.639576017643656460e-167
5.241600000000000000e+04 3.514442330395135308e-167
5.248000000000000000e+04 3.514442330395135308e-167
5.254400000000000000e+04 3.514442330395135308e-167
5.260800000000000000e+04 9.347984214688978706e-168
5.267200000000000000e+04 5.097465119157370885e-168
5.273600000000000000e+04 5.471931524386459705e-169
5.280000000000000000e+04 5.471931524386459705e-169
5.286400000000000000e+04 5.471931524386459705e-169
5.292800000000000000e+04 5.471931524386459705e-169
5.299200000000000000e+04 3.783079261135221763e-169
5.305600000000000000e+04 3.783079261135221763e-169
5.312000000000000000e+04 8.827281722212290296e-172
5.318400000000000000e+04 8.827281722212290296e-172
5.324800000000000000e+04 8.827281722212290296e-172
5.331200000000000000e+04 8.827281722212290296e-172
5.337600000000000000e+04 8.827281722212290296e-172
5.344000000000000000e+04 8.827281722212290296e-172
5.350400000000000000e+04 8.827281722212290296e-172
5.356800000000000000e+04 8.827281722212290296e-172
5.363200000000000000e+04 8.827281722212290296e-172
5.369600000000000000e+04 8.827281722212290296e-172
5.376000000000000000e+04 8.827281722212290296e-172
5.382400000000000000e+04 8.827281722212290296e-172
5.388800000000000000e+04 8.650775211002637422e-172
5.395200000000000000e+04 8.650775211002637422e-172
5.401600000000000000e+04 8.650775211002637422e-172
5.408000000000000000e+04 2.203526712318314587e-172
5.414400000000000000e+04 8.991325653843985820e-173
5.420800000000000000e+04 3.716005989216065830e-173
5.427200000000000000e+04 6.920804930576486038e-174
5.433600000000000000e+04 6.920804930576486038e-174
5.440000000000000000e+04 6.920804930576486038e-174
5.446400000000000000e+04 6.920804930576486038e-174
5.452800000000000000e+04 2.671917818900708214e-174
5.459200000000000000e+04 2.671917818900708214e-174
5.465600000000000000e+04 2.671917818900708214e-174
5.472000000000000000e+04 8.416411072928609252e-175
5.478400000000000000e+04 6.035563660997804840e-175
5.484800000000000000e+04 6.035563660997804840e-175
5.491200000000000000e+04 5.037930023698917536e-175
5.497600000000000000e+04 4.243248520288866335e-175
5.504000000000000000e+04 8.139945716763152316e-176
5.510400000000000000e+04 8.139945716763152316e-176
5.516800000000000000e+04 3.262785752623981934e-176
5.523200000000000000e+04 3.262785752623981934e-176
5.529600000000000000e+04 1.618083867770452990e-176
5.536000000000000000e+04 6.984055813340795941e-177
5.542400000000000000e+04 6.984055813340795941e-177
5.548800000000000000e+04 6.984055813340795941e-177
5.555200000000000000e+04 6.984055813340795941e-177
5.561600000000000000e+04 6.984055813340795941e-177
5.568000000000000000e+04 3.120319900649518936e-177
5.574400000000000000e+04 4.340132663597611534e-178
5.580800000000000000e+04 9.876180168534468165e-179
5.587200000000000000e+04 9.876180168534468165e-179
5.593600000000000000e+04 9.876180168534468165e-179
5.600000000000000000e+04 9.876180168534468165e-179
5.606400000000000000e+04 9.620298435720887337e-179
5.612800000000000000e+04 9.620298435720887337e-179
5.619200000000000000e+04 7.686015876828287423e-179
5.625600000000000000e+04 6.908959683494696062e-179
5.632000000000000000e+04 6.465826010486445137e-179
5.638400000000000000e+04 8.837160706128354330e-180
5.644800000000000000e+04 8.837160706128354330e-180
5.651200000000000000e+04 5.995333430576951267e-180
5.657600000000000000e+04 5.995333430576951267e-180
5.664000000000000000e+04 3.404264440191371161e-180
5.670400000000000000e+04 3.404264440191371161e-180
5.676800000000000000e+04 1.262959337680458525e-181
5.683200000000000000e+04 1.262959337680458525e-181
5.689600000000000000e+04 3.355356125010984221e-182
5.696000000000000000e+04 3.355356125010984221e-182
5.702400000000000000e+04 3.355356125010984221e-182
5.708800000000000000e+04 3.355356125010984221e-182
5.715200000000000000e+04 3.355356125010984221e-182
5.721600000000000000e+04 1.133294665637030402e-182
5.728000000000000000e+04 1.069975755084373922e-183
5.734400000000000000e+04 1.069975755084373922e-183
5.740800000000000000e+04 1.069975755084373922e-183
5.747200000000000000e+04 1.069975755084373922e-183
5.753600000000000000e+04 1.069975755084373922e-183
5.760000000000000000e+04 1.069975755084373922e-183
5.766400000000000000e+04 1.069975755084373922e-183
5.772800000000000000e+04 8.654160724341420661e-184
5.779200000000000000e+04 2.344746449274060789e-184
5.785600000000000000e+04 3.228939468866857876e-185
5.792000000000000000e+04 3.228939468866857876e-185
5.798400000000000000e+04 2.625851767463239168e-185
5.804800000000000000e+04 6.793388380050108507e-186
5.811200000000000000e+04 6.793388380050108507e-186
5.817600000000000000e+04 6.793388380050108507e-186
5.824000000000000000e+04 2.865173462101899278e-186
5.830400000000000000e+04 2.865173462101899278e-186
5.836800000000000000e+04 2.865173462101899278e-186
5.843200000000000000e+04 3.074247518485045145e-187
5.849600000000000000e+04 3.074247518485045145e-187
5.856000000000000000e+04 2.834893873615773868e-187
5.862400000000000000e+04 2.834893873615773868e-187
5.868800000000000000e+04 1.401156969314101241e-188
5.875200000000000000e+04 1.401156969314101241e-188
5.881600000000000000e+04 1.401156969314101241e-188
5.888000000000000000e+04 1.401156969314101241e-188
5.894400000000000000e+04 1.401156969314101241e-188
5.900800000000000000e+04 5.966815654543206204e-189
5.907200000000000000e+04 5.966815654543206204e-189
5.913600000000000000e+04 5.966815654543206204e-189
5.920000000000000000e+04 1.933705133035014765e-189
5.926400000000000000e+04 1.933705133035014765e-189
5.932800000000000000e+04 1.161682104249701366e-189
5.939200000000000000e+04 1.067254629173977946e-189
5.945600000000000000e+04 8.049427690571981967e-191
5.952000000000000000e+04 8.049427690571981967e-191
5.958400000000000000e+04 8.049427690571981967e-191
5.964800000000000000e+04 8.049427690571981967e-191
5.971200000000000000e+04 6.679846398691685210e-191
5.977600000000000000e+04 6.679846398691685210e-191
5.984000000000000000e+04 5.667057704508867067e-191
5.990400000000000000e+04 5.960620599666637799e-192
5.996800000000000000e+04 5.960620599666637799e-192
6.003200000000000000e+04 4.329767224238037908e-192
6.009600000000000000e+04 8.453974742368300659e-193
6.016000000000000000e+04 8.453974742368300659e-193
6.022400000000000000e+04 8.453974742368300659e-193
6.028800000000000000e+04 2.828636850172224007e-193
6.035200000000000000e+04 4.753660491907414261e-194
6.041600000000000000e+04 4.753660491907414261e-194
6.048000000000000000e+04 1.562253177852959230e-194
6.054400000000000000e+04 1.562253177852959230e-194
6.060800000000000000e+04 1.562253177852959230e-194
6.067200000000000000e+04 1.562253177852959230e-194
6.073600000000000000e+04 1.364140007319608330e-194
6.080000000000000000e+04 1.364140007319608330e-194
6.086400000000000000e+04 1.364140007319608330e-194
6.092800000000000000e+04 1.227857236389101731e-195
6.099200000000000000e+04 1.032393819490755887e-195
6.105600000000000000e+04 1.032393819490755887e-195
6.112000000000000000e+04 7.451555217726245545e-197
6.118400000000000000e+04 7.451555217726245545e-197
6.124800000000000000e+04 7.451555217726245545e-197
6.131200000000000000e+04 7.451555217726245545e-197
6.137600000000000000e+04 7.451555217726245545e-197
6.144000000000000000e+04 1.273800319997318193e-197
6.150400000000000000e+04 1.273800319997318193e-197
6.156800000000000000e+04 1.273800319997318193e-197
6.163200000000000000e+04 5.689260891111444764e-198
6.169600000000000000e+04 5.689260891111444764e-198
6.176000000000000000e+04 5.689260891111444764e-198
6.182400000000000000e+04 7.236240691870560006e-199
6.188800000000000000e+04 7.236240691870560006e-199
6.195200000000000000e+04 7.236240691870560006e-199
6.201600000000000000e+04 7.236240691870560006e-199
6.208000000000000000e+04 4.036396479817684218e-199
6.214400000000000000e+04 4.036396479817684218e-199
6.220800000000000000e+04 4.554560431947280191e-200
6.227200000000000000e+04 4.554560431947280191e-200
6.233600000000000000e+04 4.554560431947280191e-200
6.240000000000000000e+04 2.729205229334365043e-200
6.246400000000000000e+04 2.729205229334365043e-200
6.252800000000000000e+04 1.537277303645718037e-200
6.259200000000000000e+04 1.537277303645718037e-200
6.265600000000000000e+04 4.553421608583069014e-201
6.272000000000000000e+04 2.233450296579982645e-201
6.278400000000000000e+04 2.142359505587738779e-201
6.284800000000000000e+04 2.142359505587738779e-201
6.291200000000000000e+04 2.142359505587738779e-201
6.297600000000000000e+04 5.440582122546290356e-202
6.304000000000000000e+04 5.440582122546290356e-202
6.310400000000000000e+04 2.421586197424538213e-202
6.316800000000000000e+04 2.421586197424538213e-202
6.323200000000000000e+04 2.418587697520241546e-202
6.329600000000000000e+04 1.960090517460231335e-203
6.336000000000000000e+04 1.834940521348456811e-203
6.342400000000000000e+04 1.834940521348456811e-203
6.348800000000000000e+04 1.985540289919210670e-204
6.355200000000000000e+04 1.985540289919210670e-204
6.361600000000000000e+04 8.630538471722991621e-205
6.368000000000000000e+04 8.630538471722991621e-205
6.374400000000000000e+04 8.630538471722991621e-205
6.380800000000000000e+04 8.630538471722991621e-205
6.387200000000000000e+04 8.630538471722991621e-205
6.393600000000000000e+04 8.630538471722991621e-205
6.400000000000000000e+04 1.727762018340302926e-205
6.406400000000000000e+04 8.105829276250872024e-206
6.412800000000000000e+04 6.415194989511197084e-206
6.419200000000000000e+04 3.260843804835019976e-206
6.425600000000000000e+04 3.260843804835019976e-206
6.432000000000000000e+04 1.336650881425751268e-206
6.438400000000000000e+04 5.667552935592165232e-208
6.444800000000000000e+04 5.667552935592165232e-208
6.451200000000000000e+04 5.667552935592165232e-208
6.457600000000000000e+04 5.667552935592165232e-208
6.464000000000000000e+04 5.667552935592165232e-208
6.470400000000000000e+04 5.667552935592165232e-208
6.476800000000000000e+04 5.667552935592165232e-208
6.483200000000000000e+04 4.241541458739675645e-208
6.489600000000000000e+04 3.580212428538405242e-208
6.496000000000000000e+04 2.042320846725836105e-208
6.502400000000000000e+04 2.042320846725836105e-208
6.508800000000000000e+04 2.173088421505320213e-209
6.515200000000000000e+04 2.173088421505320213e-209
6.521600000000000000e+04 1.514115236992726872e-209
6.528000000000000000e+04 2.905738056544580400e-210
6.534400000000000000e+04 2.905738056544580400e-210
6.540800000000000000e+04 2.905738056544580400e-210
6.547200000000000000e+04 2.905738056544580400e-210
6.553600000000000000e+04 2.905738056544580400e-210
6.560000000000000000e+04 3.839799352604834971e-211
6.566400000000000000e+04 3.839799352604834971e-211
6.572800000000000000e+04 3.839799352604834971e-211
6.579200000000000000e+04 3.839799352604834971e-211
6.585600000000000000e+04 1.199053565755406316e-212
6.592000000000000000e+04 1.199053565755406316e-212
6.598400000000000000e+04 1.199053565755406316e-212
6.604800000000000000e+04 1.199053565755406316e-212
6.611200000000000000e+04 1.199053565755406316e-212
6.617600000000000000e+04 8.310449364088865225e-213
6.624000000000000000e+04 8.310449364088865225e-213
6.630400000000000000e+04 8.310449364088865225e-213
6.636800000000000000e+04 4.986926606679187052e-213
6.643200000000000000e+04 9.118974875888394540e-214
6.649600000000000000e+04 9.118974875888394540e-214
6.656000000000000000e+04 4.406311992205158104e-214
6.662400000000000000e+04 4.406311992205158104e-214
6.668800000000000000e+04 4.284964460791440864e-214
6.675200000000000000e+04 4.284964460791440864e-214
6.681600000000000000e+04 2.357969256266035485e-214
6.688000000000000000e+04 2.357969256266035485e-214
6.694400000000000000e+04 2.124230511030149660e-214
6.700800000000000000e+04 1.865669337856752886e-214
6.707200000000000000e+04 7.651586165808231285e-215
6.713600000000000000e+04 6.341221629598953489e-215
6.720000000000000000e+04 1.047273863428733552e-215
6.726400000000000000e+04 1.047273863428733552e-215
6.732800000000000000e+04 6.388704089327108206e-216
6.739200000000000000e+04 6.388704089327108206e-216
6.745600000000000000e+04 6.388704089327108206e-216
6.752000000000000000e+04 5.295324990420221435e-216
6.758400000000000000e+04 5.295324990420221435e-216
6.764800000000000000e+04 3.963696216100526210e-217
6.771200000000000000e+04 3.963696216100526210e-217
6.777600000000000000e+04 3.963696216100526210e-217
6.784000000000000000e+04 3.963696216100526210e-217
6.790400000000000000e+04 2.364135474283817292e-217
6.796800000000000000e+04 2.364135474283817292e-217
6.803200000000000000e+04 1.398650976703195742e-217
6.809600000000000000e+04 1.018009403555425186e-217
6.816000000000000000e+04 7.109872407087843836e-218
6.822400000000000000e+04 8.291388694233791289e-219
6.828800000000000000e+04 8.291388694233791289e-219
6.835200000000000000e+04 8.291388694233791289e-219
6.841600000000000000e+04 8.291388694233791289e-219
6.848000000000000000e+04 6.643434448700565587e-219
6.854400000000000000e+04 5.815298296698394770e-219
6.860800000000000000e+04 5.815298296698394770e-219
6.867200000000000000e+04 2.206099185559871931e-219
6.873600000000000000e+04 2.576335852329570562e-220
6.880000000000000000e+04 2.576335852329570562e-220
6.886400000000000000e+04 2.576335852329570562e-220
6.892800000000000000e+04 2.576335852329570562e-220
6.899200000000000000e+04 1.643575073851802342e-220
6.905600000000000000e+04 1.643575073851802342e-220
6.912000000000000000e+04 6.347607798463060323e-221
6.918400000000000000e+04 6.347607798463060323e-221
6.924800000000000000e+04 6.018817486477125571e-221
6.931200000000000000e+04 1.279958005199633669e-221
6.937600000000000000e+04 1.279958005199633669e-221
6.944000000000000000e+04 4.465662763987057124e-222
6.950400000000000000e+04 4.465662763987057124e-222
6.956800000000000000e+04 4.465662763987057124e-222
6.963200000000000000e+04 4.465662763987057124e-222
6.969600000000000000e+04 4.465662763987057124e-222
6.976000000000000000e+04 4.074171412811453724e-222
6.982400000000000000e+04 1.191141966305922113e-222
6.988800000000000000e+04 1.191141966305922113e-222
6.995200000000000000e+04 1.049278707683105021e-222
7.001600000000000000e+04 3.968676319136337583e-224
7.008000000000000000e+04 3.968676319136337583e-224
7.014400000000000000e+04 3.968676319136337583e-224
7.020800000000000000e+04 3.968676319136337583e-224
7.027200000000000000e+04 2.237238262689610380e-224
7.033600000000000000e+04 8.348414020853431207e-225
7.040000000000000000e+04 8.348414020853431207e-225
7.046400000000000000e+04 8.348414020853431207e-225
7.052800000000000000e+04 1.954533147216740706e-225
7.059200000000000000e+04 1.954533147216740706e-225
7.065600000000000000e+04 1.954533147216740706e-225
7.072000000000000000e+04 1.954533147216740706e-225
7.078400000000000000e+04 1.954533147216740706e-225
7.084800000000000000e+04 1.954533147216740706e-225
7.091200000000000000e+04 4.357998569127972657e-226
7.097600000000000000e+04 2.763066356966034871e-226
7.104000000000000000e+04 2.763066356966034871e-226
7.110400000000000000e+04 2.763066356966034871e-226
7.116800000000000000e+04 2.763066356966034871e-226
7.123200000000000000e+04 2.536899526514553307e-226
7.129600000000000000e+04 2.536899526514553307e-226
7.136000000000000000e+04 2.155036452719748623e-226
7.142400000000000000e+04 2.155036452719748623e-226
7.148800000000000000e+04 6.633982313946436515e-227
7.155200000000000000e+04 3.201137823058049596e-228
7.161600000000000000e+04 3.201137823058049596e-228
7.168000000000000000e+04 3.201137823058049596e-228
7.174400000000000000e+04 2.693919668786717657e-228
7.180800000000000000e+04 2.401069150529889415e-229
7.187200000000000000e+04 9.678614319776299176e-230
7.193600000000000000e+04 9.678614319776299176e-230
7.200000000000000000e+04 9.678614319776299176e-230
7.206400000000000000e+04 9.678614319776299176e-230
7.212800000000000000e+04 2.569206001862859369e-230
7.219200000000000000e+04 2.569206001862859369e-230
7.225600000000000000e+04 2.569206001862859369e-230
7.232000000000000000e+04 2.569206001862859369e-230
7.238400000000000000e+04 2.569206001862859369e-230
7.244800000000000000e+04 2.569206001862859369e-230
7.251200000000000000e+04 2.569206001862859369e-230
7.257600000000000000e+04 1.289303328648676110e-230
7.264000000000000000e+04 5.858140058834435437e-232
7.270400000000000000e+04 5.858140058834435437e-232
7.276800000000000000e+04 5.858140058834435437e-232
7.283200000000000000e+04 5.858140058834435437e-232
7.289600000000000000e+04 5.081817835716859658e-232
7.296000000000000000e+04 3.451737608671227694e-232
7.302400000000000000e+04 1.217331772478666468e-232
7.308800000000000000e+04 2.861488518516368004e-233
7.315200000000000000e+04 7.012840440257594528e-234
7.321600000000000000e+04 7.012840440257594528e-234
7.328000000000000000e+04 7.012840440257594528e-234
7.334400000000000000e+04 7.012840440257594528e-234
7.340800000000000000e+04 7.012840440257594528e-234
7.347200000000000000e+04 7.012840440257594528e-234
7.353600000000000000e+04 1.137745799757385774e-234
7.360000000000000000e+04 7.193752012503472616e-235
7.366400000000000000e+04 7.193752012503472616e-235
7.372800000000000000e+04 7.193752012503472616e-235
7.379200000000000000e+04 7.193752012503472616e-235
7.385600000000000000e+04 2.713005342332193152e-235
7.392000000000000000e+04 1.319455893649873016e-235
7.398400000000000000e+04 4.828693531603433654e-236
7.404800000000000000e+04 4.828693531603433654e-236
7.411200000000000000e+04 1.620777897565703142e-236
7.417600000000000000e+04 1.620777897565703142e-236
7.424000000000000000e+04 8.858158914780585674e-237
7.430400000000000000e+04 8.858158914780585674e-237
7.436800000000000000e+04 4.116611212699341212e-237
7.443200000000000000e+04 4.116611212699341212e-237
7.449600000000000000e+04 4.180399033564566728e-238
7.456000000000000000e+04 3.606938446927767681e-238
7.462400000000000000e+04 2.874302197384213363e-238
7.468800000000000000e+04 2.874302197384213363e-238
7.475200000000000000e+04 2.874302197384213363e-238
7.481600000000000000e+04 1.600575430889915627e-239
7.488000000000000000e+04 4.946508173185189927e-240
7.494400000000000000e+04 4.946508173185189927e-240
7.500800000000000000e+04 4.946508173185189927e-240
7.507200000000000000e+04 4.946508173185189927e-240
7.513600000000000000e+04 4.946508173185189927e-240
7.520000000000000000e+04 4.946508173185189927e-240
7.526400000000000000e+04 4.946508173185189927e-240
7.532800000000000000e+04 6.494899641471927549e-241
7.539200000000000000e+04 6.182253858530082924e-241
7.545600000000000000e+04 6.182253858530082924e-241
7.552000000000000000e+04 4.580621474451755015e-242
7.558400000000000000e+04 4.580621474451755015e-242
7.564800000000000000e+04 4.580621474451755015e-242
7.571200000000000000e+04 4.580621474451755015e-242
7.577600000000000000e+04 4.580621474451755015e-242
7.584000000000000000e+04 4.580621474451755015e-242
7.590400000000000000e+04 3.275539217688346497e-242
7.596800000000000000e+04 3.275539217688346497e-242
7.603200000000000000e+04 1.556138878649147282e-242
7.609600000000000000e+04 3.060376728374771394e-243
7.616000000000000000e+04 3.060376728374771394e-243
7.622400000000000000e+04 3.060376728374771394e-243
7.628800000000000000e+04 2.036636507224080081e-243
7.635200000000000000e+04 2.036636507224080081e-243
7.641600000000000000e+04 2.036636507224080081e-243
7.648000000000000000e+04 1.110022271734429763e-244
7.654400000000000000e+04 1.110022271734429763e-244
7.660800000000000000e+04 1.110022271734429763e-244
7.667200000000000000e+04 9.659192400990199230e-245
7.673600000000000000e+04 9.659192400990199230e-245
7.680000000000000000e+04 9.659192400990199230e-245
7.686400000000000000e+04 9.659192400990199230e-245
7.692800000000000000e+04 7.350407155715567117e-245
7.699200000000000000e+04 6.676274727557487498e-245
7.705600000000000000e+04 9.986960039530801344e-248
7.712000000000000000e+04 9.986960039530801344e-248
7.718400000000000000e+04 9.986960039530801344e-248
7.724800000000000000e+04 9.986960039530801344e-248
7.731200000000000000e+04 9.986960039530801344e-248
7.737600000000000000e+04 9.986960039530801344e-248
7.744000000000000000e+04 9.986960039530801344e-248
7.750400000000000000e+04 9.986960039530801344e-248
7.756800000000000000e+04 9.986960039530801344e-248
7.763200000000000000e+04 9.986960039530801344e-248
7.769600000000000000e+04 9.986960039530801344e-248
7.776000000000000000e+04 8.557579294787704896e-248
7.782400000000000000e+04 8.557579294787704896e-248
7.788800000000000000e+04 8.557579294787704896e-248
7.795200000000000000e+04 3.727794239561864823e-248
7.801600000000000000e+04 2.135616498703081677e-248
7.808000000000000000e+04 8.457990036520538959e-249
7.814400000000000000e+04 4.077503099977918525e-249
7.820800000000000000e+04 4.077503099977918525e-249
7.827200000000000000e+04 1.103038063425143051e-249
7.833600000000000000e+04 1.103038063425143051e-249
7.840000000000000000e+04 4.515287887016231807e-250
7.846400000000000000e+04 4.515287887016231807e-250
7.852800000000000000e+04 2.914959075896564371e-250
7.859200000000000000e+04 2.716634472253556923e-250
7.865600000000000000e+04 2.588675756818301458e-250
7.872000000000000000e+04 4.825503831109071255e-251
7.878400000000000000e+04 4.825503831109071255e-251
7.884800000000000000e+04 3.731358473493579044e-251
7.891200000000000000e+04 3.731358473493579044e-251
7.897600000000000000e+04 3.731358473493579044e-251
7.904000000000000000e+04 9.316896093036322733e-252
7.910400000000000000e+04 9.316896093036322733e-252
7.916800000000000000e+04 9.316896093036322733e-252
7.923200000000000000e+04 9.316896093036322733e-252
7.929600000000000000e+04 1.168032123615004499e-252
7.936000000000000000e+04 8.000087549781372224e-253
7.942400000000000000e+04 8.000087549781372224e-253
7.948800000000000000e+04 8.000087549781372224e-253
7.955200000000000000e+04 8.000087549781372224e-253
7.961600000000000000e+04 8.000087549781372224e-253
7.968000000000000000e+04 7.933774768367458439e-254
7.974400000000000000e+04 7.933774768367458439e-254
7.980800000000000000e+04 6.405183207101549272e-254
7.987200000000000000e+04 2.682034066771293507e-254
7.993600000000000000e+04 2.682034066771293507e-254
8.000000000000000000e+04 2.682034066771293507e-254
8.006400000000000000e+04 2.682034066771293507e-254
8.012800000000000000e+04 2.682034066771293507e-254
8.019200000000000000e+04 2.314312594775069916e-254
8.025600000000000000e+04 1.512430169221663376e-254
8.032000000000000000e+04 2.339402468727291988e-255
8.038400000000000000e+04 1.759349327312780406e-255
8.044800000000000000e+04 1.759349327312780406e-255
8.051200000000000000e+04 1.759349327312780406e-255
8.057600000000000000e+04 1.205673499221143759e-255
8.064000000000000000e+04 1.037370732576510846e-256
8.070400000000000000e+04 1.037370732576510846e-256
8.076800000000000000e+04 9.678812362438457659e-257
8.083200000000000000e+04 1.263153763203511800e-257
8.089600000000000000e+04 1.263153763203511800e-257
8.096000000000000000e+04 1.263153763203511800e-257
8.102400000000000000e+04 1.263153763203511800e-257
8.108800000000000000e+04 1.106921908123370669e-258
8.115200000000000000e+04 1.106921908123370669e-258
8.121600000000000000e+04 9.005019740337491598e-259
8.128000000000000000e+04 9.005019740337491598e-259
8.134400000000000000e+04 2.743874078332147494e-259
8.140800000000000000e+04 2.743874078332147494e-259
8.147200000000000000e+04 2.743874078332147494e-259
8.153600000000000000e+04 2.743874078332147494e-259
8.160000000000000000e+04 2.743874078332147494e-259
8.166400000000000000e+04 2.056403490359531829e-259
8.172800000000000000e+04 5.454050961849459220e-260
8.179200000000000000e+04 5.454050961849459220e-260
8.185600000000000000e+04 1.234304748131233837e-260
8.192000000000000000e+04 1.970021605168991855e-261
8.198400000000000000e+04 1.970021605168991855e-261
8.204800000000000000e+04 5.616920881449488569e-262
8.211200000000000000e+04 5.616920881449488569e-262
8.217600000000000000e+04 5.616920881449488569e-262
8.224000000000000000e+04 5.616920881449488569e-262
8.230400000000000000e+04 5.616920881449488569e-262
8.236800000000000000e+04 5.616920881449488569e-262
8.243200000000000000e+04 5.616920881449488569e-262
8.249600000000000000e+04 5.616920881449488569e-262
8.256000000000000000e+04 8.993284758878235900e-263
8.262400000000000000e+04 8.543232076540038388e-263
8.268800000000000000e+04 8.543232076540038388e-263
8.275200000000000000e+04 3.485954041250490969e-263
8.281600000000000000e+04 3.485954041250490969e-263
8.288000000000000000e+04 3.395253414871236194e-263
8.294400000000000000e+04 3.395253414871236194e-263
8.300800000000000000e+04 1.222757705526206655e-263
8.307200000000000000e+04 1.222757705526206655e-263
8.313600000000000000e+04 1.088557071895445665e-263
8.320000000000000000e+04 4.061122646694078291e-265
8.326400000000000000e+04 4.061122646694078291e-265
8.332800000000000000e+04 4.061122646694078291e-265
8.339200000000000000e+04 4.061122646694078291e-265
8.345600000000000000e+04 4.061122646694078291e-265
8.352000000000000000e+04 1.949882321762365410e-265
8.358400000000000000e+04 1.949882321762365410e-265
8.364800000000000000e+04 1.291071074673837742e-266
8.371200000000000000e+04 1.291071074673837742e-266
8.377600000000000000e+04 1.291071074673837742e-266
8.384000000000000000e+04 1.291071074673837742e-266
8.390400000000000000e+04 6.852613168681565181e-269
8.396800000000000000e+04 6.852613168681565181e-269
8.403200000000000000e+04 6.852613168681565181e-269
8.409600000000000000e+04 6.852613168681565181e-269
8.416000000000000000e+04 6.852613168681565181e-269
8.422400000000000000e+04 6.852613168681565181e-269
8.428800000000000000e+04 6.852613168681565181e-269
8.435200000000000000e+04 6.852613168681565181e-269
8.441600000000000000e+04 6.852613168681565181e-269
8.448000000000000000e+04 4.292621427020985956e-269
8.454400000000000000e+04 4.292621427020985956e-269
8.460800000000000000e+04 3.788632172811772572e-269
8.467200000000000000e+04 3.689787238949200403e-270
8.473600000000000000e+04 3.689787238949200403e-270
8.480000000000000000e+04 3.368227393509133606e-270
8.486400000000000000e+04 3.368227393509133606e-270
8.492800000000000000e+04 1.228966907928874355e-270
8.499200000000000000e+04 1.208587400726809946e-272
8.505600000000000000e+04 1.208587400726809946e-272
8.512000000000000000e+04 1.208587400726809946e-272
8.518400000000000000e+04 1.208587400726809946e-272
8.524800000000000000e+04 1.208587400726809946e-272
8.531200000000000000e+04 1.208587400726809946e-272
8.537600000000000000e+04 1.208587400726809946e-272
8.544000000000000000e+04 4.949274344390043977e-273
8.550400000000000000e+04 4.949274344390043977e-273
8.556800000000000000e+04 4.949274344390043977e-273
8.563200000000000000e+04 4.949274344390043977e-273
8.569600000000000000e+04 4.949274344390043977e-273
8.576000000000000000e+04 4.949274344390043977e-273
8.582400000000000000e+04 4.949274344390043977e-273
8.588800000000000000e+04 1.547946575006301949e-273
8.595200000000000000e+04 8.827015078355037737e-274
8.601600000000000000e+04 8.827015078355037737e-274
8.608000000000000000e+04 2.164861621214946436e-274
8.614400000000000000e+04 3.820648149668476137e-275
8.620800000000000000e+04 3.820648149668476137e-275
8.627200000000000000e+04 3.820648149668476137e-275
8.633600000000000000e+04 3.820648149668476137e-275
8.640000000000000000e+04 3.820648149668476137e-275
8.646400000000000000e+04 3.820648149668476137e-275
8.652800000000000000e+04 3.820648149668476137e-275
8.659200000000000000e+04 1.314909153411791938e-275
8.665600000000000000e+04 1.314909153411791938e-275
8.672000000000000000e+04 3.007264249171057416e-276
8.678400000000000000e+04 1.509567242090452683e-276
8.684800000000000000e+04 1.509567242090452683e-276
8.691200000000000000e+04 2.182997532035046182e-277
8.697600000000000000e+04 2.182997532035046182e-277
8.704000000000000000e+04 2.182997532035046182e-277
8.710400000000000000e+04 2.182997532035046182e-277
8.716800000000000000e+04 2.182997532035046182e-277
8.723200000000000000e+04 1.656510072119524341e-278
8.729600000000000000e+04 1.656510072119524341e-278
8.736000000000000000e+04 1.656510072119524341e-278
8.742400000000000000e+04 1.656510072119524341e-278
8.748800000000000000e+04 1.362634539579328859e-278
8.755200000000000000e+04 1.323983079664217178e-278
8.761600000000000000e+04 4.612832848180655727e-279
8.768000000000000000e+04 4.612832848180655727e-279
8.774400000000000000e+04 4.612832848180655727e-279
8.780800000000000000e+04 9.076726273412677852e-281
8.787200000000000000e+04 9.076726273412677852e-281
8.793600000000000000e+04 9.076726273412677852e-281
8.800000000000000000e+04 9.076726273412677852e-281
8.806400000000000000e+04 9.076726273412677852e-281
8.812800000000000000e+04 9.076726273412677852e-281
8.819200000000000000e+04 9.076726273412677852e-281
8.825600000000000000e+04 9.076726273412677852e-281
8.832000000000000000e+04 2.773312189988957276e-281
8.838400000000000000e+04 2.773312189988957276e-281
8.844800000000000000e+04 2.773312189988957276e-281
8.851200000000000000e+04 2.773312189988957276e-281
8.857600000000000000e+04 6.948141326881507863e-282
8.864000000000000000e+04 6.948141326881507863e-282
8.870400000000000000e+04 6.948141326881507863e-282
8.876800000000000000e+04 4.494324315507260647e-282
8.883200000000000000e+04 4.494324315507260647e-282
8.889600000000000000e+04 3.855022272164808067e-282
8.896000000000000000e+04 3.855022272164808067e-282
8.902400000000000000e+04 1.100347505209137562e-282
8.908800000000000000e+04 1.100347505209137562e-282
8.915200000000000000e+04 5.192788795525150979e-283
8.921600000000000000e+04 5.272401195934500034e-284
8.928000000000000000e+04 5.272401195934500034e-284
8.934400000000000000e+04 2.077824325071029532e-284
8.940800000000000000e+04 2.077824325071029532e-284
8.947200000000000000e+04 2.077824325071029532e-284
8.953600000000000000e+04 2.077824325071029532e-284
8.960000000000000000e+04 2.077824325071029532e-284
8.966400000000000000e+04 2.077824325071029532e-284
8.972800000000000000e+04 8.420740920521181356e-285
8.979200000000000000e+04 4.418864631508193871e-285
8.985600000000000000e+04 4.418864631508193871e-285
8.992000000000000000e+04 4.418864631508193871e-285
8.998400000000000000e+04 5.280121617018181957e-287
9.004800000000000000e+04 5.280121617018181957e-287
9.011200000000000000e+04 5.280121617018181957e-287
9.017600000000000000e+04 5.280121617018181957e-287
9.024000000000000000e+04 5.280121617018181957e-287
9.030400000000000000e+04 5.280121617018181957e-287
9.036800000000000000e+04 5.280121617018181957e-287
9.043200000000000000e+04 5.280121617018181957e-287
9.049600000000000000e+04 5.280121617018181957e-287
9.056000000000000000e+04 4.554209564873520503e-287
9.062400000000000000e+04 6.755032723016234742e-288
9.068800000000000000e+04 3.888382833477448536e-288
9.075200000000000000e+04 3.888382833477448536e-288
9.081600000000000000e+04 1.281053023678459893e-288
9.088000000000000000e+04 1.281053023678459893e-288
9.094400000000000000e+04 5.010481615340563320e-289
9.100800000000000000e+04 1.660795432510997026e-289
9.107200000000000000e+04 1.660795432510997026e-289
9.113600000000000000e+04 1.660795432510997026e-289
9.120000000000000000e+04 4.421489749299231408e-291
9.126400000000000000e+04 4.421489749299231408e-291
9.132800000000000000e+04 4.398048895269516936e-292
9.139200000000000000e+04 4.398048895269516936e-292
9.145600000000000000e+04 4.398048895269516936e-292
9.152000000000000000e+04 4.398048895269516936e-292
9.158400000000000000e+04 4.398048895269516936e-292
9.164800000000000000e+04 2.683383701182300865e-292
9.171200000000000000e+04 1.798269239552278241e-292
9.177600000000000000e+04 1.798269239552278241e-292
9.184000000000000000e+04 1.798269239552278241e-292
9.190400000000000000e+04 1.798269239552278241e-292
9.196800000000000000e+04 1.798269239552278241e-292
9.203200000000000000e+04 1.798269239552278241e-292
9.209600000000000000e+04 1.503957645745411740e-292
9.216000000000000000e+04 8.890750347784949900e-293
9.222400000000000000e+04 2.403647598581624187e-293
9.228800000000000000e+04 2.403647598581624187e-293
9.235200000000000000e+04 2.403647598581624187e-293
9.241600000000000000e+04 1.358491422485334049e-293
9.248000000000000000e+04 6.424439268597335212e-294
9.254400000000000000e+04 6.424439268597335212e-294
9.260800000000000000e+04 4.593748883362888236e-295
9.267200000000000000e+04 4.593748883362888236e-295
9.273600000000000000e+04 4.593748883362888236e-295
9.280000000000000000e+04 4.593748883362888236e-295
9.286400000000000000e+04 3.177328807515701909e-296
9.292800000000000000e+04 3.177328807515701909e-296
9.299200000000000000e+04 3.177328807515701909e-296
9.305600000000000000e+04 3.177328807515701909e-296
9.312000000000000000e+04 3.177328807515701909e-296
9.318400000000000000e+04 3.177328807515701909e-296
9.324800000000000000e+04 3.177328807515701909e-296
9.331200000000000000e+04 3.988400019149554158e-297
9.337600000000000000e+04 3.988400019149554158e-297
9.344000000000000000e+04 3.988400019149554158e-297
9.350400000000000000e+04 3.988400019149554158e-297
9.356800000000000000e+04 3.988400019149554158e-297
9.363200000000000000e+04 9.728160124091278764e-299
9.369600000000000000e+04 9.728160124091278764e-299
9.376000000000000000e+04 9.728160124091278764e-299
9.382400000000000000e+04 9.728160124091278764e-299
9.388800000000000000e+04 9.728160124091278764e-299
9.395200000000000000e+04 9.728160124091278764e-299
9.401600000000000000e+04 9.728160124091278764e-299
9.408000000000000000e+04 9.728160124091278764e-299
9.414400000000000000e+04 3.829795510928888266e-299
9.420800000000000000e+04 3.829795510928888266e-299
9.427200000000000000e+04 1.283325324580184436e-299
9.433600000000000000e+04 1.283325324580184436e-299
9.440000000000000000e+04 1.283325324580184436e-299
9.446400000000000000e+04 1.283325324580184436e-299
9.452800000000000000e+04 6.413668704764843559e-300
9.459200000000000000e+04 6.413668704764843559e-300
9.465600000000000000e+04 6.413668704764843559e-300
9.472000000000000000e+04 1.533665372767305174e-300
9.478400000000000000e+04 6.662639175045065647e-301
9.484800000000000000e+04 6.662639175045065647e-301
9.491200000000000000e+04 1.477636529120135871e-301
9.497600000000000000e+04 1.074789586154577724e-302
9.504000000000000000e+04 8.160403595323228977e-303
9.510400000000000000e+04 8.160403595323228977e-303
9.516800000000000000e+04 8.160403595323228977e-303
9.523200000000000000e+04 8.160403595323228977e-303
9.529600000000000000e+04 8.160403595323228977e-303
9.536000000000000000e+04 8.160403595323228977e-303
9.542400000000000000e+04 8.160403595323228977e-303
9.548800000000000000e+04 8.160403595323228977e-303
9.555200000000000000e+04 2.023136257081000422e-303
9.561600000000000000e+04 2.023136257081000422e-303
9.568000000000000000e+04 2.023136257081000422e-303
9.574400000000000000e+04 2.023136257081000422e-303
9.580800000000000000e+04 2.023136257081000422e-303
9.587200000000000000e+04 1.429401169114308168e-303
9.593600000000000000e+04 1.090009612230340412e-303
9.600000000000000000e+04 6.137922263323103289e-304
9.606400000000000000e+04 6.137922263323103289e-304
9.612800000000000000e+04 2.263142443917664540e-304
9.619200000000000000e+04 1.413964071246723509e-304
9.625600000000000000e+04 1.413964071246723509e-304
9.632000000000000000e+04 4.951128840502147755e-305
9.638400000000000000e+04 4.951128840502147755e-305
9.644800000000000000e+04 5.831395173045583556e-307
9.651200000000000000e+04 5.831395173045583556e-307
9.657600000000000000e+04 5.831395173045583556e-307
9.664000000000000000e+04 9.583446189181176880e-308
9.670400000000000000e+04 9.583446189181176880e-308
9.676800000000000000e+04 9.583446189181176880e-308
9.683200000000000000e+04 9.583446189181176880e-308
9.689600000000000000e+04 9.583446189181176880e-308
9.696000000000000000e+04 8.705767456797811532e-308
9.702400000000000000e+04 8.705767456797811532e-308
9.708800000000000000e+04 1.912311581355743829e-308
9.715200000000000000e+04 1.912311581355743829e-308
9.721600000000000000e+04 1.291633145532007588e-308
9.728000000000000000e+04 2.807748464181725701e-309
9.734400000000000000e+04 2.807748464181725701e-309
9.740800000000000000e+04 6.843408050391158642e-310
9.747200000000000000e+04 6.843408050391158642e-310
9.753600000000000000e+04 6.261898819757663476e-310
9.760000000000000000e+04 6.261898819757663476e-310
9.766400000000000000e+04 6.261898819757663476e-310
9.772800000000000000e+04 3.811075496667747234e-310
9.779200000000000000e+04 3.624266903139829659e-310
9.785600000000000000e+04 5.207493836062594862e-311
9.792000000000000000e+04 3.473351380923621633e-312
9.798400000000000000e+04 3.473351380923621633e-312
9.804800000000000000e+04 3.473351380923621633e-312
9.811200000000000000e+04 3.473351380923621633e-312
9.817600000000000000e+04 3.473351380923621633e-312
9.824000000000000000e+04 3.448366877172460341e-312
9.830400000000000000e+04 1.679978998542692186e-312
9.836800000000000000e+04 1.679978998542692186e-312
9.843200000000000000e+04 1.141510803934586682e-312
9.849600000000000000e+04 2.499489178620360688e-313
9.856000000000000000e+04 2.499489178620360688e-313
9.862400000000000000e+04 2.499489178620360688e-313
9.868800000000000000e+04 2.499489178620360688e-313
9.875200000000000000e+04 1.165620949445618598e-313
9.881600000000000000e+04 8.505116504737165094e-314
9.888000000000000000e+04 8.505116504737165094e-314
9.894400000000000000e+04 8.505116504737165094e-314
9.900800000000000000e+04 8.505116504737165094e-314
9.907200000000000000e+04 1.696030912159815196e-314
9.913600000000000000e+04 1.696030912159815196e-314
9.920000000000000000e+04 1.696030912159815196e-314
9.926400000000000000e+04 1.142724553806368009e-314
9.932800000000000000e+04 1.142724553806368009e-314
9.939200000000000000e+04 3.881067464240661183e-316
9.945600000000000000e+04 2.708340945037296939e-316
9.952000000000000000e+04 2.708340945037296939e-316
9.958400000000000000e+04 2.708340945037296939e-316
9.964800000000000000e+04 2.708340945037296939e-316
9.971200000000000000e+04 2.708340945037296939e-316
9.977600000000000000e+04 7.628239679998823664e-317
9.984000000000000000e+04 6.144594636067123338e-317
9.990400000000000000e+04 6.144594636067123338e-317
9.996800000000000000e+04 6.144594636067123338e-317
1.000320000000000000e+05 6.144594636067123338e-317
