6.400000000000000000e+01 1.547682487873278223e+00
1.280000000000000000e+02 1.184945300798612822e+00
1.920000000000000000e+02 2.215684843443385330e-02
2.560000000000000000e+02 2.215684843443385330e-02
3.200000000000000000e+02 2.215684843443385330e-02
3.840000000000000000e+02 2.215684843443385330e-02
4.480000000000000000e+02 2.215684843443385330e-02
5.120000000000000000e+02 2.215684843443385330e-02
5.760000000000000000e+02 2.215684843443385330e-02
6.400000000000000000e+02 4.524422711487538322e-03
7.040000000000000000e+02 4.524422711487538322e-03
7.680000000000000000e+02 4.524422711487538322e-03
8.320000000000000000e+02 1.903014741716518030e-03
8.960000000000000000e+02 1.903014741716518030e-03
9.600000000000000000e+02 1.903014741716518030e-03
1.024000000000000000e+03 1.903014741716518030e-03
1.088000000000000000e+03 1.903014741716518030e-03
1.152000000000000000e+03 1.228666553224617270e-04
1.216000000000000000e+03 1.228666553224617270e-04
1.280000000000000000e+03 1.228666553224617270e-04
1.344000000000000000e+03 1.228666553224617270e-04
1.408000000000000000e+03 1.228666553224617270e-04
1.472000000000000000e+03 2.477899188955793124e-05
1.536000000000000000e+03 2.477899188955793124e-05
1.600000000000000000e+03 2.477899188955793124e-05
1.664000000000000000e+03 6.418778827368133034e-06
1.728000000000000000e+03 1.611615792398183051e-06
1.792000000000000000e+03 1.611615792398183051e-06
1.856000000000000000e+03 1.611615792398183051e-06
1.920000000000000000e+03 1.611615792398183051e-06
1.984000000000000000e+03 1.611615792398183051e-06
2.048000000000000000e+03 1.116810996656614348e-06
2.112000000000000000e+03 1.116810996656614348e-06
2.176000000000000000e+03 1.116810996656614348e-06
2.240000000000000000e+03 1.116810996656614348e-06
2.304000000000000000e+03 9.366827803306760179e-07
2.368000000000000000e+03 4.992348684380446579e-07
2.432000000000000000e+03 3.157378651110135456e-07
2.496000000000000000e+03 7.296950191258633650e-08
2.560000000000000000e+03 7.296950191258633650e-08
2.624000000000000000e+03 5.698347678335196569e-08
2.688000000000000000e+03 5.698347678335196569e-08
2.752000000000000000e+03 2.772786196874085215e-08
2.816000000000000000e+03 1.394962336103587718e-08
2.880000000000000000e+03 2.311547932832633300e-09
2.944000000000000000e+03 2.311547932832633300e-09
3.008000000000000000e+03 4.145248043947244244e-10
3.072000000000000000e+03 4.145248043947244244e-10
3.136000000000000000e+03 4.145248043947244244e-10
3.200000000000000000e+03 4.145248043947244244e-10
3.264000000000000000e+03 4.145248043947244244e-10
3.328000000000000000e+03 1.324852829899931022e-10
3.392000000000000000e+03 1.020905955163079864e-10
3.456000000000000000e+03 1.020905955163079864e-10
3.520000000000000000e+03 6.026173193570526591e-11
3.584000000000000000e+03 6.026173193570526591e-11
3.648000000000000000e+03 2.271911842156278438e-11
3.712000000000000000e+03 2.271911842156278438e-11
3.776000000000000000e+03 7.580671919071748970e-13
3.840000000000000000e+03 7.580671919071748970e-13
3.904000000000000000e+03 7.580671919071748970e-13
3.968000000000000000e+03 7.580671919071748970e-13
4.032000000000000000e+03 7.580671919071748970e-13
4.096000000000000000e+03 7.580671919071748970e-13
4.160000000000000000e+03 1.910302616226490657e-13
4.224000000000000000e+03 1.910302616226490657e-13
4.288000000000000000e+03 2.070410074918141283e-14
4.352000000000000000e+03 2.070410074918141283e-14
4.416000000000000000e+03 1.633947393414798340e-14
4.480000000000000000e+03 1.633947393414798340e-14
4.544000000000000000e+03 1.633947393414798340e-14
4.608000000000000000e+03 1.633947393414798340e-14
4.672000000000000000e+03 5.228167879335713148e-15
4.736000000000000000e+03 3.203776171924722460e-15
4.800000000000000000e+03 3.203776171924722460e-15
4.864000000000000000e+03 2.161275102816569469e-15
4.928000000000000000e+03 2.075279726975604388e-16
4.992000000000000000e+03 2.075279726975604388e-16
5.056000000000000000e+03 8.191236097526760598e-17
5.120000000000000000e+03 1.870340117078886638e-17
5.184000000000000000e+03 1.870340117078886638e-17
5.248000000000000000e+03 1.870340117078886638e-17
5.312000000000000000e+03 1.870340117078886638e-17
5.376000000000000000e+03 1.870340117078886638e-17
5.440000000000000000e+03 3.613359803095584745e-18
5.504000000000000000e+03 3.613359803095584745e-18
5.568000000000000000e+03 3.613359803095584745e-18
5.632000000000000000e+03 3.613359803095584745e-18
5.696000000000000000e+03 3.613359803095584745e-18
5.760000000000000000e+03 6.882354788390129929e-20
5.824000000000000000e+03 6.882354788390129929e-20
5.888000000000000000e+03 6.882354788390129929e-20
5.952000000000000000e+03 6.882354788390129929e-20
6.016000000000000000e+03 3.572355208283184025e-20
6.080000000000000000e+03 3.572355208283184025e-20
6.144000000000000000e+03 3.572355208283184025e-20
6.208000000000000000e+03 3.572355208283184025e-20
6.272000000000000000e+03 3.572355208283184025e-20
6.336000000000000000e+03 3.572355208283184025e-20
6.400000000000000000e+03 3.572355208283184025e-20
6.464000000000000000e+03 2.107218220583199928e-20
6.528000000000000000e+03 2.107218220583199928e-20
6.592000000000000000e+03 1.043110823969345723e-20
6.656000000000000000e+03 1.217714334725795811e-21
6.720000000000000000e+03 1.217714334725795811e-21
6.784000000000000000e+03 1.217714334725795811e-21
6.848000000000000000e+03 3.486483830610775694e-22
6.912000000000000000e+03 3.486483830610775694e-22
6.976000000000000000e+03 9.909076560353606623e-23
7.040000000000000000e+03 9.909076560353606623e-23
7.104000000000000000e+03 9.909076560353606623e-23
7.168000000000000000e+03 1.171092347642201397e-23
7.232000000000000000e+03 1.171092347642201397e-23
7.296000000000000000e+03 2.391334201138124375e-24
7.360000000000000000e+03 2.391334201138124375e-24
7.424000000000000000e+03 5.720844703898789105e-25
7.488000000000000000e+03 5.720844703898789105e-25
7.552000000000000000e+03 5.720844703898789105e-25
7.616000000000000000e+03 5.720844703898789105e-25
7.680000000000000000e+03 5.720844703898789105e-25
7.744000000000000000e+03 2.292861563318740913e-25
7.808000000000000000e+03 2.292861563318740913e-25
7.872000000000000000e+03 2.292861563318740913e-25
7.936000000000000000e+03 2.292861563318740913e-25
8.000000000000000000e+03 1.169060538856129236e-25
8.064000000000000000e+03 1.169060538856129236e-25
8.128000000000000000e+03 1.169060538856129236e-25
8.192000000000000000e+03 1.924993678734513337e-26
8.256000000000000000e+03 1.798279536131855178e-26
8.320000000000000000e+03 1.798279536131855178e-26
8.384000000000000000e+03 9.057337900887614227e-27
8.448000000000000000e+03 7.696679531998249224e-27
8.512000000000000000e+03 7.696679531998249224e-27
8.576000000000000000e+03 3.214583581229333033e-27
8.640000000000000000e+03 3.214583581229333033e-27
8.704000000000000000e+03 3.238490658965993801e-28
8.768000000000000000e+03 3.238490658965993801e-28
8.832000000000000000e+03 3.238490658965993801e-28
8.896000000000000000e+03 1.616547639090934625e-29
8.960000000000000000e+03 1.616547639090934625e-29
9.024000000000000000e+03 1.616547639090934625e-29
9.088000000000000000e+03 5.305570111036525225e-30
9.152000000000000000e+03 5.305570111036525225e-30
9.216000000000000000e+03 5.305570111036525225e-30
9.280000000000000000e+03 5.305570111036525225e-30
9.344000000000000000e+03 9.461074882959595776e-31
9.408000000000000000e+03 9.461074882959595776e-31
9.472000000000000000e+03 9.461074882959595776e-31
9.536000000000000000e+03 6.057658955159385575e-31
9.600000000000000000e+03 6.057658955159385575e-31
9.664000000000000000e+03 6.057658955159385575e-31
9.728000000000000000e+03 5.715527562394100261e-31
9.792000000000000000e+03 2.961577506328207883e-31
9.856000000000000000e+03 2.961577506328207883e-31
9.920000000000000000e+03 7.496363099815617637e-32
9.984000000000000000e+03 7.496363099815617637e-32
1.004800000000000000e+04 7.326065896813056129e-32
1.011200000000000000e+04 3.343511425730376730e-32
1.017600000000000000e+04 3.343511425730376730e-32
1.024000000000000000e+04 2.373288074261529993e-32
1.030400000000000000e+04 5.765674884731389018e-34
1.036800000000000000e+04 5.765674884731389018e-34
1.043200000000000000e+04 5.765674884731389018e-34
1.049600000000000000e+04 6.193014559259674497e-35
1.056000000000000000e+04 6.193014559259674497e-35
1.062400000000000000e+04 6.193014559259674497e-35
1.068800000000000000e+04 6.193014559259674497e-35
1.075200000000000000e+04 6.193014559259674497e-35
1.081600000000000000e+04 4.027038889679907042e-35
1.088000000000000000e+04 4.027038889679907042e-35
1.094400000000000000e+04 1.865176199618830605e-35
1.100800000000000000e+04 1.865176199618830605e-35
1.107200000000000000e+04 1.392025778265018684e-35
1.113600000000000000e+04 1.392025778265018684e-35
1.120000000000000000e+04 1.227211341206213484e-35
1.126400000000000000e+04 1.047939370520939721e-36
1.132800000000000000e+04 1.047939370520939721e-36
1.139200000000000000e+04 1.047939370520939721e-36
1.145600000000000000e+04 1.019728682316820299e-37
1.152000000000000000e+04 1.019728682316820299e-37
1.158400000000000000e+04 1.019728682316820299e-37
1.164800000000000000e+04 1.019728682316820299e-37
1.171200000000000000e+04 1.019728682316820299e-37
1.177600000000000000e+04 1.019728682316820299e-37
1.184000000000000000e+04 3.848435282738337866e-39
1.190400000000000000e+04 3.848435282738337866e-39
1.196800000000000000e+04 3.848435282738337866e-39
1.203200000000000000e+04 3.848435282738337866e-39
1.209600000000000000e+04 3.848435282738337866e-39
1.216000000000000000e+04 3.848435282738337866e-39
1.222400000000000000e+04 2.078511736478714545e-39
1.228800000000000000e+04 2.078511736478714545e-39
1.235200000000000000e+04 1.525383065004384727e-40
1.241600000000000000e+04 1.525383065004384727e-40
1.248000000000000000e+04 1.525383065004384727e-40
1.254400000000000000e+04 9.113955557700152378e-41
1.260800000000000000e+04 2.765670815030465696e-41
1.267200000000000000e+04 2.765670815030465696e-41
1.273600000000000000e+04 2.765670815030465696e-41
1.280000000000000000e+04 1.140192244201405538e-41
1.286400000000000000e+04 1.989793134239923749e-42
1.292800000000000000e+04 1.989793134239923749e-42
1.299200000000000000e+04 1.989793134239923749e-42
1.305600000000000000e+04 1.989793134239923749e-42
1.312000000000000000e+04 1.788737655641065623e-42
1.318400000000000000e+04 1.278469235967512727e-42
1.324800000000000000e+04 1.254780346060861251e-42
1.331200000000000000e+04 2.355780110654770620e-43
1.337600000000000000e+04 9.521526726413991086e-44
1.344000000000000000e+04 9.521526726413991086e-44
1.350400000000000000e+04 5.053043950666725988e-44
1.356800000000000000e+04 5.053043950666725988e-44
1.363200000000000000e+04 8.528010381263809472e-45
1.369600000000000000e+04 8.528010381263809472e-45
1.376000000000000000e+04 1.247753306040226855e-45
1.382400000000000000e+04 1.247753306040226855e-45
1.388800000000000000e+04 1.247753306040226855e-45
1.395200000000000000e+04 2.470768276904617227e-47
1.401600000000000000e+04 2.470768276904617227e-47
1.408000000000000000e+04 2.470768276904617227e-47
1.414400000000000000e+04 2.470768276904617227e-47
1.420800000000000000e+04 2.470768276904617227e-47
1.427200000000000000e+04 2.470768276904617227e-47
1.433600000000000000e+04 2.470768276904617227e-47
1.440000000000000000e+04 2.381766129939597322e-47
1.446400000000000000e+04 2.160550783173725136e-47
1.452800000000000000e+04 2.160550783173725136e-47
1.459200000000000000e+04 2.015284937285294860e-47
1.465600000000000000e+04 1.309073510500642922e-47
1.472000000000000000e+04 2.767111004637724760e-48
1.478400000000000000e+04 2.767111004637724760e-48
1.484800000000000000e+04 2.767111004637724760e-48
1.491200000000000000e+04 5.929083290066420413e-49
1.497600000000000000e+04 1.889108633547267969e-49
1.504000000000000000e+04 1.889108633547267969e-49
1.510400000000000000e+04 1.889108633547267969e-49
1.516800000000000000e+04 4.720208013750888865e-50
1.523200000000000000e+04 4.720208013750888865e-50
1.529600000000000000e+04 2.473227693512416810e-50
1.536000000000000000e+04 2.473227693512416810e-50
1.542400000000000000e+04 2.473227693512416810e-50
1.548800000000000000e+04 4.303956583550723864e-51
1.555200000000000000e+04 4.303956583550723864e-51
1.561600000000000000e+04 3.306098645031791597e-51
1.568000000000000000e+04 3.306098645031791597e-51
1.574400000000000000e+04 4.864860018399913939e-52
1.580800000000000000e+04 4.864860018399913939e-52
1.587200000000000000e+04 4.864860018399913939e-52
1.593600000000000000e+04 4.826284654346907261e-52
1.600000000000000000e+04 4.826284654346907261e-52
1.606400000000000000e+04 3.353260044917031942e-52
1.612800000000000000e+04 3.353260044917031942e-52
1.619200000000000000e+04 1.181937814943410516e-52
1.625600000000000000e+04 4.070475468157163349e-54
1.632000000000000000e+04 4.070475468157163349e-54
1.638400000000000000e+04 4.070475468157163349e-54
1.644800000000000000e+04 4.070475468157163349e-54
1.651200000000000000e+04 4.070475468157163349e-54
1.657600000000000000e+04 4.070475468157163349e-54
1.664000000000000000e+04 4.070475468157163349e-54
1.670400000000000000e+04 9.691178215219723093e-55
1.676800000000000000e+04 9.691178215219723093e-55
1.683200000000000000e+04 9.691178215219723093e-55
1.689600000000000000e+04 9.691178215219723093e-55
1.696000000000000000e+04 3.345820673927021098e-55
1.702400000000000000e+04 3.345820673927021098e-55
1.708800000000000000e+04 3.345820673927021098e-55
1.715200000000000000e+04 1.654013389663297749e-55
1.721600000000000000e+04 1.654013389663297749e-55
1.728000000000000000e+04 1.654013389663297749e-55
1.734400000000000000e+04 1.654013389663297749e-55
1.740800000000000000e+04 5.242581136648998952e-56
1.747200000000000000e+04 3.954213364534284944e-56
1.753600000000000000e+04 3.954213364534284944e-56
1.760000000000000000e+04 3.954213364534284944e-56
1.766400000000000000e+04 4.452830566808842638e-57
1.772800000000000000e+04 3.123187216439011505e-57
1.779200000000000000e+04 3.123187216439011505e-57
1.785600000000000000e+04 1.499262403967609694e-57
1.792000000000000000e+04 7.554177039681985865e-59
1.798400000000000000e+04 7.554177039681985865e-59
1.804800000000000000e+04 7.554177039681985865e-59
1.811200000000000000e+04 7.554177039681985865e-59
1.817600000000000000e+04 7.554177039681985865e-59
1.824000000000000000e+04 7.554177039681985865e-59
1.830400000000000000e+04 7.554177039681985865e-59
1.836800000000000000e+04 3.357708444245251956e-59
1.843200000000000000e+04 3.357708444245251956e-59
1.849600000000000000e+04 3.357708444245251956e-59
1.856000000000000000e+04 2.144092095938222270e-59
1.862400000000000000e+04 1.230095208925220515e-59
1.868800000000000000e+04 1.230095208925220515e-59
1.875200000000000000e+04 1.536573044023231494e-60
1.881600000000000000e+04 1.536573044023231494e-60
1.888000000000000000e+04 1.536573044023231494e-60
1.894400000000000000e+04 9.344603842668436039e-63
1.900800000000000000e+04 9.344603842668436039e-63
1.907200000000000000e+04 9.344603842668436039e-63
1.913600000000000000e+04 9.344603842668436039e-63
1.920000000000000000e+04 9.344603842668436039e-63
1.926400000000000000e+04 9.344603842668436039e-63
1.932800000000000000e+04 9.344603842668436039e-63
1.939200000000000000e+04 9.344603842668436039e-63
1.945600000000000000e+04 9.344603842668436039e-63
1.952000000000000000e+04 9.344603842668436039e-63
1.958400000000000000e+04 7.722935774727500075e-63
1.964800000000000000e+04 4.386103603936831924e-63
1.971200000000000000e+04 4.386103603936831924e-63
1.977600000000000000e+04 4.386103603936831924e-63
1.984000000000000000e+04 1.222162709818258587e-64
1.990400000000000000e+04 1.222162709818258587e-64
1.996800000000000000e+04 1.222162709818258587e-64
2.003200000000000000e+04 1.222162709818258587e-64
2.009600000000000000e+04 1.222162709818258587e-64
2.016000000000000000e+04 5.686773890606378557e-65
2.022400000000000000e+04 5.686773890606378557e-65
2.028800000000000000e+04 5.686773890606378557e-65
2.035200000000000000e+04 5.686773890606378557e-65
2.041600000000000000e+04 5.686773890606378557e-65
2.048000000000000000e+04 5.686773890606378557e-65
2.054400000000000000e+04 5.686773890606378557e-65
2.060800000000000000e+04 5.686773890606378557e-65
2.067200000000000000e+04 5.686773890606378557e-65
2.073600000000000000e+04 4.006087945286718524e-66
2.080000000000000000e+04 4.006087945286718524e-66
2.086400000000000000e+04 6.677513062294443360e-67
2.092800000000000000e+04 6.677513062294443360e-67
2.099200000000000000e+04 6.677513062294443360e-67
2.105600000000000000e+04 6.677513062294443360e-67
2.112000000000000000e+04 6.677513062294443360e-67
2.118400000000000000e+04 6.677513062294443360e-67
2.124800000000000000e+04 1.879715324503138730e-67
2.131200000000000000e+04 1.879715324503138730e-67
2.137600000000000000e+04 3.674817906466094155e-68
2.144000000000000000e+04 3.674817906466094155e-68
2.150400000000000000e+04 3.674817906466094155e-68
2.156800000000000000e+04 3.674817906466094155e-68
2.163200000000000000e+04 3.674817906466094155e-68
2.169600000000000000e+04 3.674817906466094155e-68
2.176000000000000000e+04 3.545330123759445017e-68
2.182400000000000000e+04 9.373352446362523965e-69
2.188800000000000000e+04 9.373352446362523965e-69
2.195200000000000000e+04 8.937791115645311595e-71
2.201600000000000000e+04 8.937791115645311595e-71
2.208000000000000000e+04 8.937791115645311595e-71
2.214400000000000000e+04 8.937791115645311595e-71
2.220800000000000000e+04 8.937791115645311595e-71
2.227200000000000000e+04 8.937791115645311595e-71
2.233600000000000000e+04 8.937791115645311595e-71
2.240000000000000000e+04 8.937791115645311595e-71
2.246400000000000000e+04 8.937791115645311595e-71
2.252800000000000000e+04 1.272082035631856691e-71
2.259200000000000000e+04 1.272082035631856691e-71
2.265600000000000000e+04 1.272082035631856691e-71
2.272000000000000000e+04 5.546334184986698144e-72
2.278400000000000000e+04 5.546334184986698144e-72
2.284800000000000000e+04 5.546334184986698144e-72
2.291200000000000000e+04 5.546334184986698144e-72
2.297600000000000000e+04 5.546334184986698144e-72
2.304000000000000000e+04 5.546334184986698144e-72
2.310400000000000000e+04 1.782964320750478242e-72
2.316800000000000000e+04 1.782964320750478242e-72
2.323200000000000000e+04 8.686062362790359690e-73
2.329600000000000000e+04 8.686062362790359690e-73
2.336000000000000000e+04 7.233582767014769861e-73
2.342400000000000000e+04 7.233582767014769861e-73
2.348800000000000000e+04 1.333049534397524827e-73
2.355200000000000000e+04 3.049854893646826968e-74
2.361600000000000000e+04 3.049854893646826968e-74
2.368000000000000000e+04 3.049854893646826968e-74
2.374400000000000000e+04 3.049854893646826968e-74
2.380800000000000000e+04 3.049854893646826968e-74
2.387200000000000000e+04 1.422255976825540937e-74
2.393600000000000000e+04 1.422255976825540937e-74
2.400000000000000000e+04 1.422255976825540937e-74
2.406400000000000000e+04 1.185782807322322495e-75
2.412800000000000000e+04 1.185782807322322495e-75
2.419200000000000000e+04 1.185782807322322495e-75
2.425600000000000000e+04 1.185782807322322495e-75
2.432000000000000000e+04 1.185782807322322495e-75
2.438400000000000000e+04 6.205000051993125092e-76
2.444800000000000000e+04 1.953162867745115893e-76
2.451200000000000000e+04 1.953162867745115893e-76
2.457600000000000000e+04 1.953162867745115893e-76
2.464000000000000000e+04 1.953162867745115893e-76
2.470400000000000000e+04 1.606638544380049286e-76
2.476800000000000000e+04 5.071869738427351119e-77
2.483200000000000000e+04 4.536861082744401984e-77
2.489600000000000000e+04 4.536861082744401984e-77
2.496000000000000000e+04 1.007104819611959137e-77
2.502400000000000000e+04 1.007104819611959137e-77
2.508800000000000000e+04 3.035026487070637668e-78
2.515200000000000000e+04 3.035026487070637668e-78
2.521600000000000000e+04 3.035026487070637668e-78
2.528000000000000000e+04 3.035026487070637668e-78
2.534400000000000000e+04 3.035026487070637668e-78
2.540800000000000000e+04 3.035026487070637668e-78
2.547200000000000000e+04 2.363596576460104105e-79
2.553600000000000000e+04 1.626528718157121597e-79
2.560000000000000000e+04 1.626528718157121597e-79
2.566400000000000000e+04 1.431336280131859503e-79
2.572800000000000000e+04 1.431336280131859503e-79
2.579200000000000000e+04 1.131038224104508750e-79
2.585600000000000000e+04 1.131038224104508750e-79
2.592000000000000000e+04 5.717626046905757425e-80
2.598400000000000000e+04 2.852080212143982221e-81
2.604800000000000000e+04 2.852080212143982221e-81
2.611200000000000000e+04 2.852080212143982221e-81
2.617600000000000000e+04 2.852080212143982221e-81
2.624000000000000000e+04 2.852080212143982221e-81
2.630400000000000000e+04 2.852080212143982221e-81
2.636800000000000000e+04 6.778842460578676046e-82
2.643200000000000000e+04 6.778842460578676046e-82
2.649600000000000000e+04 2.235749387499020551e-82
2.656000000000000000e+04 4.605271764536247694e-83
2.662400000000000000e+04 4.605271764536247694e-83
2.668800000000000000e+04 4.605271764536247694e-83
2.675200000000000000e+04 2.968843544868811164e-83
2.681600000000000000e+04 2.968843544868811164e-83
2.688000000000000000e+04 1.113802462893942373e-83
2.694400000000000000e+04 1.113802462893942373e-83
2.700800000000000000e+04 1.113802462893942373e-83
2.707200000000000000e+04 5.475931340646507640e-84
2.713600000000000000e+04 5.453573437670088968e-84
2.720000000000000000e+04 5.453573437670088968e-84
2.726400000000000000e+04 2.789660133152458315e-84
2.732800000000000000e+04 2.461048611779261190e-85
2.739200000000000000e+04 2.461048611779261190e-85
2.745600000000000000e+04 2.461048611779261190e-85
2.752000000000000000e+04 2.461048611779261190e-85
2.758400000000000000e+04 2.426688504829722496e-86
2.764800000000000000e+04 2.426688504829722496e-86
2.771200000000000000e+04 2.426688504829722496e-86
2.777600000000000000e+04 2.426688504829722496e-86
2.784000000000000000e+04 2.426688504829722496e-86
2.790400000000000000e+04 1.288554284559712574e-86
2.796800000000000000e+04 1.288554284559712574e-86
2.803200000000000000e+04 1.288554284559712574e-86
2.809600000000000000e+04 4.549603998131571572e-87
2.816000000000000000e+04 4.549603998131571572e-87
2.822400000000000000e+04 3.572880361871302399e-87
2.828800000000000000e+04 3.329845457481740103e-88
2.835200000000000000e+04 3.329845457481740103e-88
2.841600000000000000e+04 3.329845457481740103e-88
2.848000000000000000e+04 1.012969723341748403e-88
2.854400000000000000e+04 1.012969723341748403e-88
2.860800000000000000e+04 1.012969723341748403e-88
2.867200000000000000e+04 1.012969723341748403e-88
2.873600000000000000e+04 1.012969723341748403e-88
2.880000000000000000e+04 1.012969723341748403e-88
2.886400000000000000e+04 8.281757917282664424e-89
2.892800000000000000e+04 7.152993821990135274e-89
2.899200000000000000e+04 1.538782095726932577e-89
2.905600000000000000e+04 1.538782095726932577e-89
2.912000000000000000e+04 1.538782095726932577e-89
2.918400000000000000e+04 5.639069741089455900e-90
2.924800000000000000e+04 3.490356100544627039e-90
2.931200000000000000e+04 3.012186421478920769e-90
2.937600000000000000e+04 1.996666557637287399e-90
2.944000000000000000e+04 5.195077491772333935e-91
2.950400000000000000e+04 3.775608629408936315e-91
2.956800000000000000e+04 3.775608629408936315e-91
2.963200000000000000e+04 3.775608629408936315e-91
2.969600000000000000e+04 2.912797635988469211e-91
2.976000000000000000e+04 5.037287911723931619e-92
2.982400000000000000e+04 5.037287911723931619e-92
2.988800000000000000e+04 5.037287911723931619e-92
2.995200000000000000e+04 3.940472788222321116e-93
3.001600000000000000e+04 3.940472788222321116e-93
3.008000000000000000e+04 3.940472788222321116e-93
3.014400000000000000e+04 3.940472788222321116e-93
3.020800000000000000e+04 2.504238992975710779e-93
3.027200000000000000e+04 2.504238992975710779e-93
3.033600000000000000e+04 2.504238992975710779e-93
3.040000000000000000e+04 2.504238992975710779e-93
3.046400000000000000e+04 7.172962196929825993e-94
3.052800000000000000e+04 7.270054402351653192e-95
3.059200000000000000e+04 7.270054402351653192e-95
3.065600000000000000e+04 4.823395597526700483e-95
3.072000000000000000e+04 4.823395597526700483e-95
3.078400000000000000e+04 1.615354925788833787e-95
3.084800000000000000e+04 1.615354925788833787e-95
3.091200000000000000e+04 8.766580932638770121e-96
3.097600000000000000e+04 8.766580932638770121e-96
3.104000000000000000e+04 8.766580932638770121e-96
3.110400000000000000e+04 8.766580932638770121e-96
3.116800000000000000e+04 5.962131024135415564e-96
3.123200000000000000e+04 5.962131024135415564e-96
3.129600000000000000e+04 5.962131024135415564e-96
3.136000000000000000e+04 4.388493682700697416e-96
3.142400000000000000e+04 9.340867068747503063e-97
3.148800000000000000e+04 9.340867068747503063e-97
3.155200000000000000e+04 9.340867068747503063e-97
3.161600000000000000e+04 9.340867068747503063e-97
3.168000000000000000e+04 9.340867068747503063e-97
3.174400000000000000e+04 9.340867068747503063e-97
3.180800000000000000e+04 1.412724206353565697e-97
3.187200000000000000e+04 6.270752004290260213e-98
3.193600000000000000e+04 6.270752004290260213e-98
3.200000000000000000e+04 6.270752004290260213e-98
3.206400000000000000e+04 4.419565770394717847e-98
3.212800000000000000e+04 1.573167078609380012e-99
3.219200000000000000e+04 1.573167078609380012e-99
3.225600000000000000e+04 1.573167078609380012e-99
3.232000000000000000e+04 1.573167078609380012e-99
3.238400000000000000e+04 1.573167078609380012e-99
3.244800000000000000e+04 1.101835312959151307e-100
3.251200000000000000e+04 1.101835312959151307e-100
3.257600000000000000e+04 1.101835312959151307e-100
3.264000000000000000e+04 7.029269998745978297e-101
3.270400000000000000e+04 7.029269998745978297e-101
3.276800000000000000e+04 6.148812470964660454e-101
3.283200000000000000e+04 7.713097958161207411e-102
3.289600000000000000e+04 7.713097958161207411e-102
3.296000000000000000e+04 2.208816065648517827e-103
3.302400000000000000e+04 2.208816065648517827e-103
3.308800000000000000e+04 2.208816065648517827e-103
3.315200000000000000e+04 2.208816065648517827e-103
3.321600000000000000e+04 2.208816065648517827e-103
3.328000000000000000e+04 2.208816065648517827e-103
3.334400000000000000e+04 2.208816065648517827e-103
3.340800000000000000e+04 2.208816065648517827e-103
3.347200000000000000e+04 1.125408744930957295e-103
3.353600000000000000e+04 1.125408744930957295e-103
3.360000000000000000e+04 1.125408744930957295e-103
3.366400000000000000e+04 1.125408744930957295e-103
3.372800000000000000e+04 1.065016401173891091e-104
3.379200000000000000e+04 1.065016401173891091e-104
3.385600000000000000e+04 1.065016401173891091e-104
3.392000000000000000e+04 1.065016401173891091e-104
3.398400000000000000e+04 1.065016401173891091e-104
3.404800000000000000e+04 1.065016401173891091e-104
3.411200000000000000e+04 6.718891870888205569e-105
3.417600000000000000e+04 6.718891870888205569e-105
3.424000000000000000e+04 5.470068621295406660e-105
3.430400000000000000e+04 9.160254807465868113e-107
3.436800000000000000e+04 9.160254807465868113e-107
3.443200000000000000e+04 9.160254807465868113e-107
3.449600000000000000e+04 9.160254807465868113e-107
3.456000000000000000e+04 9.160254807465868113e-107
3.462400000000000000e+04 9.160254807465868113e-107
3.468800000000000000e+04 9.160254807465868113e-107
3.475200000000000000e+04 1.953328016783863710e-107
3.481600000000000000e+04 5.294583719273383269e-108
3.488000000000000000e+04 5.294583719273383269e-108
3.494400000000000000e+04 4.094107394351997390e-108
3.500800000000000000e+04 2.327988567848757468e-108
3.507200000000000000e+04 2.327988567848757468e-108
3.513600000000000000e+04 1.832941850895123105e-108
3.520000000000000000e+04 1.832941850895123105e-108
3.526400000000000000e+04 5.867797282938409960e-110
3.532800000000000000e+04 5.867797282938409960e-110
3.539200000000000000e+04 5.867797282938409960e-110
3.545600000000000000e+04 5.867797282938409960e-110
3.552000000000000000e+04 5.867797282938409960e-110
3.558400000000000000e+04 5.867797282938409960e-110
3.564800000000000000e+04 9.155052078184098461e-111
3.571200000000000000e+04 9.155052078184098461e-111
3.577600000000000000e+04 9.155052078184098461e-111
3.584000000000000000e+04 9.155052078184098461e-111
3.590400000000000000e+04 9.155052078184098461e-111
3.596800000000000000e+04 3.033022263052346557e-111
3.603200000000000000e+04 3.033022263052346557e-111
3.609600000000000000e+04 3.033022263052346557e-111
3.616000000000000000e+04 3.033022263052346557e-111
3.622400000000000000e+04 2.423231411244533354e-111
3.628800000000000000e+04 1.634102330019544144e-111
3.635200000000000000e+04 2.581072683911386751e-112
3.641600000000000000e+04 2.581072683911386751e-112
3.648000000000000000e+04 2.581072683911386751e-112
3.654400000000000000e+04 2.581072683911386751e-112
3.660800000000000000e+04 7.107230212812714856e-114
3.667200000000000000e+04 7.107230212812714856e-114
3.673600000000000000e+04 7.107230212812714856e-114
3.680000000000000000e+04 7.107230212812714856e-114
3.686400000000000000e+04 6.425142833961751115e-114
3.692800000000000000e+04 6.425142833961751115e-114
3.699200000000000000e+04 6.045069582927399995e-114
3.705600000000000000e+04 3.938130503936004472e-114
3.712000000000000000e+04 2.160780622868740669e-115
3.718400000000000000e+04 2.160780622868740669e-115
3.724800000000000000e+04 2.160780622868740669e-115
3.731200000000000000e+04 2.160780622868740669e-115
3.737600000000000000e+04 2.918528581519211044e-116
3.744000000000000000e+04 2.918528581519211044e-116
3.750400000000000000e+04 2.918528581519211044e-116
3.756800000000000000e+04 2.918528581519211044e-116
3.763200000000000000e+04 3.429225296280477248e-117
3.769600000000000000e+04 3.429225296280477248e-117
3.776000000000000000e+04 3.429225296280477248e-117
3.782400000000000000e+04 3.429225296280477248e-117
3.788800000000000000e+04 3.429225296280477248e-117
3.795200000000000000e+04 6.831359602279207333e-118
3.801600000000000000e+04 4.781487803016376516e-118
3.808000000000000000e+04 4.781487803016376516e-118
3.814400000000000000e+04 4.781487803016376516e-118
3.820800000000000000e+04 1.692653102299014107e-118
3.827200000000000000e+04 2.043970182268506555e-119
3.833600000000000000e+04 2.043970182268506555e-119
3.840000000000000000e+04 2.043970182268506555e-119
3.846400000000000000e+04 2.043970182268506555e-119
3.852800000000000000e+04 2.043970182268506555e-119
3.859200000000000000e+04 1.725290656492472454e-119
3.865600000000000000e+04 2.990931720599069890e-120
3.872000000000000000e+04 2.816346535178738369e-120
3.878400000000000000e+04 2.816346535178738369e-120
3.884800000000000000e+04 2.816346535178738369e-120
3.891200000000000000e+04 7.549700915434429062e-122
3.897600000000000000e+04 7.549700915434429062e-122
3.904000000000000000e+04 7.549700915434429062e-122
3.910400000000000000e+04 7.549700915434429062e-122
3.916800000000000000e+04 7.549700915434429062e-122
3.923200000000000000e+04 7.549700915434429062e-122
3.929600000000000000e+04 7.549700915434429062e-122
3.936000000000000000e+04 7.549700915434429062e-122
3.942400000000000000e+04 7.549700915434429062e-122
3.948800000000000000e+04 3.896775156417120936e-123
3.955200000000000000e+04 3.896775156417120936e-123
3.961600000000000000e+04 3.896775156417120936e-123
3.968000000000000000e+04 3.896775156417120936e-123
3.974400000000000000e+04 3.896775156417120936e-123
3.980800000000000000e+04 3.896775156417120936e-123
3.987200000000000000e+04 3.896775156417120936e-123
3.993600000000000000e+04 1.479632641142649261e-123
4.000000000000000000e+04 4.270767441718387498e-124
4.006400000000000000e+04 4.270767441718387498e-124
4.012800000000000000e+04 4.270767441718387498e-124
4.019200000000000000e+04 2.077005687242844611e-124
4.025600000000000000e+04 2.077005687242844611e-124
4.032000000000000000e+04 1.703606127099617106e-124
4.038400000000000000e+04 1.528638734756369535e-125
4.044800000000000000e+04 1.528638734756369535e-125
4.051200000000000000e+04 1.528638734756369535e-125
4.057600000000000000e+04 3.110360088178418088e-126
4.064000000000000000e+04 3.110360088178418088e-126
4.070400000000000000e+04 4.757386734820373880e-127
4.076800000000000000e+04 4.757386734820373880e-127
4.083200000000000000e+04 4.757386734820373880e-127
4.089600000000000000e+04 4.757386734820373880e-127
4.096000000000000000e+04 4.757386734820373880e-127
4.102400000000000000e+04 4.757386734820373880e-127
4.108800000000000000e+04 1.327942779421193471e-127
4.115200000000000000e+04 1.327942779421193471e-127
4.121600000000000000e+04 1.021053577703027991e-127
4.128000000000000000e+04 1.021053577703027991e-127
4.134400000000000000e+04 2.367532993015821331e-128
4.140800000000000000e+04 2.059387175638579876e-128
4.147200000000000000e+04 2.059387175638579876e-128
4.153600000000000000e+04 1.575085224919486006e-129
4.160000000000000000e+04 9.205626170492768755e-130
4.166400000000000000e+04 8.506020098655852256e-130
4.172800000000000000e+04 8.506020098655852256e-130
4.179200000000000000e+04 8.506020098655852256e-130
4.185600000000000000e+04 8.506020098655852256e-130
4.192000000000000000e+04 2.746662112328315524e-130
4.198400000000000000e+04 2.746662112328315524e-130
4.204800000000000000e+04 2.746662112328315524e-130
4.211200000000000000e+04 1.607997100693999412e-130
4.217600000000000000e+04 1.192338477535724227e-130
4.224000000000000000e+04 9.420395022624102638e-131
4.230400000000000000e+04 2.897043418188241482e-131
4.236800000000000000e+04 1.315866991208751824e-131
4.243200000000000000e+04 1.315866991208751824e-131
4.249600000000000000e+04 4.799540835034270459e-132
4.256000000000000000e+04 4.799540835034270459e-132
4.262400000000000000e+04 4.799540835034270459e-132
4.268800000000000000e+04 1.743472849590762838e-132
4.275200000000000000e+04 3.842783269603651421e-133
4.281600000000000000e+04 3.842783269603651421e-133
4.288000000000000000e+04 3.842783269603651421e-133
4.294400000000000000e+04 3.562289921732519509e-133
4.300800000000000000e+04 3.562289921732519509e-133
4.307200000000000000e+04 3.562289921732519509e-133
4.313600000000000000e+04 3.562289921732519509e-133
4.320000000000000000e+04 1.226137960894031891e-133
4.326400000000000000e+04 5.702349182233550333e-134
4.332800000000000000e+04 5.702349182233550333e-134
4.339200000000000000e+04 5.702349182233550333e-134
4.345600000000000000e+04 5.702349182233550333e-134
4.352000000000000000e+04 5.702349182233550333e-134
4.358400000000000000e+04 2.758369386935483957e-135
4.364800000000000000e+04 2.758369386935483957e-135
4.371200000000000000e+04 2.758369386935483957e-135
4.377600000000000000e+04 2.758369386935483957e-135
4.384000000000000000e+04 2.758369386935483957e-135
4.390400000000000000e+04 2.758369386935483957e-135
4.396800000000000000e+04 2.418692944028172615e-135
4.403200000000000000e+04 1.276464783035323674e-135
4.409600000000000000e+04 3.584204650778185190e-136
4.416000000000000000e+04 3.584204650778185190e-136
4.422400000000000000e+04 3.584204650778185190e-136
4.428800000000000000e+04 1.671858576617885517e-136
4.435200000000000000e+04 5.759233239979994604e-137
4.441600000000000000e+04 5.759233239979994604e-137
4.448000000000000000e+04 5.759233239979994604e-137
4.454400000000000000e+04 4.279803143160371415e-137
4.460800000000000000e+04 4.279803143160371415e-137
4.467200000000000000e+04 4.279803143160371415e-137
4.473600000000000000e+04 2.341861416929525424e-137
4.480000000000000000e+04 1.439231066585896956e-137
4.486400000000000000e+04 7.641100456022836041e-138
4.492800000000000000e+04 7.641100456022836041e-138
4.499200000000000000e+04 4.002448824592042629e-138
4.505600000000000000e+04 1.885305131890310274e-138
4.512000000000000000e+04 1.885305131890310274e-138
4.518400000000000000e+04 9.853812837727901241e-139
4.524800000000000000e+04 2.684665649912875251e-139
4.531200000000000000e+04 2.684665649912875251e-139
4.537600000000000000e+04 1.340952122016479359e-139
4.544000000000000000e+04 3.998012823319210356e-140
4.550400000000000000e+04 3.998012823319210356e-140
4.556800000000000000e+04 3.998012823319210356e-140
4.563200000000000000e+04 4.312146427873874404e-141
4.569600000000000000e+04 4.312146427873874404e-141
4.576000000000000000e+04 4.312146427873874404e-141
4.582400000000000000e+04 4.312146427873874404e-141
4.588800000000000000e+04 1.411890862232170778e-142
4.595200000000000000e+04 1.411890862232170778e-142
4.601600000000000000e+04 1.411890862232170778e-142
4.608000000000000000e+04 1.411890862232170778e-142
4.614400000000000000e+04 1.411890862232170778e-142
4.620800000000000000e+04 1.411890862232170778e-142
4.627200000000000000e+04 1.411890862232170778e-142
4.633600000000000000e+04 1.411890862232170778e-142
4.640000000000000000e+04 6.046505062435429844e-143
4.646400000000000000e+04 6.046505062435429844e-143
4.652800000000000000e+04 6.046505062435429844e-143
4.659200000000000000e+04 4.162894596158326249e-143
4.665600000000000000e+04 4.011096520688061504e-143
4.672000000000000000e+04 1.152758589798123156e-144
4.678400000000000000e+04 1.152758589798123156e-144
4.684800000000000000e+04 1.152758589798123156e-144
4.691200000000000000e+04 1.152758589798123156e-144
4.697600000000000000e+04 8.950495991075919814e-145
4.704000000000000000e+04 8.119254927357505106e-145
4.710400000000000000e+04 8.119254927357505106e-145
4.716800000000000000e+04 3.544948039800675284e-146
4.723200000000000000e+04 3.544948039800675284e-146
4.729600000000000000e+04 3.544948039800675284e-146
4.736000000000000000e+04 3.544948039800675284e-146
4.742400000000000000e+04 6.381115513026691957e-147
4.748800000000000000e+04 6.381115513026691957e-147
4.755200000000000000e+04 6.381115513026691957e-147
4.761600000000000000e+04 8.037886060672993052e-148
4.768000000000000000e+04 8.037886060672993052e-148
4.774400000000000000e+04 4.050886508319474448e-148
4.780800000000000000e+04 4.050886508319474448e-148
4.787200000000000000e+04 4.050886508319474448e-148
4.793600000000000000e+04 4.050886508319474448e-148
4.800000000000000000e+04 4.050886508319474448e-148
4.806400000000000000e+04 4.050886508319474448e-148
4.812800000000000000e+04 4.050886508319474448e-148
4.819200000000000000e+04 4.029123906212431300e-148
4.825600000000000000e+04 3.308521663206110268e-148
4.832000000000000000e+04 2.324964284280619172e-150
4.838400000000000000e+04 2.324964284280619172e-150
4.844800000000000000e+04 2.324964284280619172e-150
4.851200000000000000e+04 2.324964284280619172e-150
4.857600000000000000e+04 1.458246968075522004e-150
4.864000000000000000e+04 1.458246968075522004e-150
4.870400000000000000e+04 1.458246968075522004e-150
4.876800000000000000e+04 1.458246968075522004e-150
4.883200000000000000e+04 1.137609408294481036e-150
4.889600000000000000e+04 1.137609408294481036e-150
4.896000000000000000e+04 1.659690949267179427e-151
4.902400000000000000e+04 7.530113904678806108e-153
4.908800000000000000e+04 7.530113904678806108e-153
4.915200000000000000e+04 7.530113904678806108e-153
4.921600000000000000e+04 7.530113904678806108e-153
4.928000000000000000e+04 6.427047135326490735e-153
4.934400000000000000e+04 6.427047135326490735e-153
4.940800000000000000e+04 6.427047135326490735e-153
4.947200000000000000e+04 1.392821822917550934e-153
4.953600000000000000e+04 7.748496657589687379e-154
4.960000000000000000e+04 7.748496657589687379e-154
4.966400000000000000e+04 7.748496657589687379e-154
4.972800000000000000e+04 7.621293191102590077e-156
4.979200000000000000e+04 7.621293191102590077e-156
4.985600000000000000e+04 7.621293191102590077e-156
4.992000000000000000e+04 7.621293191102590077e-156
4.998400000000000000e+04 7.621293191102590077e-156
5.004800000000000000e+04 7.621293191102590077e-156
5.011200000000000000e+04 7.621293191102590077e-156
5.017600000000000000e+04 7.621293191102590077e-156
5.024000000000000000e+04 2.832094831413314946e-156
5.030400000000000000e+04 2.832094831413314946e-156
5.036800000000000000e+04 2.832094831413314946e-156
5.043200000000000000e+04 2.832094831413314946e-156
5.049600000000000000e+04 2.832094831413314946e-156
5.056000000000000000e+04 5.460934325897077934e-157
5.062400000000000000e+04 3.218846424287369518e-157
5.068800000000000000e+04 3.218846424287369518e-157
5.075200000000000000e+04 3.218846424287369518e-157
5.081600000000000000e+04 3.218846424287369518e-157
5.088000000000000000e+04 3.218846424287369518e-157
5.094400000000000000e+04 3.218846424287369518e-157
5.100800000000000000e+04 1.564624939939648369e-158
5.107200000000000000e+04 1.259792774745378860e-158
5.113600000000000000e+04 1.259792774745378860e-158
5.120000000000000000e+04 1.259792774745378860e-158
5.126400000000000000e+04 1.259792774745378860e-158
5.132800000000000000e+04 1.259792774745378860e-158
5.139200000000000000e+04 1.259792774745378860e-158
5.145600000000000000e+04 8.195897247188953944e-159
5.152000000000000000e+04 1.492939064078233542e-159
5.158400000000000000e+04 1.492939064078233542e-159
5.164800000000000000e+04 1.492939064078233542e-159
5.171200000000000000e+04 1.492939064078233542e-159
5.177600000000000000e+04 1.492939064078233542e-159
5.184000000000000000e+04 1.896277772865664042e-160
5.190400000000000000e+04 1.896277772865664042e-160
5.196800000000000000e+04 1.896277772865664042e-160
5.203200000000000000e+04 1.497962887972944098e-160
5.209600000000000000e+04 1.301920443132701104e-160
5.216000000000000000e+04 7.442787883929244230e-161
5.222400000000000000e+04 5.084493245128012413e-161
5.228800000000000000e+04 3.219206345210702961e-161
5.235200000000000000e+04 3.219206345210702961e-161
5.241600000000000000e+04 2.574318126799935440e-161
5.248000000000000000e+04 3.121583377906611399e-162
5.254400000000000000e+04 1.328069988154838079e-162
5.260800000000000000e+04 1.316498720713612625e-162
5.267200000000000000e+04 1.959743735705739550e-163
5.273600000000000000e+04 1.959743735705739550e-163
5.280000000000000000e+04 1.279080686993794212e-163
5.286400000000000000e+04 1.279080686993794212e-163
5.292800000000000000e+04 1.279080686993794212e-163
5.299200000000000000e+04 1.279080686993794212e-163
5.305600000000000000e+04 7.837533247313458060e-164
5.312000000000000000e+04 7.837533247313458060e-164
5.318400000000000000e+04 3.552662726053512460e-164
5.324800000000000000e+04 1.571560088254130447e-164
5.331200000000000000e+04 1.451932178326905165e-164
5.337600000000000000e+04 1.451932178326905165e-164
5.344000000000000000e+04 2.034320009220934292e-165
5.350400000000000000e+04 1.486740103803957927e-165
5.356800000000000000e+04 1.486740103803957927e-165
5.363200000000000000e+04 1.486740103803957927e-165
5.369600000000000000e+04 4.644333372084931530e-166
5.376000000000000000e+04 4.644333372084931530e-166
5.382400000000000000e+04 4.644333372084931530e-166
5.388800000000000000e+04 2.162486929570028545e-166
5.395200000000000000e+04 2.162486929570028545e-166
5.401600000000000000e+04 2.212009219430955049e-167
5.408000000000000000e+04 4.645657872863387633e-168
5.414400000000000000e+04 4.645657872863387633e-168
5.420800000000000000e+04 4.645657872863387633e-168
5.427200000000000000e+04 4.645657872863387633e-168
5.433600000000000000e+04 4.645657872863387633e-168
5.440000000000000000e+04 5.073864429649499168e-170
5.446400000000000000e+04 5.073864429649499168e-170
5.452800000000000000e+04 5.073864429649499168e-170
5.459200000000000000e+04 5.073864429649499168e-170
5.465600000000000000e+04 5.073864429649499168e-170
5.472000000000000000e+04 5.073864429649499168e-170
5.478400000000000000e+04 5.073864429649499168e-170
5.484800000000000000e+04 5.073864429649499168e-170
5.491200000000000000e+04 4.304042578256586607e-170
5.497600000000000000e+04 4.304042578256586607e-170
5.504000000000000000e+04 3.619851974944944201e-170
5.510400000000000000e+04 3.420218627142881079e-172
5.516800000000000000e+04 3.420218627142881079e-172
5.523200000000000000e+04 3.420218627142881079e-172
5.529600000000000000e+04 3.420218627142881079e-172
5.536000000000000000e+04 3.420218627142881079e-172
5.542400000000000000e+04 3.084641855444943967e-172
5.548800000000000000e+04 3.084641855444943967e-172
5.555200000000000000e+04 3.084641855444943967e-172
5.561600000000000000e+04 2.679205787004993097e-172
5.568000000000000000e+04 5.135089478769004349e-173
5.574400000000000000e+04 4.677985494444012815e-173
5.580800000000000000e+04 4.602925925205349925e-173
5.587200000000000000e+04 2.660650295684358150e-173
5.593600000000000000e+04 5.349847824922738264e-174
5.600000000000000000e+04 5.349847824922738264e-174
5.606400000000000000e+04 5.349847824922738264e-174
5.612800000000000000e+04 5.349847824922738264e-174
5.619200000000000000e+04 4.110803485723319430e-174
5.625600000000000000e+04 2.499775962980897509e-174
5.632000000000000000e+04 1.446909376392697903e-174
5.638400000000000000e+04 7.484937973724532310e-175
5.644800000000000000e+04 7.484937973724532310e-175
5.651200000000000000e+04 3.217859139324949717e-175
5.657600000000000000e+04 3.217859139324949717e-175
5.664000000000000000e+04 2.741102777313238407e-175
5.670400000000000000e+04 2.741102777313238407e-175
5.676800000000000000e+04 1.164145540939742824e-176
5.683200000000000000e+04 1.164145540939742824e-176
5.689600000000000000e+04 1.164145540939742824e-176
5.696000000000000000e+04 1.164145540939742824e-176
5.702400000000000000e+04 1.289820756456666380e-177
5.708800000000000000e+04 1.289820756456666380e-177
5.715200000000000000e+04 1.289820756456666380e-177
5.721600000000000000e+04 6.716604513606296936e-179
5.728000000000000000e+04 6.716604513606296936e-179
5.734400000000000000e+04 6.716604513606296936e-179
5.740800000000000000e+04 6.716604513606296936e-179
5.747200000000000000e+04 6.716604513606296936e-179
5.753600000000000000e+04 6.716604513606296936e-179
5.760000000000000000e+04 6.716604513606296936e-179
5.766400000000000000e+04 1.262987563006087921e-181
5.772800000000000000e+04 1.262987563006087921e-181
5.779200000000000000e+04 1.262987563006087921e-181
5.785600000000000000e+04 1.262987563006087921e-181
5.792000000000000000e+04 1.262987563006087921e-181
5.798400000000000000e+04 1.262987563006087921e-181
5.804800000000000000e+04 1.262987563006087921e-181
5.811200000000000000e+04 1.262987563006087921e-181
5.817600000000000000e+04 1.262987563006087921e-181
5.824000000000000000e+04 3.992041408987914496e-183
5.830400000000000000e+04 3.992041408987914496e-183
5.836800000000000000e+04 3.992041408987914496e-183
5.843200000000000000e+04 3.992041408987914496e-183
5.849600000000000000e+04 3.992041408987914496e-183
5.856000000000000000e+04 3.992041408987914496e-183
5.862400000000000000e+04 3.992041408987914496e-183
5.868800000000000000e+04 3.992041408987914496e-183
5.875200000000000000e+04 3.992041408987914496e-183
5.881600000000000000e+04 3.992041408987914496e-183
5.888000000000000000e+04 3.992041408987914496e-183
5.894400000000000000e+04 3.452171598805124229e-184
5.900800000000000000e+04 3.452171598805124229e-184
5.907200000000000000e+04 3.452171598805124229e-184
5.913600000000000000e+04 3.452171598805124229e-184
5.920000000000000000e+04 3.452171598805124229e-184
5.926400000000000000e+04 3.452171598805124229e-184
5.932800000000000000e+04 7.920923473185309421e-185
5.939200000000000000e+04 7.920923473185309421e-185
5.945600000000000000e+04 7.920923473185309421e-185
5.952000000000000000e+04 6.074432719329409459e-185
5.958400000000000000e+04 6.074432719329409459e-185
5.964800000000000000e+04 6.074432719329409459e-185
5.971200000000000000e+04 6.074432719329409459e-185
5.977600000000000000e+04 6.402658969490169904e-186
5.984000000000000000e+04 5.302349376275084360e-186
5.990400000000000000e+04 5.302349376275084360e-186
5.996800000000000000e+04 8.187172908916792266e-187
6.003200000000000000e+04 8.187172908916792266e-187
6.009600000000000000e+04 8.187172908916792266e-187
6.016000000000000000e+04 8.187172908916792266e-187
6.022400000000000000e+04 2.827513991965291895e-187
6.028800000000000000e+04 2.827513991965291895e-187
6.035200000000000000e+04 2.827513991965291895e-187
6.041600000000000000e+04 2.215635011773854455e-187
6.048000000000000000e+04 2.215635011773854455e-187
6.054400000000000000e+04 2.215635011773854455e-187
6.060800000000000000e+04 1.875962292047030127e-187
6.067200000000000000e+04 5.617412580427261841e-188
6.073600000000000000e+04 5.617412580427261841e-188
6.080000000000000000e+04 5.909743238189944119e-189
6.086400000000000000e+04 5.909743238189944119e-189
6.092800000000000000e+04 5.909743238189944119e-189
6.099200000000000000e+04 5.909743238189944119e-189
6.105600000000000000e+04 5.180248982573499715e-189
6.112000000000000000e+04 3.959086402576848707e-189
6.118400000000000000e+04 3.959086402576848707e-189
6.124800000000000000e+04 3.959086402576848707e-189
6.131200000000000000e+04 2.500337292223690624e-190
6.137600000000000000e+04 2.500337292223690624e-190
6.144000000000000000e+04 2.500337292223690624e-190
6.150400000000000000e+04 2.500337292223690624e-190
6.156800000000000000e+04 2.179598033003210826e-190
6.163200000000000000e+04 9.953120969315057181e-191
6.169600000000000000e+04 3.384861187236485492e-191
6.176000000000000000e+04 1.569648511146444753e-191
6.182400000000000000e+04 1.569648511146444753e-191
6.188800000000000000e+04 1.569648511146444753e-191
6.195200000000000000e+04 1.569648511146444753e-191
6.201600000000000000e+04 1.569648511146444753e-191
6.208000000000000000e+04 5.303152859812806692e-192
6.214400000000000000e+04 5.303152859812806692e-192
6.220800000000000000e+04 2.620851712084808246e-192
6.227200000000000000e+04 2.620851712084808246e-192
6.233600000000000000e+04 4.838232937434313508e-193
6.240000000000000000e+04 1.614010770751319821e-193
6.246400000000000000e+04 1.614010770751319821e-193
6.252800000000000000e+04 1.614010770751319821e-193
6.259200000000000000e+04 1.614010770751319821e-193
6.265600000000000000e+04 1.614010770751319821e-193
6.272000000000000000e+04 1.614010770751319821e-193
6.278400000000000000e+04 1.614010770751319821e-193
6.284800000000000000e+04 1.614010770751319821e-193
6.291200000000000000e+04 2.257406145095487006e-195
6.297600000000000000e+04 2.257406145095487006e-195
6.304000000000000000e+04 2.257406145095487006e-195
6.310400000000000000e+04 2.257406145095487006e-195
6.316800000000000000e+04 2.257406145095487006e-195
6.323200000000000000e+04 2.257406145095487006e-195
6.329600000000000000e+04 2.257406145095487006e-195
6.336000000000000000e+04 2.257406145095487006e-195
6.342400000000000000e+04 4.744376597808642733e-196
6.348800000000000000e+04 4.744376597808642733e-196
6.355200000000000000e+04 1.833823816114514415e-197
6.361600000000000000e+04 1.833823816114514415e-197
6.368000000000000000e+04 1.833823816114514415e-197
6.374400000000000000e+04 1.833823816114514415e-197
6.380800000000000000e+04 1.833823816114514415e-197
6.387200000000000000e+04 1.833823816114514415e-197
6.393600000000000000e+04 1.833823816114514415e-197
6.400000000000000000e+04 1.833823816114514415e-197
6.406400000000000000e+04 1.833823816114514415e-197
6.412800000000000000e+04 1.833823816114514415e-197
6.419200000000000000e+04 1.833823816114514415e-197
6.425600000000000000e+04 1.833823816114514415e-197
6.432000000000000000e+04 1.833823816114514415e-197
6.438400000000000000e+04 7.197269036375488165e-198
6.444800000000000000e+04 1.680014988694611194e-199
6.451200000000000000e+04 4.712639679121390073e-200
6.457600000000000000e+04 4.712639679121390073e-200
6.464000000000000000e+04 4.712639679121390073e-200
6.470400000000000000e+04 4.712639679121390073e-200
6.476800000000000000e+04 4.712639679121390073e-200
6.483200000000000000e+04 4.712639679121390073e-200
6.489600000000000000e+04 2.562896699296976889e-201
6.496000000000000000e+04 2.562896699296976889e-201
6.502400000000000000e+04 2.562896699296976889e-201
6.508800000000000000e+04 2.562896699296976889e-201
6.515200000000000000e+04 2.562896699296976889e-201
6.521600000000000000e+04 2.562896699296976889e-201
6.528000000000000000e+04 2.186229516223648553e-201
6.534400000000000000e+04 2.186229516223648553e-201
6.540800000000000000e+04 2.046667131075584985e-201
6.547200000000000000e+04 3.861461056769737664e-202
6.553600000000000000e+04 3.861461056769737664e-202
6.560000000000000000e+04 3.861461056769737664e-202
6.566400000000000000e+04 3.861461056769737664e-202
6.572800000000000000e+04 1.316968272016323804e-202
6.579200000000000000e+04 1.316968272016323804e-202
6.585600000000000000e+04 1.316968272016323804e-202
6.592000000000000000e+04 1.316968272016323804e-202
6.598400000000000000e+04 2.867423847124351735e-203
6.604800000000000000e+04 2.867423847124351735e-203
6.611200000000000000e+04 2.867423847124351735e-203
6.617600000000000000e+04 4.358484809763672846e-204
6.624000000000000000e+04 4.214949335667434804e-204
6.630400000000000000e+04 4.214949335667434804e-204
6.636800000000000000e+04 4.214949335667434804e-204
6.643200000000000000e+04 9.340627495772586112e-205
6.649600000000000000e+04 4.661280000864556614e-205
6.656000000000000000e+04 4.661280000864556614e-205
6.662400000000000000e+04 4.661280000864556614e-205
6.668800000000000000e+04 4.661280000864556614e-205
6.675200000000000000e+04 1.097328024991301218e-205
6.681600000000000000e+04 7.097440697116269862e-206
6.688000000000000000e+04 7.097440697116269862e-206
6.694400000000000000e+04 7.097440697116269862e-206
6.700800000000000000e+04 6.533802830901376033e-206
6.707200000000000000e+04 1.607143193299584276e-206
6.713600000000000000e+04 1.607143193299584276e-206
6.720000000000000000e+04 7.718277696043899698e-207
6.726400000000000000e+04 2.912455035478127731e-207
6.732800000000000000e+04 2.912455035478127731e-207
6.739200000000000000e+04 2.912455035478127731e-207
6.745600000000000000e+04 2.912455035478127731e-207
6.752000000000000000e+04 1.788665517408032453e-207
6.758400000000000000e+04 2.928671707115968264e-208
6.764800000000000000e+04 1.456796392349568945e-208
6.771200000000000000e+04 1.456796392349568945e-208
6.777600000000000000e+04 6.405312629485207286e-209
6.784000000000000000e+04 3.540223474340260407e-209
6.790400000000000000e+04 2.095926003638551540e-209
6.796800000000000000e+04 2.095926003638551540e-209
6.803200000000000000e+04 1.915801045015350023e-209
6.809600000000000000e+04 2.908734904695925690e-210
6.816000000000000000e+04 1.228894247916893205e-210
6.822400000000000000e+04 1.228894247916893205e-210
6.828800000000000000e+04 1.228894247916893205e-210
6.835200000000000000e+04 4.359332280437199072e-211
6.841600000000000000e+04 4.359332280437199072e-211
6.848000000000000000e+04 4.359332280437199072e-211
6.854400000000000000e+04 3.305198293198949775e-211
6.860800000000000000e+04 1.542756240015933390e-211
6.867200000000000000e+04 4.498397796237161817e-212
6.873600000000000000e+04 3.303161454370850065e-212
6.880000000000000000e+04 9.125094294770889657e-213
6.886400000000000000e+04 1.421084153874082185e-213
6.892800000000000000e+04 2.427404469774837836e-214
6.899200000000000000e+04 2.427404469774837836e-214
6.905600000000000000e+04 2.427404469774837836e-214
6.912000000000000000e+04 2.427404469774837836e-214
6.918400000000000000e+04 1.717850095609755668e-214
6.924800000000000000e+04 2.923662981158022098e-215
6.931200000000000000e+04 2.923662981158022098e-215
6.937600000000000000e+04 2.923662981158022098e-215
6.944000000000000000e+04 2.923662981158022098e-215
6.950400000000000000e+04 2.923662981158022098e-215
6.956800000000000000e+04 2.923662981158022098e-215
6.963200000000000000e+04 8.449299607371248665e-216
6.969600000000000000e+04 8.449299607371248665e-216
6.976000000000000000e+04 1.558523637336905840e-216
6.982400000000000000e+04 1.558523637336905840e-216
6.988800000000000000e+04 1.558523637336905840e-216
6.995200000000000000e+04 1.558523637336905840e-216
7.001600000000000000e+04 1.318449107338151118e-216
7.008000000000000000e+04 9.372740604796490290e-217
7.014400000000000000e+04 7.020288709404749377e-217
7.020800000000000000e+04 7.020288709404749377e-217
7.027200000000000000e+04 6.945288783287459054e-218
7.033600000000000000e+04 4.968550237745426938e-218
7.040000000000000000e+04 4.368509894377906312e-218
7.046400000000000000e+04 4.368509894377906312e-218
7.052800000000000000e+04 4.368509894377906312e-218
7.059200000000000000e+04 4.368509894377906312e-218
7.065600000000000000e+04 4.368509894377906312e-218
7.072000000000000000e+04 3.088312217772684889e-218
7.078400000000000000e+04 3.088312217772684889e-218
7.084800000000000000e+04 8.927466557595610861e-219
7.091200000000000000e+04 3.183541291738425731e-219
7.097600000000000000e+04 3.183541291738425731e-219
7.104000000000000000e+04 1.156572651689818676e-220
7.110400000000000000e+04 1.156572651689818676e-220
7.116800000000000000e+04 1.156572651689818676e-220
7.123200000000000000e+04 1.156572651689818676e-220
7.129600000000000000e+04 1.156572651689818676e-220
7.136000000000000000e+04 1.156572651689818676e-220
7.142400000000000000e+04 1.156572651689818676e-220
7.148800000000000000e+04 1.329395805961914585e-221
7.155200000000000000e+04 1.329395805961914585e-221
7.161600000000000000e+04 1.329395805961914585e-221
7.168000000000000000e+04 3.767913249445226791e-222
7.174400000000000000e+04 3.666148848364184868e-222
7.180800000000000000e+04 3.666148848364184868e-222
7.187200000000000000e+04 3.666148848364184868e-222
7.193600000000000000e+04 2.138765405258255739e-222
7.200000000000000000e+04 5.364600936823040178e-223
7.206400000000000000e+04 5.364600936823040178e-223
7.212800000000000000e+04 4.922784490637944508e-223
7.219200000000000000e+04 4.922784490637944508e-223
7.225600000000000000e+04 3.734900545673665001e-223
7.232000000000000000e+04 3.734900545673665001e-223
7.238400000000000000e+04 3.734900545673665001e-223
7.244800000000000000e+04 1.419841882619725747e-224
7.251200000000000000e+04 1.838921598038778356e-225
7.257600000000000000e+04 1.838921598038778356e-225
7.264000000000000000e+04 1.838921598038778356e-225
7.270400000000000000e+04 1.838921598038778356e-225
7.276800000000000000e+04 1.396835641906024625e-225
7.283200000000000000e+04 1.396835641906024625e-225
7.289600000000000000e+04 1.396835641906024625e-225
7.296000000000000000e+04 1.282715851441964752e-225
7.302400000000000000e+04 1.282715851441964752e-225
7.308800000000000000e+04 1.282715851441964752e-225
7.315200000000000000e+04 8.432813749304478527e-226
7.321600000000000000e+04 8.432813749304478527e-226
7.328000000000000000e+04 8.432813749304478527e-226
7.334400000000000000e+04 1.386072476717850812e-226
7.340800000000000000e+04 9.151545799820250121e-227
7.347200000000000000e+04 9.151545799820250121e-227
7.353600000000000000e+04 9.151545799820250121e-227
7.360000000000000000e+04 5.419442832100007827e-227
7.366400000000000000e+04 2.014631911314327287e-227
7.372800000000000000e+04 2.014631911314327287e-227
7.379200000000000000e+04 1.555390794538568777e-227
7.385600000000000000e+04 7.949553092062710739e-228
7.392000000000000000e+04 3.508148647573508156e-228
7.398400000000000000e+04 3.508148647573508156e-228
7.404800000000000000e+04 3.508148647573508156e-228
7.411200000000000000e+04 9.501525485686844225e-230
7.417600000000000000e+04 9.501525485686844225e-230
7.424000000000000000e+04 2.087937337349959328e-231
7.430400000000000000e+04 2.087937337349959328e-231
7.436800000000000000e+04 2.087937337349959328e-231
7.443200000000000000e+04 2.087937337349959328e-231
7.449600000000000000e+04 2.087937337349959328e-231
7.456000000000000000e+04 2.087937337349959328e-231
7.462400000000000000e+04 2.087937337349959328e-231
7.468800000000000000e+04 2.087937337349959328e-231
7.475200000000000000e+04 2.087937337349959328e-231
7.481600000000000000e+04 2.087937337349959328e-231
7.488000000000000000e+04 1.573875448792148906e-231
7.494400000000000000e+04 6.344302471914827954e-233
7.500800000000000000e+04 6.344302471914827954e-233
7.507200000000000000e+04 6.344302471914827954e-233
7.513600000000000000e+04 1.275969168116489567e-233
7.520000000000000000e+04 1.275969168116489567e-233
7.526400000000000000e+04 1.275969168116489567e-233
7.532800000000000000e+04 1.237107349512360412e-233
7.539200000000000000e+04 1.237107349512360412e-233
7.545600000000000000e+04 1.237107349512360412e-233
7.552000000000000000e+04 1.237107349512360412e-233
7.558400000000000000e+04 9.693922698277162564e-234
7.564800000000000000e+04 1.678880400775111429e-234
7.571200000000000000e+04 1.678880400775111429e-234
7.577600000000000000e+04 1.678880400775111429e-234
7.584000000000000000e+04 1.678880400775111429e-234
7.590400000000000000e+04 1.678880400775111429e-234
7.596800000000000000e+04 1.678880400775111429e-234
7.603200000000000000e+04 1.678880400775111429e-234
7.609600000000000000e+04 2.835767736676081764e-235
7.616000000000000000e+04 2.835767736676081764e-235
7.622400000000000000e+04 2.330427495098591481e-235
7.628800000000000000e+04 2.330427495098591481e-235
7.635200000000000000e+04 2.926731292033382447e-239
7.641600000000000000e+04 2.926731292033382447e-239
7.648000000000000000e+04 2.926731292033382447e-239
7.654400000000000000e+04 2.926731292033382447e-239
7.660800000000000000e+04 2.926731292033382447e-239
7.667200000000000000e+04 2.926731292033382447e-239
7.673600000000000000e+04 2.926731292033382447e-239
7.680000000000000000e+04 2.926731292033382447e-239
7.686400000000000000e+04 2.926731292033382447e-239
7.692800000000000000e+04 2.926731292033382447e-239
7.699200000000000000e+04 1.567461320948947504e-239
7.705600000000000000e+04 1.567461320948947504e-239
7.712000000000000000e+04 1.567461320948947504e-239
7.718400000000000000e+04 1.567461320948947504e-239
7.724800000000000000e+04 1.567461320948947504e-239
7.731200000000000000e+04 3.056091245657812153e-240
7.737600000000000000e+04 3.056091245657812153e-240
7.744000000000000000e+04 3.056091245657812153e-240
7.750400000000000000e+04 1.178276060925143221e-240
7.756800000000000000e+04 1.178276060925143221e-240
7.763200000000000000e+04 1.178276060925143221e-240
7.769600000000000000e+04 1.125450614676577536e-240
7.776000000000000000e+04 1.125450614676577536e-240
7.782400000000000000e+04 3.086412773538761881e-241
7.788800000000000000e+04 3.086412773538761881e-241
7.795200000000000000e+04 7.632537031247084099e-242
7.801600000000000000e+04 7.632537031247084099e-242
7.808000000000000000e+04 7.632537031247084099e-242
7.814400000000000000e+04 7.632537031247084099e-242
7.820800000000000000e+04 1.117988749736106628e-242
7.827200000000000000e+04 1.117988749736106628e-242
7.833600000000000000e+04 1.117988749736106628e-242
7.840000000000000000e+04 1.117988749736106628e-242
7.846400000000000000e+04 2.465932238271575966e-244
7.852800000000000000e+04 2.465932238271575966e-244
7.859200000000000000e+04 2.465932238271575966e-244
7.865600000000000000e+04 1.823822858296160193e-245
7.872000000000000000e+04 1.823822858296160193e-245
7.878400000000000000e+04 1.823822858296160193e-245
7.884800000000000000e+04 1.823822858296160193e-245
7.891200000000000000e+04 1.823822858296160193e-245
7.897600000000000000e+04 1.823822858296160193e-245
7.904000000000000000e+04 1.823822858296160193e-245
7.910400000000000000e+04 1.823822858296160193e-245
7.916800000000000000e+04 1.823822858296160193e-245
7.923200000000000000e+04 5.152643855364843352e-246
7.929600000000000000e+04 5.152643855364843352e-246
7.936000000000000000e+04 5.152643855364843352e-246
7.942400000000000000e+04 5.152643855364843352e-246
7.948800000000000000e+04 9.347613797981530679e-247
7.955200000000000000e+04 7.662730183718504041e-247
7.961600000000000000e+04 2.409224890101001605e-247
7.968000000000000000e+04 2.409224890101001605e-247
7.974400000000000000e+04 1.477175204994346342e-247
7.980800000000000000e+04 1.477175204994346342e-247
7.987200000000000000e+04 6.412352080200619186e-249
7.993600000000000000e+04 6.412352080200619186e-249
8.000000000000000000e+04 6.412352080200619186e-249
8.006400000000000000e+04 6.412352080200619186e-249
8.012800000000000000e+04 6.412352080200619186e-249
8.019200000000000000e+04 8.341269767811055996e-250
8.025600000000000000e+04 8.341269767811055996e-250
8.032000000000000000e+04 8.341269767811055996e-250
8.038400000000000000e+04 8.341269767811055996e-250
8.044800000000000000e+04 6.343175985801937329e-250
8.051200000000000000e+04 6.343175985801937329e-250
8.057600000000000000e+04 1.245337874070267521e-250
8.064000000000000000e+04 1.245337874070267521e-250
8.070400000000000000e+04 1.245337874070267521e-250
8.076800000000000000e+04 3.964329409749106553e-252
8.083200000000000000e+04 3.964329409749106553e-252
8.089600000000000000e+04 3.964329409749106553e-252
8.096000000000000000e+04 3.340413303182929021e-252
8.102400000000000000e+04 3.340413303182929021e-252
8.108800000000000000e+04 3.886866264356500580e-253
8.115200000000000000e+04 3.886866264356500580e-253
8.121600000000000000e+04 3.886866264356500580e-253
8.128000000000000000e+04 3.886866264356500580e-253
8.134400000000000000e+04 3.886866264356500580e-253
8.140800000000000000e+04 3.023161545987050856e-253
8.147200000000000000e+04 8.703048048003523327e-254
8.153600000000000000e+04 8.703048048003523327e-254
8.160000000000000000e+04 8.703048048003523327e-254
8.166400000000000000e+04 4.906938316854131137e-254
8.172800000000000000e+04 4.906938316854131137e-254
8.179200000000000000e+04 4.906938316854131137e-254
8.185600000000000000e+04 4.300495485179805923e-254
8.192000000000000000e+04 2.542650726575305893e-254
8.198400000000000000e+04 2.542650726575305893e-254
8.204800000000000000e+04 6.337670606731588247e-255
8.211200000000000000e+04 5.126982463293791245e-255
8.217600000000000000e+04 3.125432239124207809e-255
8.224000000000000000e+04 1.313758275172221421e-255
8.230400000000000000e+04 1.313758275172221421e-255
8.236800000000000000e+04 1.313758275172221421e-255
8.243200000000000000e+04 3.990085989862573461e-256
8.249600000000000000e+04 8.357810675485987379e-257
8.256000000000000000e+04 8.357810675485987379e-257
8.262400000000000000e+04 8.357810675485987379e-257
8.268800000000000000e+04 1.327913314828551488e-257
8.275200000000000000e+04 1.327913314828551488e-257
8.281600000000000000e+04 1.070247185210394080e-257
8.288000000000000000e+04 1.070247185210394080e-257
8.294400000000000000e+04 3.235525294072585759e-258
8.300800000000000000e+04 3.235525294072585759e-258
8.307200000000000000e+04 2.250648738013471870e-258
8.313600000000000000e+04 2.780655656883999595e-259
8.320000000000000000e+04 2.780655656883999595e-259
8.326400000000000000e+04 2.780655656883999595e-259
8.332800000000000000e+04 2.780655656883999595e-259
8.339200000000000000e+04 1.740443075731965992e-259
8.345600000000000000e+04 1.740443075731965992e-259
8.352000000000000000e+04 5.598812786008171531e-260
8.358400000000000000e+04 5.598812786008171531e-260
8.364800000000000000e+04 3.163337121934132080e-260
8.371200000000000000e+04 3.163337121934132080e-260
8.377600000000000000e+04 3.163337121934132080e-260
8.384000000000000000e+04 2.414016686366774680e-263
8.390400000000000000e+04 2.414016686366774680e-263
8.396800000000000000e+04 2.414016686366774680e-263
8.403200000000000000e+04 2.414016686366774680e-263
8.409600000000000000e+04 2.414016686366774680e-263
8.416000000000000000e+04 2.414016686366774680e-263
8.422400000000000000e+04 2.414016686366774680e-263
8.428800000000000000e+04 2.414016686366774680e-263
8.435200000000000000e+04 2.414016686366774680e-263
8.441600000000000000e+04 2.414016686366774680e-263
8.448000000000000000e+04 2.414016686366774680e-263
8.454400000000000000e+04 2.414016686366774680e-263
8.460800000000000000e+04 1.499433083371067568e-263
8.467200000000000000e+04 1.499433083371067568e-263
8.473600000000000000e+04 1.499433083371067568e-263
8.480000000000000000e+04 1.499433083371067568e-263
8.486400000000000000e+04 1.122658739871830287e-263
8.492800000000000000e+04 1.001617123090416354e-263
8.499200000000000000e+04 9.249555160422283893e-265
8.505600000000000000e+04 9.249555160422283893e-265
8.512000000000000000e+04 9.249555160422283893e-265
8.518400000000000000e+04 9.249555160422283893e-265
8.524800000000000000e+04 9.249555160422283893e-265
8.531200000000000000e+04 9.249555160422283893e-265
8.537600000000000000e+04 9.249555160422283893e-265
8.544000000000000000e+04 7.446972111715480610e-266
8.550400000000000000e+04 4.617749560912158128e-266
8.556800000000000000e+04 4.617749560912158128e-266
8.563200000000000000e+04 1.238146730803369076e-266
8.569600000000000000e+04 1.238146730803369076e-266
8.576000000000000000e+04 1.238146730803369076e-266
8.582400000000000000e+04 1.238146730803369076e-266
8.588800000000000000e+04 1.238146730803369076e-266
8.595200000000000000e+04 4.769033286890400435e-267
8.601600000000000000e+04 3.311608383196609950e-267
8.608000000000000000e+04 1.681279783066213176e-267
8.614400000000000000e+04 1.414171883013989984e-267
8.620800000000000000e+04 9.623626130146512653e-268
8.627200000000000000e+04 7.829329040798830238e-268
8.633600000000000000e+04 7.829329040798830238e-268
8.640000000000000000e+04 2.445814650736954220e-268
8.646400000000000000e+04 2.445814650736954220e-268
8.652800000000000000e+04 1.447861402264096882e-268
8.659200000000000000e+04 2.063718316915114621e-269
8.665600000000000000e+04 2.063718316915114621e-269
8.672000000000000000e+04 2.063718316915114621e-269
8.678400000000000000e+04 2.063718316915114621e-269
8.684800000000000000e+04 4.751694836029532179e-270
8.691200000000000000e+04 4.284415824380566826e-271
8.697600000000000000e+04 4.284415824380566826e-271
8.704000000000000000e+04 3.702101463841491588e-271
8.710400000000000000e+04 3.702101463841491588e-271
8.716800000000000000e+04 1.170582774145094212e-271
8.723200000000000000e+04 1.170582774145094212e-271
8.729600000000000000e+04 1.170582774145094212e-271
8.736000000000000000e+04 3.244751957154868758e-272
8.742400000000000000e+04 3.244751957154868758e-272
8.748800000000000000e+04 3.244751957154868758e-272
8.755200000000000000e+04 3.244751957154868758e-272
8.761600000000000000e+04 3.244751957154868758e-272
8.768000000000000000e+04 2.170997547644937654e-273
8.774400000000000000e+04 2.170997547644937654e-273
8.780800000000000000e+04 2.170997547644937654e-273
8.787200000000000000e+04 2.170997547644937654e-273
8.793600000000000000e+04 2.170997547644937654e-273
8.800000000000000000e+04 1.873375293442878842e-273
8.806400000000000000e+04 1.067319830491351116e-273
8.812800000000000000e+04 9.029260332984800747e-274
8.819200000000000000e+04 3.015301666980609734e-274
8.825600000000000000e+04 3.015301666980609734e-274
8.832000000000000000e+04 1.004176832649111156e-274
8.838400000000000000e+04 1.004176832649111156e-274
8.844800000000000000e+04 1.004176832649111156e-274
8.851200000000000000e+04 8.423500507680659593e-275
8.857600000000000000e+04 8.423500507680659593e-275
8.864000000000000000e+04 3.362174693280188371e-276
8.870400000000000000e+04 3.107876476002867260e-276
8.876800000000000000e+04 7.059096154405350991e-277
8.883200000000000000e+04 7.014964897530265930e-277
8.889600000000000000e+04 7.014964897530265930e-277
8.896000000000000000e+04 7.014964897530265930e-277
8.902400000000000000e+04 2.697547974050863633e-277
8.908800000000000000e+04 2.697547974050863633e-277
8.915200000000000000e+04 2.570496352454334900e-277
8.921600000000000000e+04 5.368380121564481987e-278
8.928000000000000000e+04 3.773766512030035005e-278
8.934400000000000000e+04 1.576623570510920454e-278
8.940800000000000000e+04 1.576623570510920454e-278
8.947200000000000000e+04 2.414130499430194925e-279
8.953600000000000000e+04 2.414130499430194925e-279
8.960000000000000000e+04 2.195550361608875662e-280
8.966400000000000000e+04 2.195550361608875662e-280
8.972800000000000000e+04 2.195550361608875662e-280
8.979200000000000000e+04 2.195550361608875662e-280
8.985600000000000000e+04 2.195550361608875662e-280
8.992000000000000000e+04 2.195550361608875662e-280
8.998400000000000000e+04 2.195550361608875662e-280
9.004800000000000000e+04 5.787934319081534166e-281
9.011200000000000000e+04 5.787934319081534166e-281
9.017600000000000000e+04 5.787934319081534166e-281
9.024000000000000000e+04 5.787934319081534166e-281
9.030400000000000000e+04 3.688060574511160608e-281
9.036800000000000000e+04 8.949511377594617563e-282
9.043200000000000000e+04 8.949511377594617563e-282
9.049600000000000000e+04 8.949511377594617563e-282
9.056000000000000000e+04 8.949511377594617563e-282
9.062400000000000000e+04 8.949511377594617563e-282
9.068800000000000000e+04 3.164569840228474365e-282
9.075200000000000000e+04 3.164569840228474365e-282
9.081600000000000000e+04 7.587998058543234091e-283
9.088000000000000000e+04 7.587998058543234091e-283
9.094400000000000000e+04 3.395805171787253233e-283
9.100800000000000000e+04 3.395805171787253233e-283
9.107200000000000000e+04 3.395805171787253233e-283
9.113600000000000000e+04 3.395805171787253233e-283
9.120000000000000000e+04 1.767947111701281866e-283
9.126400000000000000e+04 1.767947111701281866e-283
9.132800000000000000e+04 5.489715445232714338e-284
9.139200000000000000e+04 9.125956440960022772e-285
9.145600000000000000e+04 7.725390987943978053e-285
9.152000000000000000e+04 7.725390987943978053e-285
9.158400000000000000e+04 7.725390987943978053e-285
9.164800000000000000e+04 2.973976251851139644e-285
9.171200000000000000e+04 2.200853303387024078e-285
9.177600000000000000e+04 2.200853303387024078e-285
9.184000000000000000e+04 2.200853303387024078e-285
9.190400000000000000e+04 2.200853303387024078e-285
9.196800000000000000e+04 1.842387809037329514e-285
9.203200000000000000e+04 4.224182067513631202e-286
9.209600000000000000e+04 4.224182067513631202e-286
9.216000000000000000e+04 2.804176177759031866e-286
9.222400000000000000e+04 1.586059089340266282e-286
9.228800000000000000e+04 2.794467828631249706e-288
9.235200000000000000e+04 2.794467828631249706e-288
9.241600000000000000e+04 2.794467828631249706e-288
9.248000000000000000e+04 2.794467828631249706e-288
9.254400000000000000e+04 9.632433397169295775e-289
9.260800000000000000e+04 9.632433397169295775e-289
9.267200000000000000e+04 8.623406888081804413e-289
9.273600000000000000e+04 8.623406888081804413e-289
9.280000000000000000e+04 8.623406888081804413e-289
9.286400000000000000e+04 8.623406888081804413e-289
9.292800000000000000e+04 8.623406888081804413e-289
9.299200000000000000e+04 7.049284059619671732e-289
9.305600000000000000e+04 2.130897852733043220e-289
9.312000000000000000e+04 9.017302648985549963e-290
9.318400000000000000e+04 9.017302648985549963e-290
9.324800000000000000e+04 9.017302648985549963e-290
9.331200000000000000e+04 9.017302648985549963e-290
9.337600000000000000e+04 9.017302648985549963e-290
9.344000000000000000e+04 2.938000278290772502e-290
9.350400000000000000e+04 2.938000278290772502e-290
9.356800000000000000e+04 2.938000278290772502e-290
9.363200000000000000e+04 2.938000278290772502e-290
9.369600000000000000e+04 9.946292045358301817e-292
9.376000000000000000e+04 9.946292045358301817e-292
9.382400000000000000e+04 3.351498399597836154e-292
9.388800000000000000e+04 3.351498399597836154e-292
9.395200000000000000e+04 2.303644853603785304e-292
9.401600000000000000e+04 2.303644853603785304e-292
9.408000000000000000e+04 2.303644853603785304e-292
9.414400000000000000e+04 8.040503019929446056e-293
9.420800000000000000e+04 8.040503019929446056e-293
9.427200000000000000e+04 8.040503019929446056e-293
9.433600000000000000e+04 6.946576939329170404e-293
9.440000000000000000e+04 4.958860168492646083e-293
9.446400000000000000e+04 4.402837678528057409e-293
9.452800000000000000e+04 1.121261330066735137e-293
9.459200000000000000e+04 1.527542957178343172e-294
9.465600000000000000e+04 1.527542957178343172e-294
9.472000000000000000e+04 1.527542957178343172e-294
9.478400000000000000e+04 1.527542957178343172e-294
9.484800000000000000e+04 5.921758004038451862e-295
9.491200000000000000e+04 4.439238235340471317e-295
9.497600000000000000e+04 4.439238235340471317e-295
9.504000000000000000e+04 4.439238235340471317e-295
9.510400000000000000e+04 2.008025687676792500e-295
9.516800000000000000e+04 3.319560778941646413e-296
9.523200000000000000e+04 3.319560778941646413e-296
9.529600000000000000e+04 1.880441898648754989e-296
9.536000000000000000e+04 1.880441898648754989e-296
9.542400000000000000e+04 1.185570824054224706e-296
9.548800000000000000e+04 4.410510062294405812e-297
9.555200000000000000e+04 5.148110953091471732e-298
9.561600000000000000e+04 5.148110953091471732e-298
9.568000000000000000e+04 5.148110953091471732e-298
9.574400000000000000e+04 9.143073754192368615e-299
9.580800000000000000e+04 9.143073754192368615e-299
9.587200000000000000e+04 9.143073754192368615e-299
9.593600000000000000e+04 3.926648373029192789e-299
9.600000000000000000e+04 3.926648373029192789e-299
9.606400000000000000e+04 2.467443621563093053e-299
9.612800000000000000e+04 6.447679837303501958e-300
9.619200000000000000e+04 6.447679837303501958e-300
9.625600000000000000e+04 3.474553419806117877e-300
9.632000000000000000e+04 3.474553419806117877e-300
9.638400000000000000e+04 2.636448128541217778e-300
9.644800000000000000e+04 2.636448128541217778e-300
9.651200000000000000e+04 1.152872808720381762e-301
9.657600000000000000e+04 1.152872808720381762e-301
9.664000000000000000e+04 1.152872808720381762e-301
9.670400000000000000e+04 8.808461460859232536e-302
9.676800000000000000e+04 1.186643109567741342e-302
9.683200000000000000e+04 1.186643109567741342e-302
9.689600000000000000e+04 1.186643109567741342e-302
9.696000000000000000e+04 1.186643109567741342e-302
9.702400000000000000e+04 1.186643109567741342e-302
9.708800000000000000e+04 4.944579077172121840e-303
9.715200000000000000e+04 4.944579077172121840e-303
9.721600000000000000e+04 4.944579077172121840e-303
9.728000000000000000e+04 2.702798074367568526e-303
9.734400000000000000e+04 1.336577137591541995e-303
9.740800000000000000e+04 1.084217803448560190e-303
9.747200000000000000e+04 3.425017813508964955e-304
9.753600000000000000e+04 3.425017813508964955e-304
9.760000000000000000e+04 3.425017813508964955e-304
9.766400000000000000e+04 3.425017813508964955e-304
9.772800000000000000e+04 1.860711931929260127e-305
9.779200000000000000e+04 1.860711931929260127e-305
9.785600000000000000e+04 1.860711931929260127e-305
9.792000000000000000e+04 1.860711931929260127e-305
9.798400000000000000e+04 1.860711931929260127e-305
9.804800000000000000e+04 5.297886348250248649e-306
9.811200000000000000e+04 5.297886348250248649e-306
9.817600000000000000e+04 5.297886348250248649e-306
9.824000000000000000e+04 6.866021689209570948e-307
9.830400000000000000e+04 6.866021689209570948e-307
9.836800000000000000e+04 6.866021689209570948e-307
9.843200000000000000e+04 1.136708372658084231e-307
9.849600000000000000e+04 1.136708372658084231e-307
9.856000000000000000e+04 1.526621038998992983e-308
9.862400000000000000e+04 1.526621038998992983e-308
9.868800000000000000e+04 1.526621038998992983e-308
9.875200000000000000e+04 1.526621038998992983e-308
9.881600000000000000e+04 1.526621038998992983e-308
9.888000000000000000e+04 3.149970132696372361e-309
9.894400000000000000e+04 3.149970132696372361e-309
9.900800000000000000e+04 3.149970132696372361e-309
9.907200000000000000e+04 3.149970132696372361e-309
9.913600000000000000e+04 7.037947295810655154e-310
9.920000000000000000e+04 7.037947295810655154e-310
9.926400000000000000e+04 7.037947295810655154e-310
9.932800000000000000e+04 7.037947295810655154e-310
9.939200000000000000e+04 7.037947295810655154e-310
9.945600000000000000e+04 7.037947295810655154e-310
9.952000000000000000e+04 7.037947295810655154e-310
9.958400000000000000e+04 7.037947295810655154e-310
9.964800000000000000e+04 3.583865380579731560e-310
9.971200000000000000e+04 3.583865380579731560e-310
9.977600000000000000e+04 7.936134950377955828e-311
9.984000000000000000e+04 7.936134950377955828e-311
9.990400000000000000e+04 7.936134950377955828e-311
9.996800000000000000e+04 2.817969249239079011e-311
1.000320000000000000e+05 2.817969249239079011e-311
