5.120000000000000000e+02 8.580554038443326259e-02
1.024000000000000000e+03 7.108063758246030428e-02
1.536000000000000000e+03 5.751240455395508627e-02
2.048000000000000000e+03 1.584708184337830584e-03
2.560000000000000000e+03 1.584708184337830584e-03
3.072000000000000000e+03 1.584708184337830584e-03
3.584000000000000000e+03 1.584708184337830584e-03
4.096000000000000000e+03 1.584708184337830584e-03
4.608000000000000000e+03 1.584708184337830584e-03
5.120000000000000000e+03 1.583186778613064529e-03
5.632000000000000000e+03 1.503646307042482994e-03
6.144000000000000000e+03 1.155156344072588845e-03
6.656000000000000000e+03 3.453076367889814551e-04
7.168000000000000000e+03 3.066747160378355762e-04
7.680000000000000000e+03 3.066747160378355762e-04
8.192000000000000000e+03 3.066747160378355762e-04
8.704000000000000000e+03 1.054576016615039471e-04
9.216000000000000000e+03 6.262453573618203574e-05
9.728000000000000000e+03 6.262453573618203574e-05
1.024000000000000000e+04 4.206700444070723076e-05
1.075200000000000000e+04 1.280866414182620199e-05
1.126400000000000000e+04 6.001422230202419068e-06
1.177600000000000000e+04 6.001422230202419068e-06
1.228800000000000000e+04 2.708192857694899894e-06
1.280000000000000000e+04 2.708192857694899894e-06
1.331200000000000000e+04 2.708192857694899894e-06
1.382400000000000000e+04 2.708192857694899894e-06
1.433600000000000000e+04 3.664609625808868269e-08
1.484800000000000000e+04 3.664609625808868269e-08
1.536000000000000000e+04 3.664609625808868269e-08
1.587200000000000000e+04 3.664609625808868269e-08
1.638400000000000000e+04 3.664609625808868269e-08
1.689600000000000000e+04 3.664609625808868269e-08
1.740800000000000000e+04 3.664609625808868269e-08
1.792000000000000000e+04 2.108252592897235532e-08
1.843200000000000000e+04 2.108252592897235532e-08
1.894400000000000000e+04 1.256087133692703110e-08
1.945600000000000000e+04 1.254881683405760157e-08
1.996800000000000000e+04 1.254881683405760157e-08
2.048000000000000000e+04 3.143401663732915634e-09
2.099200000000000000e+04 1.421313883172511283e-09
2.150400000000000000e+04 1.421313883172511283e-09
2.201600000000000000e+04 1.421313883172511283e-09
2.252800000000000000e+04 1.421313883172511283e-09
2.304000000000000000e+04 8.089930786140002156e-11
2.355200000000000000e+04 8.089930786140002156e-11
2.406400000000000000e+04 8.089930786140002156e-11
2.457600000000000000e+04 8.089930786140002156e-11
2.508800000000000000e+04 3.009584935098044295e-11
2.560000000000000000e+04 3.009584935098044295e-11
2.611200000000000000e+04 3.009584935098044295e-11
2.662400000000000000e+04 2.305155476460267472e-12
2.713600000000000000e+04 2.305155476460267472e-12
2.764800000000000000e+04 2.305155476460267472e-12
2.816000000000000000e+04 2.305155476460267472e-12
2.867200000000000000e+04 2.305155476460267472e-12
2.918400000000000000e+04 2.305155476460267472e-12
2.969600000000000000e+04 2.305155476460267472e-12
3.020800000000000000e+04 2.305155476460267472e-12
3.072000000000000000e+04 6.921700194873245630e-13
3.123200000000000000e+04 6.921700194873245630e-13
3.174400000000000000e+04 6.921700194873245630e-13
3.225600000000000000e+04 3.016322212745551958e-14
3.276800000000000000e+04 3.016322212745551958e-14
3.328000000000000000e+04 3.016322212745551958e-14
3.379200000000000000e+04 3.016322212745551958e-14
3.430400000000000000e+04 3.016322212745551958e-14
3.481600000000000000e+04 3.016322212745551958e-14
3.532800000000000000e+04 3.016322212745551958e-14
3.584000000000000000e+04 2.530457290399918122e-14
3.635200000000000000e+04 1.252899803731803407e-14
3.686400000000000000e+04 6.323040479561382494e-15
3.737600000000000000e+04 5.132046576096304519e-16
3.788800000000000000e+04 5.132046576096304519e-16
3.840000000000000000e+04 5.132046576096304519e-16
3.891200000000000000e+04 5.132046576096304519e-16
3.942400000000000000e+04 5.132046576096304519e-16
3.993600000000000000e+04 5.132046576096304519e-16
4.044800000000000000e+04 5.132046576096304519e-16
4.096000000000000000e+04 3.498702591792981107e-16
4.147200000000000000e+04 1.248769604550254533e-17
4.198400000000000000e+04 1.248769604550254533e-17
4.249600000000000000e+04 1.248769604550254533e-17
4.300800000000000000e+04 1.248769604550254533e-17
4.352000000000000000e+04 1.248769604550254533e-17
4.403200000000000000e+04 5.495480088443039752e-18
4.454400000000000000e+04 1.312631660341805966e-18
4.505600000000000000e+04 1.312631660341805966e-18
4.556800000000000000e+04 1.312631660341805966e-18
4.608000000000000000e+04 3.621087097750821641e-20
4.659200000000000000e+04 3.621087097750821641e-20
4.710400000000000000e+04 3.621087097750821641e-20
4.761600000000000000e+04 3.621087097750821641e-20
4.812800000000000000e+04 3.621087097750821641e-20
4.864000000000000000e+04 3.621087097750821641e-20
4.915200000000000000e+04 3.621087097750821641e-20
4.966400000000000000e+04 3.621087097750821641e-20
5.017600000000000000e+04 3.621087097750821641e-20
5.068800000000000000e+04 3.621087097750821641e-20
5.120000000000000000e+04 3.621087097750821641e-20
5.171200000000000000e+04 4.336968176751915940e-21
5.222400000000000000e+04 4.336968176751915940e-21
5.273600000000000000e+04 4.336968176751915940e-21
5.324800000000000000e+04 4.336968176751915940e-21
5.376000000000000000e+04 4.336968176751915940e-21
5.427200000000000000e+04 2.328937055646084506e-21
5.478400000000000000e+04 2.309811145641702023e-21
5.529600000000000000e+04 2.309811145641702023e-21
5.580800000000000000e+04 8.009890943693729171e-23
5.632000000000000000e+04 8.009890943693729171e-23
5.683200000000000000e+04 8.009890943693729171e-23
5.734400000000000000e+04 8.009890943693729171e-23
5.785600000000000000e+04 8.009890943693729171e-23
5.836800000000000000e+04 8.009890943693729171e-23
5.888000000000000000e+04 4.289401248204705986e-23
5.939200000000000000e+04 4.289401248204705986e-23
5.990400000000000000e+04 4.289401248204705986e-23
6.041600000000000000e+04 3.796761633219546191e-23
6.092800000000000000e+04 3.796761633219546191e-23
6.144000000000000000e+04 1.121269986878386584e-23
6.195200000000000000e+04 1.121269986878386584e-23
6.246400000000000000e+04 2.259254478342366269e-24
6.297600000000000000e+04 2.259254478342366269e-24
6.348800000000000000e+04 1.587718575260385429e-24
6.400000000000000000e+04 1.587718575260385429e-24
6.451200000000000000e+04 2.619429154699547656e-25
6.502400000000000000e+04 2.619429154699547656e-25
6.553600000000000000e+04 2.619429154699547656e-25
6.604800000000000000e+04 3.676455202392323239e-26
6.656000000000000000e+04 3.676455202392323239e-26
6.707200000000000000e+04 3.676455202392323239e-26
6.758400000000000000e+04 9.822428914159878108e-27
6.809600000000000000e+04 9.822428914159878108e-27
6.860800000000000000e+04 9.204362902335345720e-27
6.912000000000000000e+04 9.204362902335345720e-27
6.963200000000000000e+04 9.095616547340387552e-27
7.014400000000000000e+04 4.403914558715129669e-27
7.065600000000000000e+04 4.403914558715129669e-27
7.116800000000000000e+04 4.403914558715129669e-27
7.168000000000000000e+04 1.765880475079978937e-27
7.219200000000000000e+04 1.712434821309942912e-28
7.270400000000000000e+04 1.712434821309942912e-28
7.321600000000000000e+04 2.858556014604086069e-30
7.372800000000000000e+04 2.858556014604086069e-30
7.424000000000000000e+04 2.858556014604086069e-30
7.475200000000000000e+04 2.858556014604086069e-30
7.526400000000000000e+04 2.858556014604086069e-30
7.577600000000000000e+04 2.858556014604086069e-30
7.628800000000000000e+04 2.858556014604086069e-30
7.680000000000000000e+04 2.858556014604086069e-30
7.731200000000000000e+04 2.858556014604086069e-30
7.782400000000000000e+04 2.858556014604086069e-30
7.833600000000000000e+04 1.955697364422236614e-30
7.884800000000000000e+04 1.955697364422236614e-30
7.936000000000000000e+04 1.138666965512908186e-30
7.987200000000000000e+04 1.138666965512908186e-30
8.038400000000000000e+04 1.019571606521019934e-30
8.089600000000000000e+04 9.652027527365387251e-31
8.140800000000000000e+04 9.652027527365387251e-31
8.192000000000000000e+04 9.440252888310845710e-32
8.243200000000000000e+04 3.587101620045127330e-32
8.294400000000000000e+04 3.587101620045127330e-32
8.345600000000000000e+04 3.587101620045127330e-32
8.396800000000000000e+04 1.129710628554215609e-32
8.448000000000000000e+04 1.129710628554215609e-32
8.499200000000000000e+04 6.706768631406977130e-33
8.550400000000000000e+04 3.266258156336707302e-33
8.601600000000000000e+04 3.266258156336707302e-33
8.652800000000000000e+04 3.266258156336707302e-33
8.704000000000000000e+04 3.266258156336707302e-33
8.755200000000000000e+04 3.266258156336707302e-33
8.806400000000000000e+04 9.440785501787678824e-34
8.857600000000000000e+04 2.524273372666798551e-35
8.908800000000000000e+04 2.524273372666798551e-35
8.960000000000000000e+04 2.524273372666798551e-35
9.011200000000000000e+04 2.524273372666798551e-35
9.062400000000000000e+04 2.524273372666798551e-35
9.113600000000000000e+04 2.524273372666798551e-35
9.164800000000000000e+04 1.723331828543765322e-35
9.216000000000000000e+04 1.723331828543765322e-35
9.267200000000000000e+04 1.723331828543765322e-35
9.318400000000000000e+04 1.723331828543765322e-35
9.369600000000000000e+04 6.710635966919525372e-36
9.420800000000000000e+04 1.104638275959602931e-36
9.472000000000000000e+04 1.104638275959602931e-36
9.523200000000000000e+04 1.104638275959602931e-36
9.574400000000000000e+04 1.104638275959602931e-36
9.625600000000000000e+04 1.104638275959602931e-36
9.676800000000000000e+04 1.104638275959602931e-36
9.728000000000000000e+04 4.631744295984097924e-37
9.779200000000000000e+04 2.224679195146183820e-37
9.830400000000000000e+04 4.883399031767607485e-38
9.881600000000000000e+04 4.883399031767607485e-38
9.932800000000000000e+04 4.883399031767607485e-38
9.984000000000000000e+04 4.883399031767607485e-38
1.003520000000000000e+05 4.883399031767607485e-38
