5.120000000000000000e+02 1.174562812802624340e-01
1.024000000000000000e+03 3.404111733771574694e-02
1.536000000000000000e+03 3.404111733771574694e-02
2.048000000000000000e+03 1.004047259032650637e-02
2.560000000000000000e+03 1.004047259032650637e-02
3.072000000000000000e+03 1.004047259032650637e-02
3.584000000000000000e+03 1.630502830758617750e-03
4.096000000000000000e+03 1.630502830758617750e-03
4.608000000000000000e+03 1.630502830758617750e-03
5.120000000000000000e+03 1.359155652646410785e-03
5.632000000000000000e+03 2.418851539944277297e-04
6.144000000000000000e+03 2.418851539944277297e-04
6.656000000000000000e+03 2.418851539944277297e-04
7.168000000000000000e+03 1.847492314672405595e-04
7.680000000000000000e+03 1.721294768219882026e-04
8.192000000000000000e+03 1.721294768219882026e-04
8.704000000000000000e+03 1.329994472102709769e-04
9.216000000000000000e+03 9.523307046989615493e-05
9.728000000000000000e+03 9.523307046989615493e-05
1.024000000000000000e+04 6.700101829424126535e-06
1.075200000000000000e+04 6.700101829424126535e-06
1.126400000000000000e+04 2.224321134631268072e-07
1.177600000000000000e+04 2.224321134631268072e-07
1.228800000000000000e+04 2.224321134631268072e-07
1.280000000000000000e+04 2.224321134631268072e-07
1.331200000000000000e+04 2.224321134631268072e-07
1.382400000000000000e+04 2.224321134631268072e-07
1.433600000000000000e+04 2.224321134631268072e-07
1.484800000000000000e+04 1.958370705184348511e-07
1.536000000000000000e+04 7.811970908080173253e-08
1.587200000000000000e+04 4.102194879291589807e-08
1.638400000000000000e+04 4.102194879291589807e-08
1.689600000000000000e+04 4.102194879291589807e-08
1.740800000000000000e+04 4.102194879291589807e-08
1.792000000000000000e+04 4.102194879291589807e-08
1.843200000000000000e+04 7.179194951602824385e-10
1.894400000000000000e+04 7.179194951602824385e-10
1.945600000000000000e+04 7.179194951602824385e-10
1.996800000000000000e+04 7.179194951602824385e-10
2.048000000000000000e+04 7.179194951602824385e-10
2.099200000000000000e+04 7.179194951602824385e-10
2.150400000000000000e+04 7.179194951602824385e-10
2.201600000000000000e+04 7.179194951602824385e-10
2.252800000000000000e+04 3.261599455844922333e-10
2.304000000000000000e+04 3.261599455844922333e-10
2.355200000000000000e+04 1.041607324530676187e-10
2.406400000000000000e+04 1.041607324530676187e-10
2.457600000000000000e+04 3.098711669936473887e-11
2.508800000000000000e+04 6.956995324136798327e-12
2.560000000000000000e+04 4.963124674136655916e-12
2.611200000000000000e+04 4.963124674136655916e-12
2.662400000000000000e+04 4.963124674136655916e-12
2.713600000000000000e+04 4.963124674136655916e-12
2.764800000000000000e+04 2.964941482324628313e-12
2.816000000000000000e+04 2.964941482324628313e-12
2.867200000000000000e+04 2.370369341043208916e-12
2.918400000000000000e+04 2.370369341043208916e-12
2.969600000000000000e+04 2.869763046874112865e-13
3.020800000000000000e+04 2.869763046874112865e-13
3.072000000000000000e+04 4.892663863674028675e-14
3.123200000000000000e+04 4.892663863674028675e-14
3.174400000000000000e+04 4.742073343906183170e-15
3.225600000000000000e+04 4.742073343906183170e-15
3.276800000000000000e+04 4.742073343906183170e-15
3.328000000000000000e+04 4.742073343906183170e-15
3.379200000000000000e+04 4.742073343906183170e-15
3.430400000000000000e+04 4.742073343906183170e-15
3.481600000000000000e+04 3.866811755703715888e-15
3.532800000000000000e+04 3.866811755703715888e-15
3.584000000000000000e+04 2.953893053926253619e-15
3.635200000000000000e+04 2.422009489027016375e-15
3.686400000000000000e+04 2.422009489027016375e-15
3.737600000000000000e+04 2.422009489027016375e-15
3.788800000000000000e+04 2.089995983580401782e-15
3.840000000000000000e+04 1.127795337368881413e-15
3.891200000000000000e+04 2.365201589297657380e-16
3.942400000000000000e+04 2.365201589297657380e-16
3.993600000000000000e+04 4.638734465447206649e-18
4.044800000000000000e+04 4.638734465447206649e-18
4.096000000000000000e+04 4.638734465447206649e-18
4.147200000000000000e+04 4.638734465447206649e-18
4.198400000000000000e+04 4.638734465447206649e-18
4.249600000000000000e+04 4.638734465447206649e-18
4.300800000000000000e+04 4.638734465447206649e-18
4.352000000000000000e+04 4.638734465447206649e-18
4.403200000000000000e+04 4.638734465447206649e-18
4.454400000000000000e+04 4.638734465447206649e-18
4.505600000000000000e+04 4.638734465447206649e-18
4.556800000000000000e+04 3.271306253798678229e-19
4.608000000000000000e+04 3.271306253798678229e-19
4.659200000000000000e+04 3.271306253798678229e-19
4.710400000000000000e+04 3.271306253798678229e-19
4.761600000000000000e+04 3.271306253798678229e-19
4.812800000000000000e+04 3.271306253798678229e-19
4.864000000000000000e+04 2.523836317039583758e-19
4.915200000000000000e+04 3.723051271036823116e-20
4.966400000000000000e+04 1.243241941046658490e-20
5.017600000000000000e+04 1.243241941046658490e-20
5.068800000000000000e+04 1.243241941046658490e-20
5.120000000000000000e+04 1.243241941046658490e-20
5.171200000000000000e+04 1.243241941046658490e-20
5.222400000000000000e+04 4.434335398207002675e-21
5.273600000000000000e+04 4.434335398207002675e-21
5.324800000000000000e+04 4.434335398207002675e-21
5.376000000000000000e+04 4.434335398207002675e-21
5.427200000000000000e+04 5.865278903218476679e-23
5.478400000000000000e+04 5.865278903218476679e-23
5.529600000000000000e+04 5.865278903218476679e-23
5.580800000000000000e+04 5.865278903218476679e-23
5.632000000000000000e+04 5.865278903218476679e-23
5.683200000000000000e+04 5.865278903218476679e-23
5.734400000000000000e+04 5.865278903218476679e-23
5.785600000000000000e+04 5.865278903218476679e-23
5.836800000000000000e+04 2.465959488780831380e-23
5.888000000000000000e+04 2.465959488780831380e-23
5.939200000000000000e+04 6.982745557520597572e-24
5.990400000000000000e+04 6.982745557520597572e-24
6.041600000000000000e+04 6.982745557520597572e-24
6.092800000000000000e+04 6.982745557520597572e-24
6.144000000000000000e+04 7.452164322455388386e-25
6.195200000000000000e+04 1.932110042184860500e-25
6.246400000000000000e+04 1.932110042184860500e-25
6.297600000000000000e+04 1.932110042184860500e-25
6.348800000000000000e+04 1.932110042184860500e-25
6.400000000000000000e+04 1.932110042184860500e-25
6.451200000000000000e+04 7.055218080296697089e-26
6.502400000000000000e+04 1.559420343961751097e-26
6.553600000000000000e+04 1.559420343961751097e-26
6.604800000000000000e+04 1.559420343961751097e-26
6.656000000000000000e+04 1.559420343961751097e-26
6.707200000000000000e+04 6.215340468117261904e-27
6.758400000000000000e+04 6.215340468117261904e-27
6.809600000000000000e+04 6.215340468117261904e-27
6.860800000000000000e+04 6.215340468117261904e-27
6.912000000000000000e+04 6.215340468117261904e-27
6.963200000000000000e+04 7.904710273385274513e-29
7.014400000000000000e+04 7.904710273385274513e-29
7.065600000000000000e+04 7.904710273385274513e-29
7.116800000000000000e+04 7.904710273385274513e-29
7.168000000000000000e+04 7.904710273385274513e-29
7.219200000000000000e+04 7.904710273385274513e-29
7.270400000000000000e+04 6.312879690141205150e-30
7.321600000000000000e+04 6.312879690141205150e-30
7.372800000000000000e+04 6.312879690141205150e-30
7.424000000000000000e+04 6.312879690141205150e-30
7.475200000000000000e+04 6.312879690141205150e-30
7.526400000000000000e+04 6.312879690141205150e-30
7.577600000000000000e+04 6.312879690141205150e-30
7.628800000000000000e+04 6.312879690141205150e-30
7.680000000000000000e+04 6.312879690141205150e-30
7.731200000000000000e+04 9.586915759396571924e-31
7.782400000000000000e+04 9.586915759396571924e-31
7.833600000000000000e+04 9.586915759396571924e-31
7.884800000000000000e+04 9.586915759396571924e-31
7.936000000000000000e+04 9.586915759396571924e-31
7.987200000000000000e+04 2.179981640466130927e-31
8.038400000000000000e+04 2.179981640466130927e-31
8.089600000000000000e+04 2.179981640466130927e-31
8.140800000000000000e+04 8.107417770932918771e-32
8.192000000000000000e+04 8.107417770932918771e-32
8.243200000000000000e+04 5.101769638483024387e-32
8.294400000000000000e+04 2.852686175647970088e-32
8.345600000000000000e+04 2.852686175647970088e-32
8.396800000000000000e+04 2.371291464094363060e-32
8.448000000000000000e+04 1.335008570191910401e-34
8.499200000000000000e+04 1.335008570191910401e-34
8.550400000000000000e+04 1.335008570191910401e-34
8.601600000000000000e+04 2.416509312272660825e-35
8.652800000000000000e+04 2.416509312272660825e-35
8.704000000000000000e+04 2.416509312272660825e-35
8.755200000000000000e+04 2.416509312272660825e-35
8.806400000000000000e+04 2.416509312272660825e-35
8.857600000000000000e+04 2.416509312272660825e-35
8.908800000000000000e+04 2.416509312272660825e-35
8.960000000000000000e+04 2.416509312272660825e-35
9.011200000000000000e+04 2.416509312272660825e-35
9.062400000000000000e+04 6.125851281717932879e-36
9.113600000000000000e+04 6.125851281717932879e-36
9.164800000000000000e+04 6.125851281717932879e-36
9.216000000000000000e+04 6.125851281717932879e-36
9.267200000000000000e+04 6.125851281717932879e-36
9.318400000000000000e+04 6.125851281717932879e-36
9.369600000000000000e+04 6.125851281717932879e-36
9.420800000000000000e+04 4.583831917973076707e-36
9.472000000000000000e+04 2.722881387235018156e-36
9.523200000000000000e+04 2.008708878203337713e-36
9.574400000000000000e+04 2.008708878203337713e-36
9.625600000000000000e+04 1.104567232062786368e-36
9.676800000000000000e+04 2.398203061445836175e-38
9.728000000000000000e+04 2.398203061445836175e-38
9.779200000000000000e+04 2.398203061445836175e-38
9.830400000000000000e+04 2.398203061445836175e-38
9.881600000000000000e+04 2.398203061445836175e-38
9.932800000000000000e+04 2.398203061445836175e-38
9.984000000000000000e+04 1.224029591745715106e-38
1.003520000000000000e+05 1.224029591745715106e-38
