5.120000000000000000e+02 1.304926497115702078e-02
1.024000000000000000e+03 1.304926497115702078e-02
1.536000000000000000e+03 1.304926497115702078e-02
2.048000000000000000e+03 1.304926497115702078e-02
2.560000000000000000e+03 5.981142334135505778e-03
3.072000000000000000e+03 5.981142334135505778e-03
3.584000000000000000e+03 5.981142334135505778e-03
4.096000000000000000e+03 5.981142334135505778e-03
4.608000000000000000e+03 5.981142334135505778e-03
5.120000000000000000e+03 3.168282115231560100e-03
5.632000000000000000e+03 4.805587310096170583e-04
6.144000000000000000e+03 4.805587310096170583e-04
6.656000000000000000e+03 4.805587310096170583e-04
7.168000000000000000e+03 4.693815479593005987e-04
7.680000000000000000e+03 4.693815479593005987e-04
8.192000000000000000e+03 2.047123850660527346e-04
8.704000000000000000e+03 1.512062570794070265e-04
9.216000000000000000e+03 1.234252933727541005e-04
9.728000000000000000e+03 5.460584357155740491e-05
1.024000000000000000e+04 5.460584357155740491e-05
1.075200000000000000e+04 5.460584357155740491e-05
1.126400000000000000e+04 1.738130115410768550e-05
1.177600000000000000e+04 1.738130115410768550e-05
1.228800000000000000e+04 4.986179864079401313e-06
1.280000000000000000e+04 7.531427945938095394e-07
1.331200000000000000e+04 7.531427945938095394e-07
1.382400000000000000e+04 8.830785957549750796e-08
1.433600000000000000e+04 8.830785957549750796e-08
1.484800000000000000e+04 8.830785957549750796e-08
1.536000000000000000e+04 8.830785957549750796e-08
1.587200000000000000e+04 8.830785957549750796e-08
1.638400000000000000e+04 8.830785957549750796e-08
1.689600000000000000e+04 8.830785957549750796e-08
1.740800000000000000e+04 9.585070542494559795e-09
1.792000000000000000e+04 9.585070542494559795e-09
1.843200000000000000e+04 7.833781351098601554e-09
1.894400000000000000e+04 8.720380515237620399e-10
1.945600000000000000e+04 8.720380515237620399e-10
1.996800000000000000e+04 8.720380515237620399e-10
2.048000000000000000e+04 8.720380515237620399e-10
2.099200000000000000e+04 8.472153003911361241e-10
2.150400000000000000e+04 8.472153003911361241e-10
2.201600000000000000e+04 2.033506849900119772e-10
2.252800000000000000e+04 2.033506849900119772e-10
2.304000000000000000e+04 2.033506849900119772e-10
2.355200000000000000e+04 1.040631743929625518e-10
2.406400000000000000e+04 1.040631743929625518e-10
2.457600000000000000e+04 1.040631743929625518e-10
2.508800000000000000e+04 2.999271597743085073e-11
2.560000000000000000e+04 2.999271597743085073e-11
2.611200000000000000e+04 2.245020797024906751e-11
2.662400000000000000e+04 2.809163073560194275e-12
2.713600000000000000e+04 2.809163073560194275e-12
2.764800000000000000e+04 4.848379423326716673e-13
2.816000000000000000e+04 4.848379423326716673e-13
2.867200000000000000e+04 4.848379423326716673e-13
2.918400000000000000e+04 4.848379423326716673e-13
2.969600000000000000e+04 4.848379423326716673e-13
3.020800000000000000e+04 4.848379423326716673e-13
3.072000000000000000e+04 2.701744643028750822e-13
3.123200000000000000e+04 1.405501942395819237e-13
3.174400000000000000e+04 7.394097247863264539e-14
3.225600000000000000e+04 7.394097247863264539e-14
3.276800000000000000e+04 4.500088481975891069e-14
3.328000000000000000e+04 1.509890835032199345e-14
3.379200000000000000e+04 1.509890835032199345e-14
3.430400000000000000e+04 6.082397537711742534e-15
3.481600000000000000e+04 6.082397537711742534e-15
3.532800000000000000e+04 3.678618945688998214e-15
3.584000000000000000e+04 3.678618945688998214e-15
3.635200000000000000e+04 6.723588203020940461e-16
3.686400000000000000e+04 6.723588203020940461e-16
3.737600000000000000e+04 2.755259324614825894e-16
3.788800000000000000e+04 2.201143209728036231e-16
3.840000000000000000e+04 2.201143209728036231e-16
3.891200000000000000e+04 2.201143209728036231e-16
3.942400000000000000e+04 2.201143209728036231e-16
3.993600000000000000e+04 2.201143209728036231e-16
4.044800000000000000e+04 2.201143209728036231e-16
4.096000000000000000e+04 5.950034936515569797e-17
4.147200000000000000e+04 5.950034936515569797e-17
4.198400000000000000e+04 3.492083381637918154e-17
4.249600000000000000e+04 2.225274685835268939e-17
4.300800000000000000e+04 1.422876051051501758e-17
4.352000000000000000e+04 4.314050588817142426e-18
4.403200000000000000e+04 6.690327481150214990e-20
4.454400000000000000e+04 6.690327481150214990e-20
4.505600000000000000e+04 6.690327481150214990e-20
4.556800000000000000e+04 6.690327481150214990e-20
4.608000000000000000e+04 6.690327481150214990e-20
4.659200000000000000e+04 6.690327481150214990e-20
4.710400000000000000e+04 6.690327481150214990e-20
4.761600000000000000e+04 6.690327481150214990e-20
4.812800000000000000e+04 6.690327481150214990e-20
4.864000000000000000e+04 3.942285425940111947e-20
4.915200000000000000e+04 3.942285425940111947e-20
4.966400000000000000e+04 2.347590376855502092e-20
5.017600000000000000e+04 2.347590376855502092e-20
5.068800000000000000e+04 2.347590376855502092e-20
5.120000000000000000e+04 1.269270626587032526e-20
5.171200000000000000e+04 1.269270626587032526e-20
5.222400000000000000e+04 1.030274120194276897e-20
5.273600000000000000e+04 6.925590336029246597e-22
5.324800000000000000e+04 6.925590336029246597e-22
5.376000000000000000e+04 6.925590336029246597e-22
5.427200000000000000e+04 6.925590336029246597e-22
5.478400000000000000e+04 6.779308038734623561e-22
5.529600000000000000e+04 6.779308038734623561e-22
5.580800000000000000e+04 6.333400355002115180e-22
5.632000000000000000e+04 7.570584804149402391e-23
5.683200000000000000e+04 7.570584804149402391e-23
5.734400000000000000e+04 8.442200035559527851e-24
5.785600000000000000e+04 1.155708463130366484e-24
5.836800000000000000e+04 1.155708463130366484e-24
5.888000000000000000e+04 1.155708463130366484e-24
5.939200000000000000e+04 1.155708463130366484e-24
5.990400000000000000e+04 1.155708463130366484e-24
6.041600000000000000e+04 9.041344368956198781e-26
6.092800000000000000e+04 9.041344368956198781e-26
6.144000000000000000e+04 9.041344368956198781e-26
6.195200000000000000e+04 9.041344368956198781e-26
6.246400000000000000e+04 9.041344368956198781e-26
6.297600000000000000e+04 9.041344368956198781e-26
6.348800000000000000e+04 7.058518039636922512e-26
6.400000000000000000e+04 7.058518039636922512e-26
6.451200000000000000e+04 4.823020810062322902e-26
6.502400000000000000e+04 4.823020810062322902e-26
6.553600000000000000e+04 4.823020810062322902e-26
6.604800000000000000e+04 2.013902624921614598e-26
6.656000000000000000e+04 2.013902624921614598e-26
6.707200000000000000e+04 1.022900340186585356e-26
6.758400000000000000e+04 1.022900340186585356e-26
6.809600000000000000e+04 3.305105591896437150e-27
6.860800000000000000e+04 6.969647165168780918e-28
6.912000000000000000e+04 6.969647165168780918e-28
6.963200000000000000e+04 1.712885279736762070e-28
7.014400000000000000e+04 1.712885279736762070e-28
7.065600000000000000e+04 1.712885279736762070e-28
7.116800000000000000e+04 1.712885279736762070e-28
7.168000000000000000e+04 1.712885279736762070e-28
7.219200000000000000e+04 3.641915407322768354e-29
7.270400000000000000e+04 3.641915407322768354e-29
7.321600000000000000e+04 3.641915407322768354e-29
7.372800000000000000e+04 3.641915407322768354e-29
7.424000000000000000e+04 3.641915407322768354e-29
7.475200000000000000e+04 2.963079276050428468e-30
7.526400000000000000e+04 1.945482343708465744e-31
7.577600000000000000e+04 1.945482343708465744e-31
7.628800000000000000e+04 1.945482343708465744e-31
7.680000000000000000e+04 1.945482343708465744e-31
7.731200000000000000e+04 1.945482343708465744e-31
7.782400000000000000e+04 1.945482343708465744e-31
7.833600000000000000e+04 1.945482343708465744e-31
7.884800000000000000e+04 1.945482343708465744e-31
7.936000000000000000e+04 1.945482343708465744e-31
7.987200000000000000e+04 1.945482343708465744e-31
8.038400000000000000e+04 1.945482343708465744e-31
8.089600000000000000e+04 1.945482343708465744e-31
8.140800000000000000e+04 1.013071410735312063e-31
8.192000000000000000e+04 1.013071410735312063e-31
8.243200000000000000e+04 1.013071410735312063e-31
8.294400000000000000e+04 1.760664730483022855e-32
8.345600000000000000e+04 1.760664730483022855e-32
8.396800000000000000e+04 1.760664730483022855e-32
8.448000000000000000e+04 1.000982413367731861e-32
8.499200000000000000e+04 1.000982413367731861e-32
8.550400000000000000e+04 7.389819571244087590e-34
8.601600000000000000e+04 7.389819571244087590e-34
8.652800000000000000e+04 7.389819571244087590e-34
8.704000000000000000e+04 7.389819571244087590e-34
8.755200000000000000e+04 2.159307856738258573e-35
8.806400000000000000e+04 2.159307856738258573e-35
8.857600000000000000e+04 2.159307856738258573e-35
8.908800000000000000e+04 2.159307856738258573e-35
8.960000000000000000e+04 2.159307856738258573e-35
9.011200000000000000e+04 2.159307856738258573e-35
9.062400000000000000e+04 1.043391113116453922e-35
9.113600000000000000e+04 1.043391113116453922e-35
9.164800000000000000e+04 2.311418923964871808e-36
9.216000000000000000e+04 2.311418923964871808e-36
9.267200000000000000e+04 2.311418923964871808e-36
9.318400000000000000e+04 1.924838919020973115e-36
9.369600000000000000e+04 1.917499756361698967e-36
9.420800000000000000e+04 1.431039134532129599e-36
9.472000000000000000e+04 9.788965468427846221e-37
9.523200000000000000e+04 9.788965468427846221e-37
9.574400000000000000e+04 5.137918393506463182e-37
9.625600000000000000e+04 3.191050128516733097e-37
9.676800000000000000e+04 3.191050128516733097e-37
9.728000000000000000e+04 2.526372388784596748e-37
9.779200000000000000e+04 1.330418328155493355e-38
9.830400000000000000e+04 1.330418328155493355e-38
9.881600000000000000e+04 8.935842764924854078e-39
9.932800000000000000e+04 8.935842764924854078e-39
9.984000000000000000e+04 8.935842764924854078e-39
1.003520000000000000e+05 8.935842764924854078e-39
