5.120000000000000000e+02 7.705050597240668993e-03
1.024000000000000000e+03 7.705050597240668993e-03
1.536000000000000000e+03 7.705050597240668993e-03
2.048000000000000000e+03 7.705050597240668993e-03
2.560000000000000000e+03 7.705050597240668993e-03
3.072000000000000000e+03 7.705050597240668993e-03
3.584000000000000000e+03 1.202365168075521761e-03
4.096000000000000000e+03 1.202365168075521761e-03
4.608000000000000000e+03 1.202365168075521761e-03
5.120000000000000000e+03 1.202365168075521761e-03
5.632000000000000000e+03 1.202365168075521761e-03
6.144000000000000000e+03 1.202365168075521761e-03
6.656000000000000000e+03 7.708925043156642800e-05
7.168000000000000000e+03 7.708925043156642800e-05
7.680000000000000000e+03 7.708925043156642800e-05
8.192000000000000000e+03 6.610412308390400645e-05
8.704000000000000000e+03 6.610412308390400645e-05
9.216000000000000000e+03 6.610412308390400645e-05
9.728000000000000000e+03 1.083838426186300951e-05
1.024000000000000000e+04 1.083838426186300951e-05
1.075200000000000000e+04 1.083838426186300951e-05
1.126400000000000000e+04 2.572762512726154275e-07
1.177600000000000000e+04 2.572762512726154275e-07
1.228800000000000000e+04 2.572762512726154275e-07
1.280000000000000000e+04 2.572762512726154275e-07
1.331200000000000000e+04 2.572762512726154275e-07
1.382400000000000000e+04 2.572762512726154275e-07
1.433600000000000000e+04 2.572762512726154275e-07
1.484800000000000000e+04 2.572762512726154275e-07
1.536000000000000000e+04 2.572762512726154275e-07
1.587200000000000000e+04 2.388281757452954749e-07
1.638400000000000000e+04 2.461237947919592700e-08
1.689600000000000000e+04 2.461237947919592700e-08
1.740800000000000000e+04 2.461237947919592700e-08
1.792000000000000000e+04 2.461237947919592700e-08
1.843200000000000000e+04 2.461237947919592700e-08
1.894400000000000000e+04 2.461237947919592700e-08
1.945600000000000000e+04 1.393832915828076317e-08
1.996800000000000000e+04 5.776925692161771035e-09
2.048000000000000000e+04 5.776925692161771035e-09
2.099200000000000000e+04 2.363219246683393900e-09
2.150400000000000000e+04 1.279669938501485319e-09
2.201600000000000000e+04 7.542456137027318844e-10
2.252800000000000000e+04 7.542456137027318844e-10
2.304000000000000000e+04 7.542456137027318844e-10
2.355200000000000000e+04 7.542456137027318844e-10
2.406400000000000000e+04 4.085605210976756251e-10
2.457600000000000000e+04 3.532304819582679997e-10
2.508800000000000000e+04 6.047614772027802579e-11
2.560000000000000000e+04 6.047614772027802579e-11
2.611200000000000000e+04 5.882704800638311317e-13
2.662400000000000000e+04 5.882704800638311317e-13
2.713600000000000000e+04 5.882704800638311317e-13
2.764800000000000000e+04 1.835287712719343661e-13
2.816000000000000000e+04 1.835287712719343661e-13
2.867200000000000000e+04 1.835287712719343661e-13
2.918400000000000000e+04 1.835287712719343661e-13
2.969600000000000000e+04 1.835287712719343661e-13
3.020800000000000000e+04 1.835287712719343661e-13
3.072000000000000000e+04 1.835287712719343661e-13
3.123200000000000000e+04 1.835287712719343661e-13
3.174400000000000000e+04 1.835287712719343661e-13
3.225600000000000000e+04 1.835287712719343661e-13
3.276800000000000000e+04 1.835287712719343661e-13
3.328000000000000000e+04 1.835287712719343661e-13
3.379200000000000000e+04 1.835287712719343661e-13
3.430400000000000000e+04 1.835287712719343661e-13
3.481600000000000000e+04 3.107083011740166497e-14
3.532800000000000000e+04 1.068575308814751042e-15
3.584000000000000000e+04 1.068575308814751042e-15
3.635200000000000000e+04 1.068575308814751042e-15
3.686400000000000000e+04 1.068575308814751042e-15
3.737600000000000000e+04 1.068575308814751042e-15
3.788800000000000000e+04 1.068575308814751042e-15
3.840000000000000000e+04 1.000281721301502994e-15
3.891200000000000000e+04 1.000281721301502994e-15
3.942400000000000000e+04 6.412866211945547196e-17
3.993600000000000000e+04 6.412866211945547196e-17
4.044800000000000000e+04 2.401785369336546748e-17
4.096000000000000000e+04 2.401785369336546748e-17
4.147200000000000000e+04 2.357998396776161928e-17
4.198400000000000000e+04 2.357998396776161928e-17
4.249600000000000000e+04 2.179121878101451150e-17
4.300800000000000000e+04 2.179121878101451150e-17
4.352000000000000000e+04 2.179121878101451150e-17
4.403200000000000000e+04 2.179121878101451150e-17
4.454400000000000000e+04 5.570365075439707622e-18
4.505600000000000000e+04 5.570365075439707622e-18
4.556800000000000000e+04 1.433187500347135242e-19
4.608000000000000000e+04 1.433187500347135242e-19
4.659200000000000000e+04 1.433187500347135242e-19
4.710400000000000000e+04 1.433187500347135242e-19
4.761600000000000000e+04 1.433187500347135242e-19
4.812800000000000000e+04 1.433187500347135242e-19
4.864000000000000000e+04 1.433187500347135242e-19
4.915200000000000000e+04 4.609310893901256659e-20
4.966400000000000000e+04 4.609310893901256659e-20
5.017600000000000000e+04 4.609310893901256659e-20
5.068800000000000000e+04 3.165819705514006920e-20
5.120000000000000000e+04 3.165819705514006920e-20
5.171200000000000000e+04 3.165819705514006920e-20
5.222400000000000000e+04 5.535232760430884505e-21
5.273600000000000000e+04 5.535232760430884505e-21
5.324800000000000000e+04 5.535232760430884505e-21
5.376000000000000000e+04 5.535232760430884505e-21
5.427200000000000000e+04 8.120467235179862896e-22
5.478400000000000000e+04 8.120467235179862896e-22
5.529600000000000000e+04 8.120467235179862896e-22
5.580800000000000000e+04 4.187493856139510216e-22
5.632000000000000000e+04 4.187493856139510216e-22
5.683200000000000000e+04 4.187493856139510216e-22
5.734400000000000000e+04 1.048175621625429023e-22
5.785600000000000000e+04 1.048175621625429023e-22
5.836800000000000000e+04 1.048175621625429023e-22
5.888000000000000000e+04 3.556479926214593916e-23
5.939200000000000000e+04 4.542794972984279996e-24
5.990400000000000000e+04 4.542794972984279996e-24
6.041600000000000000e+04 4.542794972984279996e-24
6.092800000000000000e+04 4.542794972984279996e-24
6.144000000000000000e+04 4.542794972984279996e-24
6.195200000000000000e+04 2.406620861713571080e-24
6.246400000000000000e+04 1.694115230462983206e-25
6.297600000000000000e+04 1.694115230462983206e-25
6.348800000000000000e+04 1.694115230462983206e-25
6.400000000000000000e+04 1.694115230462983206e-25
6.451200000000000000e+04 1.694115230462983206e-25
6.502400000000000000e+04 1.694115230462983206e-25
6.553600000000000000e+04 1.694115230462983206e-25
6.604800000000000000e+04 1.694115230462983206e-25
6.656000000000000000e+04 1.694115230462983206e-25
6.707200000000000000e+04 3.084738190097039507e-26
6.758400000000000000e+04 3.084738190097039507e-26
6.809600000000000000e+04 2.740316699703221377e-26
6.860800000000000000e+04 2.740316699703221377e-26
6.912000000000000000e+04 2.139407339678396560e-26
6.963200000000000000e+04 1.621618075344678907e-26
7.014400000000000000e+04 1.621618075344678907e-26
7.065600000000000000e+04 8.730629023581003215e-28
7.116800000000000000e+04 8.730629023581003215e-28
7.168000000000000000e+04 8.730629023581003215e-28
7.219200000000000000e+04 8.730629023581003215e-28
7.270400000000000000e+04 8.730629023581003215e-28
7.321600000000000000e+04 8.730629023581003215e-28
7.372800000000000000e+04 8.147705845769161580e-28
7.424000000000000000e+04 2.406275199536105416e-28
7.475200000000000000e+04 2.406275199536105416e-28
7.526400000000000000e+04 1.492983568045088713e-28
7.577600000000000000e+04 1.759813205572843819e-29
7.628800000000000000e+04 1.759813205572843819e-29
7.680000000000000000e+04 1.759813205572843819e-29
7.731200000000000000e+04 6.786233955613154415e-30
7.782400000000000000e+04 2.241334614626019786e-30
7.833600000000000000e+04 2.241334614626019786e-30
7.884800000000000000e+04 2.241334614626019786e-30
7.936000000000000000e+04 2.241334614626019786e-30
7.987200000000000000e+04 2.241334614626019786e-30
8.038400000000000000e+04 1.264624300791274272e-30
8.089600000000000000e+04 1.264624300791274272e-30
8.140800000000000000e+04 2.781155398787278432e-31
8.192000000000000000e+04 2.781155398787278432e-31
8.243200000000000000e+04 2.781155398787278432e-31
8.294400000000000000e+04 2.334929875747012721e-31
8.345600000000000000e+04 2.400905883490757757e-33
8.396800000000000000e+04 2.400905883490757757e-33
8.448000000000000000e+04 2.400905883490757757e-33
8.499200000000000000e+04 2.400905883490757757e-33
8.550400000000000000e+04 2.400905883490757757e-33
8.601600000000000000e+04 2.400905883490757757e-33
8.652800000000000000e+04 2.400905883490757757e-33
8.704000000000000000e+04 2.400905883490757757e-33
8.755200000000000000e+04 2.400905883490757757e-33
8.806400000000000000e+04 1.542435695420352121e-33
8.857600000000000000e+04 1.542435695420352121e-33
8.908800000000000000e+04 1.542435695420352121e-33
8.960000000000000000e+04 8.644521765056261118e-34
9.011200000000000000e+04 2.896815739018642538e-34
9.062400000000000000e+04 4.230673262433542063e-38
9.113600000000000000e+04 4.230673262433542063e-38
9.164800000000000000e+04 4.230673262433542063e-38
9.216000000000000000e+04 4.230673262433542063e-38
9.267200000000000000e+04 4.230673262433542063e-38
9.318400000000000000e+04 4.230673262433542063e-38
9.369600000000000000e+04 4.230673262433542063e-38
9.420800000000000000e+04 4.230673262433542063e-38
9.472000000000000000e+04 4.230673262433542063e-38
9.523200000000000000e+04 4.230673262433542063e-38
9.574400000000000000e+04 4.230673262433542063e-38
9.625600000000000000e+04 4.230673262433542063e-38
9.676800000000000000e+04 4.230673262433542063e-38
9.728000000000000000e+04 4.230673262433542063e-38
9.779200000000000000e+04 4.230673262433542063e-38
9.830400000000000000e+04 2.110219353598819983e-38
9.881600000000000000e+04 2.110219353598819983e-38
9.932800000000000000e+04 2.110219353598819983e-38
9.984000000000000000e+04 2.110219353598819983e-38
1.003520000000000000e+05 6.273950061927405540e-40
