5.120000000000000000e+02 2.369333995758843986e-02
1.024000000000000000e+03 2.369333995758843986e-02
1.536000000000000000e+03 1.439330499871892613e-02
2.048000000000000000e+03 1.439330499871892613e-02
2.560000000000000000e+03 1.439330499871892613e-02
3.072000000000000000e+03 1.439330499871892613e-02
3.584000000000000000e+03 8.547893147169473640e-03
4.096000000000000000e+03 8.547893147169473640e-03
4.608000000000000000e+03 2.131628063840894805e-03
5.120000000000000000e+03 4.137077983962511043e-04
5.632000000000000000e+03 4.137077983962511043e-04
6.144000000000000000e+03 4.137077983962511043e-04
6.656000000000000000e+03 4.137077983962511043e-04
7.168000000000000000e+03 4.137077983962511043e-04
7.680000000000000000e+03 2.936668232270349789e-04
8.192000000000000000e+03 2.936668232270349789e-04
8.704000000000000000e+03 2.936668232270349789e-04
9.216000000000000000e+03 1.399629360185811650e-05
9.728000000000000000e+03 1.399629360185811650e-05
1.024000000000000000e+04 5.807701083928883550e-06
1.075200000000000000e+04 1.358165919557908955e-06
1.126400000000000000e+04 1.358165919557908955e-06
1.177600000000000000e+04 1.358165919557908955e-06
1.228800000000000000e+04 1.358165919557908955e-06
1.280000000000000000e+04 1.358165919557908955e-06
1.331200000000000000e+04 1.358165919557908955e-06
1.382400000000000000e+04 4.591871475126031091e-07
1.433600000000000000e+04 4.591871475126031091e-07
1.484800000000000000e+04 4.591871475126031091e-07
1.536000000000000000e+04 4.591871475126031091e-07
1.587200000000000000e+04 1.276235241850941151e-07
1.638400000000000000e+04 1.276235241850941151e-07
1.689600000000000000e+04 7.212682462199829426e-08
1.740800000000000000e+04 7.212682462199829426e-08
1.792000000000000000e+04 7.212682462199829426e-08
1.843200000000000000e+04 1.870744641220041778e-08
1.894400000000000000e+04 1.870744641220041778e-08
1.945600000000000000e+04 1.310418040171522585e-08
1.996800000000000000e+04 4.156286592831225653e-09
2.048000000000000000e+04 4.156286592831225653e-09
2.099200000000000000e+04 4.156286592831225653e-09
2.150400000000000000e+04 3.172376395217789136e-09
2.201600000000000000e+04 1.197165388079741827e-09
2.252800000000000000e+04 2.575525879535770469e-10
2.304000000000000000e+04 2.575525879535770469e-10
2.355200000000000000e+04 2.575525879535770469e-10
2.406400000000000000e+04 2.575525879535770469e-10
2.457600000000000000e+04 1.363574041984589906e-10
2.508800000000000000e+04 1.363574041984589906e-10
2.560000000000000000e+04 4.837715878502163959e-11
2.611200000000000000e+04 2.823007927591716416e-13
2.662400000000000000e+04 2.823007927591716416e-13
2.713600000000000000e+04 2.823007927591716416e-13
2.764800000000000000e+04 2.823007927591716416e-13
2.816000000000000000e+04 2.823007927591716416e-13
2.867200000000000000e+04 2.823007927591716416e-13
2.918400000000000000e+04 2.823007927591716416e-13
2.969600000000000000e+04 2.823007927591716416e-13
3.020800000000000000e+04 2.823007927591716416e-13
3.072000000000000000e+04 2.823007927591716416e-13
3.123200000000000000e+04 2.823007927591716416e-13
3.174400000000000000e+04 2.823007927591716416e-13
3.225600000000000000e+04 2.654884497189413629e-14
3.276800000000000000e+04 2.654884497189413629e-14
3.328000000000000000e+04 2.654884497189413629e-14
3.379200000000000000e+04 2.654884497189413629e-14
3.430400000000000000e+04 1.290517717056343849e-14
3.481600000000000000e+04 1.259496862527140353e-14
3.532800000000000000e+04 1.259496862527140353e-14
3.584000000000000000e+04 1.259496862527140353e-14
3.635200000000000000e+04 2.421417867985273505e-15
3.686400000000000000e+04 1.588022203700241873e-16
3.737600000000000000e+04 1.588022203700241873e-16
3.788800000000000000e+04 1.588022203700241873e-16
3.840000000000000000e+04 1.588022203700241873e-16
3.891200000000000000e+04 1.588022203700241873e-16
3.942400000000000000e+04 1.588022203700241873e-16
3.993600000000000000e+04 3.346073295116527013e-17
4.044800000000000000e+04 3.346073295116527013e-17
4.096000000000000000e+04 3.346073295116527013e-17
4.147200000000000000e+04 3.346073295116527013e-17
4.198400000000000000e+04 5.000668591790012842e-18
4.249600000000000000e+04 5.000668591790012842e-18
4.300800000000000000e+04 5.000668591790012842e-18
4.352000000000000000e+04 5.571436009207523260e-19
4.403200000000000000e+04 5.571436009207523260e-19
4.454400000000000000e+04 5.571436009207523260e-19
4.505600000000000000e+04 5.571436009207523260e-19
4.556800000000000000e+04 5.571436009207523260e-19
4.608000000000000000e+04 5.571436009207523260e-19
4.659200000000000000e+04 5.571436009207523260e-19
4.710400000000000000e+04 5.844426714494181492e-20
4.761600000000000000e+04 5.844426714494181492e-20
4.812800000000000000e+04 5.844426714494181492e-20
4.864000000000000000e+04 1.180053289586204993e-20
4.915200000000000000e+04 1.180053289586204993e-20
4.966400000000000000e+04 1.180053289586204993e-20
5.017600000000000000e+04 1.180053289586204993e-20
5.068800000000000000e+04 5.727730043569497476e-21
5.120000000000000000e+04 5.727730043569497476e-21
5.171200000000000000e+04 5.727730043569497476e-21
5.222400000000000000e+04 5.696416079435427931e-21
5.273600000000000000e+04 4.287004867298257461e-21
5.324800000000000000e+04 2.453830983214210826e-22
5.376000000000000000e+04 2.453830983214210826e-22
5.427200000000000000e+04 2.453830983214210826e-22
5.478400000000000000e+04 2.453830983214210826e-22
5.529600000000000000e+04 9.939113281475086154e-23
5.580800000000000000e+04 9.939113281475086154e-23
5.632000000000000000e+04 5.593883556005429541e-23
5.683200000000000000e+04 5.593883556005429541e-23
5.734400000000000000e+04 5.593883556005429541e-23
5.785600000000000000e+04 5.593883556005429541e-23
5.836800000000000000e+04 5.593883556005429541e-23
5.888000000000000000e+04 1.149684220629339577e-23
5.939200000000000000e+04 1.149684220629339577e-23
5.990400000000000000e+04 9.962035631970143619e-24
6.041600000000000000e+04 2.603529989464244944e-24
6.092800000000000000e+04 2.603529989464244944e-24
6.144000000000000000e+04 4.879597924958079953e-25
6.195200000000000000e+04 4.879597924958079953e-25
6.246400000000000000e+04 1.221433200281985027e-25
6.297600000000000000e+04 1.221433200281985027e-25
6.348800000000000000e+04 1.221433200281985027e-25
6.400000000000000000e+04 1.221433200281985027e-25
6.451200000000000000e+04 1.221433200281985027e-25
6.502400000000000000e+04 9.709950937923359135e-27
6.553600000000000000e+04 9.709950937923359135e-27
6.604800000000000000e+04 9.709950937923359135e-27
6.656000000000000000e+04 9.709950937923359135e-27
6.707200000000000000e+04 9.709950937923359135e-27
6.758400000000000000e+04 8.835144239104353360e-27
6.809600000000000000e+04 8.835144239104353360e-27
6.860800000000000000e+04 8.835144239104353360e-27
6.912000000000000000e+04 5.770931813295437753e-27
6.963200000000000000e+04 3.391156411709145879e-27
7.014400000000000000e+04 2.709062010286897544e-27
7.065600000000000000e+04 7.178801773625632259e-28
7.116800000000000000e+04 3.712003829683544500e-28
7.168000000000000000e+04 5.757058439417188778e-29
7.219200000000000000e+04 5.757058439417188778e-29
7.270400000000000000e+04 5.757058439417188778e-29
7.321600000000000000e+04 3.144855000108938161e-29
7.372800000000000000e+04 3.144855000108938161e-29
7.424000000000000000e+04 3.144855000108938161e-29
7.475200000000000000e+04 3.144855000108938161e-29
7.526400000000000000e+04 2.916821975423346896e-31
7.577600000000000000e+04 2.916821975423346896e-31
7.628800000000000000e+04 2.916821975423346896e-31
7.680000000000000000e+04 2.916821975423346896e-31
7.731200000000000000e+04 2.916821975423346896e-31
7.782400000000000000e+04 2.916821975423346896e-31
7.833600000000000000e+04 2.916821975423346896e-31
7.884800000000000000e+04 2.916821975423346896e-31
7.936000000000000000e+04 2.916821975423346896e-31
7.987200000000000000e+04 2.916821975423346896e-31
8.038400000000000000e+04 2.082966733213765938e-31
8.089600000000000000e+04 2.026025736560844873e-31
8.140800000000000000e+04 1.502749795311539858e-31
8.192000000000000000e+04 6.083379099216923083e-32
8.243200000000000000e+04 2.898819039515692530e-32
8.294400000000000000e+04 2.898819039515692530e-32
8.345600000000000000e+04 7.189543706583973540e-33
8.396800000000000000e+04 4.270477702740229271e-33
8.448000000000000000e+04 4.270477702740229271e-33
8.499200000000000000e+04 4.270477702740229271e-33
8.550400000000000000e+04 4.270477702740229271e-33
8.601600000000000000e+04 1.897032906387066384e-33
8.652800000000000000e+04 1.897032906387066384e-33
8.704000000000000000e+04 1.010515651943016723e-33
8.755200000000000000e+04 5.139183906783416793e-34
8.806400000000000000e+04 5.139183906783416793e-34
8.857600000000000000e+04 5.139183906783416793e-34
8.908800000000000000e+04 1.077890973675553421e-34
8.960000000000000000e+04 1.077890973675553421e-34
9.011200000000000000e+04 6.403640946751573172e-35
9.062400000000000000e+04 1.319194745133892745e-35
9.113600000000000000e+04 1.319194745133892745e-35
9.164800000000000000e+04 1.319194745133892745e-35
9.216000000000000000e+04 6.343390530685442334e-36
9.267200000000000000e+04 6.343390530685442334e-36
9.318400000000000000e+04 3.851590566178980307e-37
9.369600000000000000e+04 3.851590566178980307e-37
9.420800000000000000e+04 3.851590566178980307e-37
9.472000000000000000e+04 3.851590566178980307e-37
9.523200000000000000e+04 3.851590566178980307e-37
9.574400000000000000e+04 3.851590566178980307e-37
9.625600000000000000e+04 3.851590566178980307e-37
9.676800000000000000e+04 1.375638950294444602e-37
9.728000000000000000e+04 1.375638950294444602e-37
9.779200000000000000e+04 1.375638950294444602e-37
9.830400000000000000e+04 1.159283998978819019e-38
9.881600000000000000e+04 1.159283998978819019e-38
9.932800000000000000e+04 1.159283998978819019e-38
9.984000000000000000e+04 1.159283998978819019e-38
1.003520000000000000e+05 8.372706502340973028e-39
