5.120000000000000000e+02 1.654518903033883603e-01
1.024000000000000000e+03 1.654518903033883603e-01
1.536000000000000000e+03 1.143649164297640408e-01
2.048000000000000000e+03 3.890753873349017938e-03
2.560000000000000000e+03 3.890753873349017938e-03
3.072000000000000000e+03 3.890753873349017938e-03
3.584000000000000000e+03 3.890753873349017938e-03
4.096000000000000000e+03 3.890753873349017938e-03
4.608000000000000000e+03 1.262817100181587047e-03
5.120000000000000000e+03 1.262817100181587047e-03
5.632000000000000000e+03 7.037117772321787755e-04
6.144000000000000000e+03 4.544513366688141681e-04
6.656000000000000000e+03 4.544513366688141681e-04
7.168000000000000000e+03 4.544513366688141681e-04
7.680000000000000000e+03 1.388196694728308371e-04
8.192000000000000000e+03 3.685693087232239475e-05
8.704000000000000000e+03 3.685693087232239475e-05
9.216000000000000000e+03 3.685693087232239475e-05
9.728000000000000000e+03 1.623747299161655352e-05
1.024000000000000000e+04 1.623747299161655352e-05
1.075200000000000000e+04 1.623747299161655352e-05
1.126400000000000000e+04 1.623747299161655352e-05
1.177600000000000000e+04 9.855352522157288141e-06
1.228800000000000000e+04 9.132184700040933266e-06
1.280000000000000000e+04 6.656656527698133554e-07
1.331200000000000000e+04 8.800713069660185154e-08
1.382400000000000000e+04 8.800713069660185154e-08
1.433600000000000000e+04 8.800713069660185154e-08
1.484800000000000000e+04 8.800713069660185154e-08
1.536000000000000000e+04 8.800713069660185154e-08
1.587200000000000000e+04 6.445848760835888886e-08
1.638400000000000000e+04 6.445848760835888886e-08
1.689600000000000000e+04 2.653352866926769075e-08
1.740800000000000000e+04 2.653352866926769075e-08
1.792000000000000000e+04 1.329125490939829035e-08
1.843200000000000000e+04 1.329125490939829035e-08
1.894400000000000000e+04 1.329125490939829035e-08
1.945600000000000000e+04 1.261329587717262771e-08
1.996800000000000000e+04 8.326543429842065011e-09
2.048000000000000000e+04 8.326543429842065011e-09
2.099200000000000000e+04 1.772289340084085437e-09
2.150400000000000000e+04 1.772289340084085437e-09
2.201600000000000000e+04 1.772289340084085437e-09
2.252800000000000000e+04 3.653862498903702488e-11
2.304000000000000000e+04 3.653862498903702488e-11
2.355200000000000000e+04 3.653862498903702488e-11
2.406400000000000000e+04 3.653862498903702488e-11
2.457600000000000000e+04 3.653862498903702488e-11
2.508800000000000000e+04 3.653862498903702488e-11
2.560000000000000000e+04 2.168556480834864374e-11
2.611200000000000000e+04 2.168556480834864374e-11
2.662400000000000000e+04 2.168556480834864374e-11
2.713600000000000000e+04 2.168556480834864374e-11
2.764800000000000000e+04 1.412258952054140768e-11
2.816000000000000000e+04 5.816156305451656625e-12
2.867200000000000000e+04 5.352494791572538002e-12
2.918400000000000000e+04 1.498786677116880262e-13
2.969600000000000000e+04 1.498786677116880262e-13
3.020800000000000000e+04 1.498786677116880262e-13
3.072000000000000000e+04 1.498786677116880262e-13
3.123200000000000000e+04 1.498786677116880262e-13
3.174400000000000000e+04 1.498786677116880262e-13
3.225600000000000000e+04 7.582904914948758080e-14
3.276800000000000000e+04 7.582904914948758080e-14
3.328000000000000000e+04 7.582904914948758080e-14
3.379200000000000000e+04 2.019028932999179139e-15
3.430400000000000000e+04 2.019028932999179139e-15
3.481600000000000000e+04 2.019028932999179139e-15
3.532800000000000000e+04 2.019028932999179139e-15
3.584000000000000000e+04 2.019028932999179139e-15
3.635200000000000000e+04 2.019028932999179139e-15
3.686400000000000000e+04 1.490609719538184190e-16
3.737600000000000000e+04 1.490609719538184190e-16
3.788800000000000000e+04 1.490609719538184190e-16
3.840000000000000000e+04 8.890907273242759177e-17
3.891200000000000000e+04 8.890907273242759177e-17
3.942400000000000000e+04 8.890907273242759177e-17
3.993600000000000000e+04 8.890907273242759177e-17
4.044800000000000000e+04 5.324969875906497446e-17
4.096000000000000000e+04 5.324969875906497446e-17
4.147200000000000000e+04 5.324969875906497446e-17
4.198400000000000000e+04 5.324969875906497446e-17
4.249600000000000000e+04 3.124225053052845717e-17
4.300800000000000000e+04 3.124225053052845717e-17
4.352000000000000000e+04 2.235012401064688589e-17
4.403200000000000000e+04 1.144292780709273847e-18
4.454400000000000000e+04 1.144292780709273847e-18
4.505600000000000000e+04 1.144292780709273847e-18
4.556800000000000000e+04 1.144292780709273847e-18
4.608000000000000000e+04 9.507924730331221591e-19
4.659200000000000000e+04 9.507924730331221591e-19
4.710400000000000000e+04 9.507924730331221591e-19
4.761600000000000000e+04 9.507924730331221591e-19
4.812800000000000000e+04 4.263690310656591459e-20
4.864000000000000000e+04 4.263690310656591459e-20
4.915200000000000000e+04 4.263690310656591459e-20
4.966400000000000000e+04 4.263690310656591459e-20
5.017600000000000000e+04 4.263690310656591459e-20
5.068800000000000000e+04 2.523293523154397348e-20
5.120000000000000000e+04 1.404224476939242255e-20
5.171200000000000000e+04 1.049705913611436664e-20
5.222400000000000000e+04 6.068343968512478927e-21
5.273600000000000000e+04 9.337012730947466617e-22
5.324800000000000000e+04 9.337012730947466617e-22
5.376000000000000000e+04 9.337012730947466617e-22
5.427200000000000000e+04 9.337012730947466617e-22
5.478400000000000000e+04 4.335326295588913305e-22
5.529600000000000000e+04 4.335326295588913305e-22
5.580800000000000000e+04 4.335326295588913305e-22
5.632000000000000000e+04 4.224475268344289805e-23
5.683200000000000000e+04 2.489320176488584488e-23
5.734400000000000000e+04 2.489320176488584488e-23
5.785600000000000000e+04 2.489320176488584488e-23
5.836800000000000000e+04 2.489320176488584488e-23
5.888000000000000000e+04 2.489320176488584488e-23
5.939200000000000000e+04 1.359408021870388856e-23
5.990400000000000000e+04 1.168644124022559917e-23
6.041600000000000000e+04 1.168644124022559917e-23
6.092800000000000000e+04 1.072710376506583959e-23
6.144000000000000000e+04 5.047214538154053209e-24
6.195200000000000000e+04 5.047214538154053209e-24
6.246400000000000000e+04 3.143577344477466332e-27
6.297600000000000000e+04 3.143577344477466332e-27
6.348800000000000000e+04 3.143577344477466332e-27
6.400000000000000000e+04 3.143577344477466332e-27
6.451200000000000000e+04 3.143577344477466332e-27
6.502400000000000000e+04 3.143577344477466332e-27
6.553600000000000000e+04 3.143577344477466332e-27
6.604800000000000000e+04 3.143577344477466332e-27
6.656000000000000000e+04 3.143577344477466332e-27
6.707200000000000000e+04 3.143577344477466332e-27
6.758400000000000000e+04 3.143577344477466332e-27
6.809600000000000000e+04 3.143577344477466332e-27
6.860800000000000000e+04 3.143577344477466332e-27
6.912000000000000000e+04 4.464261937594941140e-28
6.963200000000000000e+04 4.464261937594941140e-28
7.014400000000000000e+04 4.464261937594941140e-28
7.065600000000000000e+04 4.464261937594941140e-28
7.116800000000000000e+04 4.464261937594941140e-28
7.168000000000000000e+04 1.677506766093867106e-28
7.219200000000000000e+04 1.677506766093867106e-28
7.270400000000000000e+04 1.677506766093867106e-28
7.321600000000000000e+04 1.677506766093867106e-28
7.372800000000000000e+04 1.677506766093867106e-28
7.424000000000000000e+04 3.228775493080476207e-29
7.475200000000000000e+04 2.094217878756432276e-29
7.526400000000000000e+04 1.788234142735576718e-29
7.577600000000000000e+04 9.395424313514245549e-30
7.628800000000000000e+04 9.395424313514245549e-30
7.680000000000000000e+04 1.721164609199478583e-31
7.731200000000000000e+04 1.721164609199478583e-31
7.782400000000000000e+04 1.721164609199478583e-31
7.833600000000000000e+04 1.721164609199478583e-31
7.884800000000000000e+04 1.721164609199478583e-31
7.936000000000000000e+04 1.721164609199478583e-31
7.987200000000000000e+04 1.721164609199478583e-31
8.038400000000000000e+04 1.721164609199478583e-31
8.089600000000000000e+04 1.721164609199478583e-31
8.140800000000000000e+04 5.264783865774971866e-33
8.192000000000000000e+04 5.264783865774971866e-33
8.243200000000000000e+04 5.264783865774971866e-33
8.294400000000000000e+04 5.264783865774971866e-33
8.345600000000000000e+04 5.264783865774971866e-33
8.396800000000000000e+04 5.264783865774971866e-33
8.448000000000000000e+04 5.264783865774971866e-33
8.499200000000000000e+04 5.264783865774971866e-33
8.550400000000000000e+04 5.264783865774971866e-33
8.601600000000000000e+04 1.634419920573118509e-33
8.652800000000000000e+04 5.444509301816089744e-34
8.704000000000000000e+04 5.444509301816089744e-34
8.755200000000000000e+04 5.444509301816089744e-34
8.806400000000000000e+04 5.444509301816089744e-34
8.857600000000000000e+04 6.433649151408292587e-35
8.908800000000000000e+04 6.433649151408292587e-35
8.960000000000000000e+04 9.468035164533891788e-36
9.011200000000000000e+04 8.078608364091384500e-36
9.062400000000000000e+04 7.005618815181603550e-36
9.113600000000000000e+04 7.005618815181603550e-36
9.164800000000000000e+04 4.373482922309642215e-36
9.216000000000000000e+04 6.141601703577314993e-37
9.267200000000000000e+04 6.141601703577314993e-37
9.318400000000000000e+04 6.141601703577314993e-37
9.369600000000000000e+04 6.141601703577314993e-37
9.420800000000000000e+04 6.141601703577314993e-37
9.472000000000000000e+04 6.141601703577314993e-37
9.523200000000000000e+04 3.465049360883500884e-37
9.574400000000000000e+04 2.969858962911650505e-37
9.625600000000000000e+04 2.238241189267181327e-37
9.676800000000000000e+04 2.238241189267181327e-37
9.728000000000000000e+04 9.821149265957936474e-38
9.779200000000000000e+04 5.735997539765267858e-39
9.830400000000000000e+04 5.735997539765267858e-39
9.881600000000000000e+04 5.735997539765267858e-39
9.932800000000000000e+04 1.315308291236364352e-39
9.984000000000000000e+04 1.315308291236364352e-39
1.003520000000000000e+05 1.315308291236364352e-39
