5.120000000000000000e+02 1.860378166174835035e-02
1.024000000000000000e+03 1.860378166174835035e-02
1.536000000000000000e+03 1.860378166174835035e-02
2.048000000000000000e+03 1.860378166174835035e-02
2.560000000000000000e+03 4.792341107955511159e-03
3.072000000000000000e+03 4.792341107955511159e-03
3.584000000000000000e+03 4.792341107955511159e-03
4.096000000000000000e+03 1.078490149856898032e-03
4.608000000000000000e+03 1.078490149856898032e-03
5.120000000000000000e+03 1.078490149856898032e-03
5.632000000000000000e+03 8.277951468685839026e-04
6.144000000000000000e+03 8.277951468685839026e-04
6.656000000000000000e+03 8.277951468685839026e-04
7.168000000000000000e+03 8.277951468685839026e-04
7.680000000000000000e+03 5.695164777498280340e-04
8.192000000000000000e+03 1.392567284247865633e-04
8.704000000000000000e+03 4.203865055640242213e-05
9.216000000000000000e+03 4.203865055640242213e-05
9.728000000000000000e+03 4.203865055640242213e-05
1.024000000000000000e+04 5.062064396606836650e-06
1.075200000000000000e+04 5.062064396606836650e-06
1.126400000000000000e+04 5.062064396606836650e-06
1.177600000000000000e+04 5.062064396606836650e-06
1.228800000000000000e+04 5.062064396606836650e-06
1.280000000000000000e+04 6.879920929311427104e-07
1.331200000000000000e+04 6.879920929311427104e-07
1.382400000000000000e+04 4.917090453492139796e-07
1.433600000000000000e+04 4.917090453492139796e-07
1.484800000000000000e+04 4.917090453492139796e-07
1.536000000000000000e+04 4.917090453492139796e-07
1.587200000000000000e+04 4.917090453492139796e-07
1.638400000000000000e+04 4.917090453492139796e-07
1.689600000000000000e+04 1.307556434641460088e-07
1.740800000000000000e+04 1.307556434641460088e-07
1.792000000000000000e+04 2.759709693447983766e-08
1.843200000000000000e+04 2.759709693447983766e-08
1.894400000000000000e+04 1.060519174063578648e-08
1.945600000000000000e+04 1.060519174063578648e-08
1.996800000000000000e+04 1.060519174063578648e-08
2.048000000000000000e+04 1.060519174063578648e-08
2.099200000000000000e+04 1.060519174063578648e-08
2.150400000000000000e+04 1.140083961278386044e-09
2.201600000000000000e+04 6.135794573090298227e-10
2.252800000000000000e+04 3.609134283551087781e-10
2.304000000000000000e+04 3.609134283551087781e-10
2.355200000000000000e+04 3.609134283551087781e-10
2.406400000000000000e+04 3.301469769641571250e-10
2.457600000000000000e+04 3.301469769641571250e-10
2.508800000000000000e+04 8.402548656250336495e-11
2.560000000000000000e+04 2.086153551786390299e-11
2.611200000000000000e+04 2.086153551786390299e-11
2.662400000000000000e+04 1.265674358511574003e-11
2.713600000000000000e+04 1.265674358511574003e-11
2.764800000000000000e+04 8.019281468386343428e-12
2.816000000000000000e+04 4.682505361903834773e-12
2.867200000000000000e+04 4.682505361903834773e-12
2.918400000000000000e+04 4.682505361903834773e-12
2.969600000000000000e+04 7.354706056782918194e-13
3.020800000000000000e+04 7.354706056782918194e-13
3.072000000000000000e+04 7.354706056782918194e-13
3.123200000000000000e+04 2.843176195653636356e-13
3.174400000000000000e+04 2.843176195653636356e-13
3.225600000000000000e+04 2.232272929169794710e-13
3.276800000000000000e+04 2.232272929169794710e-13
3.328000000000000000e+04 2.232272929169794710e-13
3.379200000000000000e+04 2.132356853918639625e-13
3.430400000000000000e+04 2.132356853918639625e-13
3.481600000000000000e+04 7.648875792947720496e-14
3.532800000000000000e+04 5.073421237347676803e-14
3.584000000000000000e+04 4.298962971510148186e-15
3.635200000000000000e+04 3.917172017016926766e-16
3.686400000000000000e+04 3.917172017016926766e-16
3.737600000000000000e+04 3.917172017016926766e-16
3.788800000000000000e+04 3.917172017016926766e-16
3.840000000000000000e+04 3.917172017016926766e-16
3.891200000000000000e+04 3.917172017016926766e-16
3.942400000000000000e+04 1.410081869175640970e-17
3.993600000000000000e+04 1.410081869175640970e-17
4.044800000000000000e+04 1.410081869175640970e-17
4.096000000000000000e+04 1.410081869175640970e-17
4.147200000000000000e+04 5.331651061365021381e-18
4.198400000000000000e+04 5.331651061365021381e-18
4.249600000000000000e+04 5.331651061365021381e-18
4.300800000000000000e+04 5.331651061365021381e-18
4.352000000000000000e+04 5.331651061365021381e-18
4.403200000000000000e+04 5.331651061365021381e-18
4.454400000000000000e+04 5.331651061365021381e-18
4.505600000000000000e+04 4.625507038749253855e-18
4.556800000000000000e+04 4.625507038749253855e-18
4.608000000000000000e+04 4.360596516744896889e-18
4.659200000000000000e+04 4.360596516744896889e-18
4.710400000000000000e+04 5.987939259126731279e-19
4.761600000000000000e+04 5.987939259126731279e-19
4.812800000000000000e+04 2.730213079812955893e-19
4.864000000000000000e+04 2.730213079812955893e-19
4.915200000000000000e+04 9.529998914525037357e-20
4.966400000000000000e+04 9.529998914525037357e-20
5.017600000000000000e+04 9.529998914525037357e-20
5.068800000000000000e+04 6.244517855322597548e-20
5.120000000000000000e+04 2.616512107156163014e-20
5.171200000000000000e+04 2.616512107156163014e-20
5.222400000000000000e+04 1.911739255510219910e-20
5.273600000000000000e+04 1.911739255510219910e-20
5.324800000000000000e+04 1.650624492273729636e-20
5.376000000000000000e+04 1.793331553719541995e-21
5.427200000000000000e+04 1.793331553719541995e-21
5.478400000000000000e+04 1.339863591680494906e-22
5.529600000000000000e+04 1.339863591680494906e-22
5.580800000000000000e+04 1.339863591680494906e-22
5.632000000000000000e+04 1.339863591680494906e-22
5.683200000000000000e+04 1.339863591680494906e-22
5.734400000000000000e+04 1.339863591680494906e-22
5.785600000000000000e+04 1.339863591680494906e-22
5.836800000000000000e+04 1.001627045159209714e-22
5.888000000000000000e+04 6.857712059258928490e-23
5.939200000000000000e+04 1.744621510656964653e-23
5.990400000000000000e+04 1.744621510656964653e-23
6.041600000000000000e+04 1.744621510656964653e-23
6.092800000000000000e+04 2.207634617863754853e-24
6.144000000000000000e+04 2.207634617863754853e-24
6.195200000000000000e+04 1.848042472572175853e-24
6.246400000000000000e+04 1.848042472572175853e-24
6.297600000000000000e+04 1.751435559645497474e-24
6.348800000000000000e+04 1.751435559645497474e-24
6.400000000000000000e+04 2.645369396060843531e-25
6.451200000000000000e+04 2.645369396060843531e-25
6.502400000000000000e+04 2.645369396060843531e-25
6.553600000000000000e+04 1.489347061834217003e-25
6.604800000000000000e+04 7.814334043829615237e-27
6.656000000000000000e+04 7.814334043829615237e-27
6.707200000000000000e+04 7.814334043829615237e-27
6.758400000000000000e+04 7.814334043829615237e-27
6.809600000000000000e+04 7.814334043829615237e-27
6.860800000000000000e+04 7.814334043829615237e-27
6.912000000000000000e+04 7.814334043829615237e-27
6.963200000000000000e+04 6.641017378707000215e-27
7.014400000000000000e+04 4.989599928965361510e-27
7.065600000000000000e+04 2.152560415416922411e-27
7.116800000000000000e+04 4.923019993970578577e-29
7.168000000000000000e+04 4.923019993970578577e-29
7.219200000000000000e+04 4.923019993970578577e-29
7.270400000000000000e+04 4.923019993970578577e-29
7.321600000000000000e+04 4.923019993970578577e-29
7.372800000000000000e+04 4.923019993970578577e-29
7.424000000000000000e+04 4.923019993970578577e-29
7.475200000000000000e+04 4.923019993970578577e-29
7.526400000000000000e+04 4.923019993970578577e-29
7.577600000000000000e+04 1.330473975370472941e-29
7.628800000000000000e+04 1.330473975370472941e-29
7.680000000000000000e+04 1.330473975370472941e-29
7.731200000000000000e+04 1.330473975370472941e-29
7.782400000000000000e+04 1.330473975370472941e-29
7.833600000000000000e+04 4.135461182285636035e-30
7.884800000000000000e+04 4.135461182285636035e-30
7.936000000000000000e+04 9.511885545024386637e-31
7.987200000000000000e+04 9.511885545024386637e-31
8.038400000000000000e+04 1.480397643012061860e-31
8.089600000000000000e+04 1.480397643012061860e-31
8.140800000000000000e+04 1.480397643012061860e-31
8.192000000000000000e+04 4.717279386447866760e-32
8.243200000000000000e+04 4.717279386447866760e-32
8.294400000000000000e+04 4.717279386447866760e-32
8.345600000000000000e+04 2.198607611976151297e-32
8.396800000000000000e+04 2.198607611976151297e-32
8.448000000000000000e+04 1.248036635455201913e-32
8.499200000000000000e+04 1.248036635455201913e-32
8.550400000000000000e+04 8.482181614822658834e-33
8.601600000000000000e+04 8.482181614822658834e-33
8.652800000000000000e+04 8.472495193843117547e-33
8.704000000000000000e+04 3.756786440126227791e-33
8.755200000000000000e+04 8.330235867989060721e-34
8.806400000000000000e+04 5.232813741190359106e-34
8.857600000000000000e+04 5.232813741190359106e-34
8.908800000000000000e+04 7.318197497594922232e-35
8.960000000000000000e+04 7.318197497594922232e-35
9.011200000000000000e+04 7.318197497594922232e-35
9.062400000000000000e+04 7.318197497594922232e-35
9.113600000000000000e+04 7.095629295000525971e-35
9.164800000000000000e+04 1.791284304484971569e-35
9.216000000000000000e+04 1.791284304484971569e-35
9.267200000000000000e+04 1.791284304484971569e-35
9.318400000000000000e+04 5.242328602961797544e-36
9.369600000000000000e+04 2.865406914710643163e-37
9.420800000000000000e+04 2.865406914710643163e-37
9.472000000000000000e+04 2.865406914710643163e-37
9.523200000000000000e+04 7.377749317844556380e-38
9.574400000000000000e+04 7.377749317844556380e-38
9.625600000000000000e+04 7.377749317844556380e-38
9.676800000000000000e+04 7.377749317844556380e-38
9.728000000000000000e+04 7.377749317844556380e-38
9.779200000000000000e+04 7.377749317844556380e-38
9.830400000000000000e+04 7.377749317844556380e-38
9.881600000000000000e+04 5.901983305612905349e-38
9.932800000000000000e+04 9.041484631153403027e-39
9.984000000000000000e+04 9.041484631153403027e-39
1.003520000000000000e+05 9.041484631153403027e-39
