1.024000000000000000e+03 6.128068746697774849e-02
2.048000000000000000e+03 3.347001675226466549e-02
3.072000000000000000e+03 2.765544198896778202e-02
4.096000000000000000e+03 2.522466170277980896e-02
5.120000000000000000e+03 1.887667510790745976e-02
6.144000000000000000e+03 1.887667510790745976e-02
7.168000000000000000e+03 2.356618873484981821e-03
8.192000000000000000e+03 2.356618873484981821e-03
9.216000000000000000e+03 2.356618873484981821e-03
1.024000000000000000e+04 2.356618873484981821e-03
1.126400000000000000e+04 2.356618873484981821e-03
1.228800000000000000e+04 2.356618873484981821e-03
1.331200000000000000e+04 8.353564051989513127e-04
1.433600000000000000e+04 8.353564051989513127e-04
1.536000000000000000e+04 8.353564051989513127e-04
1.638400000000000000e+04 5.137909535619835776e-04
1.740800000000000000e+04 1.292321650400075515e-04
1.843200000000000000e+04 1.084253968058995191e-04
1.945600000000000000e+04 1.084253968058995191e-04
2.048000000000000000e+04 2.126016640529914341e-05
2.150400000000000000e+04 2.126016640529914341e-05
2.252800000000000000e+04 2.126016640529914341e-05
2.355200000000000000e+04 7.014649359768872711e-06
2.457600000000000000e+04 4.039590062184881872e-06
2.560000000000000000e+04 4.039590062184881872e-06
2.662400000000000000e+04 1.639039419864796182e-07
2.764800000000000000e+04 1.639039419864796182e-07
2.867200000000000000e+04 1.639039419864796182e-07
2.969600000000000000e+04 1.639039419864796182e-07
3.072000000000000000e+04 1.639039419864796182e-07
3.174400000000000000e+04 1.639039419864796182e-07
3.276800000000000000e+04 1.639039419864796182e-07
3.379200000000000000e+04 1.461250969575863879e-07
3.481600000000000000e+04 1.461250969575863879e-07
3.584000000000000000e+04 1.461250969575863879e-07
3.686400000000000000e+04 4.658925318856084234e-08
3.788800000000000000e+04 4.658925318856084234e-08
3.891200000000000000e+04 4.658925318856084234e-08
3.993600000000000000e+04 1.790103630763671640e-09
4.096000000000000000e+04 1.790103630763671640e-09
4.198400000000000000e+04 1.790103630763671640e-09
4.300800000000000000e+04 8.841019138383096443e-10
4.403200000000000000e+04 8.841019138383096443e-10
4.505600000000000000e+04 8.841019138383096443e-10
4.608000000000000000e+04 4.611406339366308445e-10
4.710400000000000000e+04 1.340754219395392213e-10
4.812800000000000000e+04 1.340754219395392213e-10
4.915200000000000000e+04 1.340754219395392213e-10
5.017600000000000000e+04 1.232896853474833636e-10
5.120000000000000000e+04 1.197289735979702395e-10
5.222400000000000000e+04 4.908872475076873270e-11
5.324800000000000000e+04 4.908872475076873270e-11
5.427200000000000000e+04 8.273059781071021587e-12
5.529600000000000000e+04 8.273059781071021587e-12
5.632000000000000000e+04 8.273059781071021587e-12
5.734400000000000000e+04 8.273059781071021587e-12
5.836800000000000000e+04 8.273059781071021587e-12
5.939200000000000000e+04 1.041606333752370738e-12
6.041600000000000000e+04 3.518748713329217757e-13
6.144000000000000000e+04 3.518748713329217757e-13
6.246400000000000000e+04 3.518748713329217757e-13
6.348800000000000000e+04 3.518748713329217757e-13
6.451200000000000000e+04 3.518748713329217757e-13
6.553600000000000000e+04 1.857052996109433866e-14
6.656000000000000000e+04 1.857052996109433866e-14
6.758400000000000000e+04 1.857052996109433866e-14
6.860800000000000000e+04 1.857052996109433866e-14
6.963200000000000000e+04 1.857052996109433866e-14
7.065600000000000000e+04 1.857052996109433866e-14
7.168000000000000000e+04 1.857052996109433866e-14
7.270400000000000000e+04 1.566990213949551683e-14
7.372800000000000000e+04 2.465179495213618058e-15
7.475200000000000000e+04 2.465179495213618058e-15
7.577600000000000000e+04 2.465179495213618058e-15
7.680000000000000000e+04 2.465179495213618058e-15
7.782400000000000000e+04 2.465179495213618058e-15
7.884800000000000000e+04 2.465179495213618058e-15
7.987200000000000000e+04 1.456615229842459411e-15
8.089600000000000000e+04 8.601609790016208722e-16
8.192000000000000000e+04 8.386216984707570419e-16
8.294400000000000000e+04 8.386216984707570419e-16
8.396800000000000000e+04 5.565440373173174946e-16
8.499200000000000000e+04 8.044332966599557640e-17
8.601600000000000000e+04 4.924619459619302347e-17
8.704000000000000000e+04 4.924619459619302347e-17
8.806400000000000000e+04 4.924619459619302347e-17
8.908800000000000000e+04 8.404215196218011292e-18
9.011200000000000000e+04 8.404215196218011292e-18
9.113600000000000000e+04 8.404215196218011292e-18
9.216000000000000000e+04 8.404215196218011292e-18
9.318400000000000000e+04 8.404215196218011292e-18
9.420800000000000000e+04 5.253817834602195441e-19
9.523200000000000000e+04 5.253817834602195441e-19
9.625600000000000000e+04 5.253817834602195441e-19
9.728000000000000000e+04 5.253817834602195441e-19
9.830400000000000000e+04 5.253817834602195441e-19
9.932800000000000000e+04 2.342237388475188032e-19
1.003520000000000000e+05 2.207778797652829888e-19
