6.400000000000000000e+01 7.706478322063167186e-01
1.280000000000000000e+02 1.017237053654352630e-01
1.920000000000000000e+02 1.017237053654352630e-01
2.560000000000000000e+02 1.017237053654352630e-01
3.200000000000000000e+02 1.017237053654352630e-01
3.840000000000000000e+02 1.017237053654352630e-01
4.480000000000000000e+02 9.693236055379508831e-02
5.120000000000000000e+02 5.466939326106268898e-02
5.760000000000000000e+02 3.603089931515993105e-02
6.400000000000000000e+02 2.779590397619570441e-02
7.040000000000000000e+02 1.351325901506985651e-02
7.680000000000000000e+02 9.538910656348778550e-03
8.320000000000000000e+02 2.196753500876288435e-03
8.960000000000000000e+02 2.196753500876288435e-03
9.600000000000000000e+02 2.196753500876288435e-03
1.024000000000000000e+03 2.196753500876288435e-03
1.088000000000000000e+03 3.130508589037414710e-04
1.152000000000000000e+03 3.130508589037414710e-04
1.216000000000000000e+03 3.130508589037414710e-04
1.280000000000000000e+03 3.130508589037414710e-04
1.344000000000000000e+03 3.036958429269798285e-04
1.408000000000000000e+03 3.036958429269798285e-04
1.472000000000000000e+03 1.805047898818193538e-04
1.536000000000000000e+03 1.073097536771222430e-04
1.600000000000000000e+03 8.201607541929636976e-06
1.664000000000000000e+03 8.201607541929636976e-06
1.728000000000000000e+03 8.201607541929636976e-06
1.792000000000000000e+03 1.072072261924861868e-06
1.856000000000000000e+03 1.072072261924861868e-06
1.920000000000000000e+03 1.072072261924861868e-06
1.984000000000000000e+03 1.072072261924861868e-06
2.048000000000000000e+03 2.301082121452074004e-07
2.112000000000000000e+03 2.301082121452074004e-07
2.176000000000000000e+03 2.301082121452074004e-07
2.240000000000000000e+03 2.301082121452074004e-07
2.304000000000000000e+03 6.014923428484906051e-08
2.368000000000000000e+03 6.014923428484906051e-08
2.432000000000000000e+03 6.014923428484906051e-08
2.496000000000000000e+03 6.014923428484906051e-08
2.560000000000000000e+03 4.843064111412555167e-09
2.624000000000000000e+03 4.843064111412555167e-09
2.688000000000000000e+03 4.843064111412555167e-09
2.752000000000000000e+03 1.601405020251053761e-09
2.816000000000000000e+03 1.601405020251053761e-09
2.880000000000000000e+03 1.601405020251053761e-09
2.944000000000000000e+03 1.551430979545444101e-09
3.008000000000000000e+03 1.638065425585650388e-11
3.072000000000000000e+03 1.638065425585650388e-11
3.136000000000000000e+03 1.638065425585650388e-11
3.200000000000000000e+03 1.638065425585650388e-11
3.264000000000000000e+03 1.638065425585650388e-11
3.328000000000000000e+03 1.638065425585650388e-11
3.392000000000000000e+03 1.638065425585650388e-11
3.456000000000000000e+03 1.638065425585650388e-11
3.520000000000000000e+03 9.521266883998253359e-12
3.584000000000000000e+03 9.521266883998253359e-12
3.648000000000000000e+03 1.061534991365325209e-12
3.712000000000000000e+03 1.061534991365325209e-12
3.776000000000000000e+03 1.061534991365325209e-12
3.840000000000000000e+03 1.061534991365325209e-12
3.904000000000000000e+03 1.061534991365325209e-12
3.968000000000000000e+03 5.286844119220324347e-13
4.032000000000000000e+03 3.444505160312897772e-13
4.096000000000000000e+03 9.149235779254693836e-14
4.160000000000000000e+03 9.149235779254693836e-14
4.224000000000000000e+03 9.149235779254693836e-14
4.288000000000000000e+03 1.118575542302079748e-14
4.352000000000000000e+03 2.995110031161962397e-15
4.416000000000000000e+03 2.995110031161962397e-15
4.480000000000000000e+03 2.995110031161962397e-15
4.544000000000000000e+03 2.995110031161962397e-15
4.608000000000000000e+03 1.096421277151128180e-15
4.672000000000000000e+03 1.096421277151128180e-15
4.736000000000000000e+03 6.166104758496176787e-16
4.800000000000000000e+03 6.166104758496176787e-16
4.864000000000000000e+03 3.115637511208925524e-16
4.928000000000000000e+03 3.115637511208925524e-16
4.992000000000000000e+03 1.514075130072349571e-17
5.056000000000000000e+03 1.514075130072349571e-17
5.120000000000000000e+03 1.514075130072349571e-17
5.184000000000000000e+03 1.514075130072349571e-17
5.248000000000000000e+03 1.514075130072349571e-17
5.312000000000000000e+03 8.758131773527160907e-18
5.376000000000000000e+03 8.758131773527160907e-18
5.440000000000000000e+03 8.758131773527160907e-18
5.504000000000000000e+03 8.758131773527160907e-18
5.568000000000000000e+03 5.702549575403981830e-19
5.632000000000000000e+03 4.793142140711629966e-19
5.696000000000000000e+03 1.763757034294420731e-19
5.760000000000000000e+03 1.763757034294420731e-19
5.824000000000000000e+03 1.763757034294420731e-19
5.888000000000000000e+03 1.763757034294420731e-19
5.952000000000000000e+03 1.724154955171264120e-19
6.016000000000000000e+03 1.251035245365248344e-19
6.080000000000000000e+03 1.251035245365248344e-19
6.144000000000000000e+03 9.580081560055821665e-21
6.208000000000000000e+03 9.580081560055821665e-21
6.272000000000000000e+03 9.580081560055821665e-21
6.336000000000000000e+03 9.580081560055821665e-21
6.400000000000000000e+03 6.040731553667979976e-21
6.464000000000000000e+03 6.040731553667979976e-21
6.528000000000000000e+03 1.529709718687012803e-21
6.592000000000000000e+03 1.529709718687012803e-21
6.656000000000000000e+03 8.211578404824810937e-22
6.720000000000000000e+03 8.211578404824810937e-22
6.784000000000000000e+03 8.211578404824810937e-22
6.848000000000000000e+03 8.211578404824810937e-22
6.912000000000000000e+03 5.238212756472970547e-22
6.976000000000000000e+03 6.227852562535996445e-23
7.040000000000000000e+03 6.227852562535996445e-23
7.104000000000000000e+03 6.227852562535996445e-23
7.168000000000000000e+03 2.662841287274932832e-23
7.232000000000000000e+03 2.662841287274932832e-23
7.296000000000000000e+03 1.936100854495032087e-23
7.360000000000000000e+03 1.297024466878667702e-23
7.424000000000000000e+03 1.297024466878667702e-23
7.488000000000000000e+03 1.307801659708190400e-24
7.552000000000000000e+03 1.307801659708190400e-24
7.616000000000000000e+03 1.307801659708190400e-24
7.680000000000000000e+03 1.307801659708190400e-24
7.744000000000000000e+03 9.260992040390470440e-25
7.808000000000000000e+03 9.260992040390470440e-25
7.872000000000000000e+03 9.260992040390470440e-25
7.936000000000000000e+03 3.622317816473525610e-25
8.000000000000000000e+03 8.746356915266704614e-26
8.064000000000000000e+03 3.592487967963456158e-27
8.128000000000000000e+03 3.592487967963456158e-27
8.192000000000000000e+03 3.592487967963456158e-27
8.256000000000000000e+03 3.592487967963456158e-27
8.320000000000000000e+03 2.332570680718137140e-27
8.384000000000000000e+03 2.332570680718137140e-27
8.448000000000000000e+03 2.332570680718137140e-27
8.512000000000000000e+03 2.246887371285790230e-27
8.576000000000000000e+03 2.246887371285790230e-27
8.640000000000000000e+03 2.246887371285790230e-27
8.704000000000000000e+03 2.141656013643768809e-27
8.768000000000000000e+03 9.372420686095882485e-28
8.832000000000000000e+03 3.054329132745584688e-28
8.896000000000000000e+03 3.054329132745584688e-28
8.960000000000000000e+03 1.483010591121139371e-28
9.024000000000000000e+03 1.483010591121139371e-28
9.088000000000000000e+03 1.018354971506574519e-29
9.152000000000000000e+03 1.018354971506574519e-29
9.216000000000000000e+03 1.018354971506574519e-29
9.280000000000000000e+03 1.018354971506574519e-29
9.344000000000000000e+03 1.018354971506574519e-29
9.408000000000000000e+03 5.874627681128962401e-30
9.472000000000000000e+03 5.874627681128962401e-30
9.536000000000000000e+03 1.061200221515711842e-30
9.600000000000000000e+03 1.061200221515711842e-30
9.664000000000000000e+03 7.032644309002362366e-31
9.728000000000000000e+03 1.010731840614715018e-32
9.792000000000000000e+03 1.010731840614715018e-32
9.856000000000000000e+03 1.010731840614715018e-32
9.920000000000000000e+03 1.010731840614715018e-32
9.984000000000000000e+03 1.010731840614715018e-32
1.004800000000000000e+04 1.010731840614715018e-32
1.011200000000000000e+04 1.010731840614715018e-32
1.017600000000000000e+04 1.415882620793451468e-33
1.024000000000000000e+04 1.415882620793451468e-33
1.030400000000000000e+04 1.415882620793451468e-33
1.036800000000000000e+04 1.415882620793451468e-33
1.043200000000000000e+04 1.415882620793451468e-33
1.049600000000000000e+04 1.415882620793451468e-33
1.056000000000000000e+04 7.958579159540218107e-34
1.062400000000000000e+04 7.958579159540218107e-34
1.068800000000000000e+04 1.652256686508908742e-34
1.075200000000000000e+04 1.652256686508908742e-34
1.081600000000000000e+04 1.652256686508908742e-34
1.088000000000000000e+04 9.190039752598181423e-36
1.094400000000000000e+04 9.190039752598181423e-36
1.100800000000000000e+04 9.190039752598181423e-36
1.107200000000000000e+04 9.190039752598181423e-36
1.113600000000000000e+04 9.190039752598181423e-36
1.120000000000000000e+04 9.190039752598181423e-36
1.126400000000000000e+04 9.190039752598181423e-36
1.132800000000000000e+04 2.706526678313166970e-37
1.139200000000000000e+04 2.706526678313166970e-37
1.145600000000000000e+04 2.706526678313166970e-37
1.152000000000000000e+04 8.893006895963014947e-38
1.158400000000000000e+04 8.893006895963014947e-38
1.164800000000000000e+04 8.893006895963014947e-38
1.171200000000000000e+04 8.893006895963014947e-38
1.177600000000000000e+04 8.893006895963014947e-38
1.184000000000000000e+04 5.615097387779382727e-38
1.190400000000000000e+04 5.615097387779382727e-38
1.196800000000000000e+04 5.615097387779382727e-38
1.203200000000000000e+04 2.851676072263390640e-38
1.209600000000000000e+04 2.851676072263390640e-38
1.216000000000000000e+04 1.549514626437569632e-39
1.222400000000000000e+04 1.549514626437569632e-39
1.228800000000000000e+04 1.139024916389891266e-39
1.235200000000000000e+04 1.139024916389891266e-39
1.241600000000000000e+04 1.139024916389891266e-39
1.248000000000000000e+04 1.139024916389891266e-39
1.254400000000000000e+04 1.139024916389891266e-39
1.260800000000000000e+04 1.772936116942905994e-40
1.267200000000000000e+04 1.772936116942905994e-40
1.273600000000000000e+04 7.252210826909240269e-41
1.280000000000000000e+04 2.959291523330793697e-41
1.286400000000000000e+04 2.959291523330793697e-41
1.292800000000000000e+04 2.959291523330793697e-41
1.299200000000000000e+04 2.489034960385946662e-42
1.305600000000000000e+04 2.489034960385946662e-42
1.312000000000000000e+04 2.489034960385946662e-42
1.318400000000000000e+04 2.489034960385946662e-42
1.324800000000000000e+04 2.489034960385946662e-42
1.331200000000000000e+04 2.489034960385946662e-42
1.337600000000000000e+04 2.489034960385946662e-42
1.344000000000000000e+04 9.398080352018596543e-43
1.350400000000000000e+04 9.398080352018596543e-43
1.356800000000000000e+04 9.398080352018596543e-43
1.363200000000000000e+04 9.398080352018596543e-43
1.369600000000000000e+04 8.112573398741500192e-44
1.376000000000000000e+04 8.112573398741500192e-44
1.382400000000000000e+04 4.814804688008986865e-44
1.388800000000000000e+04 4.814804688008986865e-44
1.395200000000000000e+04 4.814804688008986865e-44
1.401600000000000000e+04 3.343542277116526755e-44
1.408000000000000000e+04 3.343542277116526755e-44
1.414400000000000000e+04 3.343542277116526755e-44
1.420800000000000000e+04 3.343542277116526755e-44
1.427200000000000000e+04 2.931623461351955665e-44
1.433600000000000000e+04 1.820028425990070801e-44
1.440000000000000000e+04 3.481169825309073875e-45
1.446400000000000000e+04 1.700431377636066975e-45
1.452800000000000000e+04 1.170842433143144532e-45
1.459200000000000000e+04 4.241343165705900180e-46
1.465600000000000000e+04 2.723333744497047434e-46
1.472000000000000000e+04 2.723333744497047434e-46
1.478400000000000000e+04 2.723333744497047434e-46
1.484800000000000000e+04 2.120142288679254388e-46
1.491200000000000000e+04 2.120142288679254388e-46
1.497600000000000000e+04 2.252101002453382541e-47
1.504000000000000000e+04 2.252101002453382541e-47
1.510400000000000000e+04 1.297528868006788442e-47
1.516800000000000000e+04 1.297528868006788442e-47
1.523200000000000000e+04 3.010180311421204345e-48
1.529600000000000000e+04 3.010180311421204345e-48
1.536000000000000000e+04 3.010180311421204345e-48
1.542400000000000000e+04 4.785524198592602690e-49
1.548800000000000000e+04 4.785524198592602690e-49
1.555200000000000000e+04 4.785524198592602690e-49
1.561600000000000000e+04 4.785524198592602690e-49
1.568000000000000000e+04 2.169006636790953346e-49
1.574400000000000000e+04 8.351822831463062787e-50
1.580800000000000000e+04 8.351822831463062787e-50
1.587200000000000000e+04 8.351822831463062787e-50
1.593600000000000000e+04 7.033495279120850040e-51
1.600000000000000000e+04 7.033495279120850040e-51
1.606400000000000000e+04 7.033495279120850040e-51
1.612800000000000000e+04 7.033495279120850040e-51
1.619200000000000000e+04 7.033495279120850040e-51
1.625600000000000000e+04 7.033495279120850040e-51
1.632000000000000000e+04 7.033495279120850040e-51
1.638400000000000000e+04 7.033495279120850040e-51
1.644800000000000000e+04 5.934072610225583594e-51
1.651200000000000000e+04 5.934072610225583594e-51
1.657600000000000000e+04 5.934072610225583594e-51
1.664000000000000000e+04 2.012786713783297939e-51
1.670400000000000000e+04 1.787862467086483082e-52
1.676800000000000000e+04 1.787862467086483082e-52
1.683200000000000000e+04 9.227364754353202359e-53
1.689600000000000000e+04 9.227364754353202359e-53
1.696000000000000000e+04 9.227364754353202359e-53
1.702400000000000000e+04 9.227364754353202359e-53
1.708800000000000000e+04 9.227364754353202359e-53
1.715200000000000000e+04 7.391897118446501919e-54
1.721600000000000000e+04 7.391897118446501919e-54
1.728000000000000000e+04 4.838377007701634584e-54
1.734400000000000000e+04 4.838377007701634584e-54
1.740800000000000000e+04 4.838377007701634584e-54
1.747200000000000000e+04 3.817830240115474923e-54
1.753600000000000000e+04 1.206750954117503204e-54
1.760000000000000000e+04 1.206750954117503204e-54
1.766400000000000000e+04 1.206750954117503204e-54
1.772800000000000000e+04 1.206750954117503204e-54
1.779200000000000000e+04 2.900824951554146893e-55
1.785600000000000000e+04 2.900824951554146893e-55
1.792000000000000000e+04 2.020786397839211020e-55
1.798400000000000000e+04 2.020786397839211020e-55
1.804800000000000000e+04 1.919846077050850836e-55
1.811200000000000000e+04 1.576352679309616453e-55
1.817600000000000000e+04 8.523507152637548034e-56
1.824000000000000000e+04 3.808419034502213771e-56
1.830400000000000000e+04 9.806704557857181264e-57
1.836800000000000000e+04 9.806704557857181264e-57
1.843200000000000000e+04 9.806704557857181264e-57
1.849600000000000000e+04 2.984474964514592224e-57
1.856000000000000000e+04 4.821753441066662791e-58
1.862400000000000000e+04 4.821753441066662791e-58
1.868800000000000000e+04 4.821753441066662791e-58
1.875200000000000000e+04 4.821753441066662791e-58
1.881600000000000000e+04 1.540324922650082948e-58
1.888000000000000000e+04 1.540324922650082948e-58
1.894400000000000000e+04 1.540324922650082948e-58
1.900800000000000000e+04 1.540324922650082948e-58
1.907200000000000000e+04 8.165215596176047135e-59
1.913600000000000000e+04 3.384984834472496613e-59
1.920000000000000000e+04 1.464427744385037275e-59
1.926400000000000000e+04 1.464427744385037275e-59
1.932800000000000000e+04 1.263696418447800435e-59
1.939200000000000000e+04 1.263696418447800435e-59
1.945600000000000000e+04 4.360288448184466130e-60
1.952000000000000000e+04 2.121862946159944505e-60
1.958400000000000000e+04 2.121862946159944505e-60
1.964800000000000000e+04 7.670810728252601628e-61
1.971200000000000000e+04 5.471199031933879536e-61
1.977600000000000000e+04 5.471199031933879536e-61
1.984000000000000000e+04 5.471199031933879536e-61
1.990400000000000000e+04 5.471199031933879536e-61
1.996800000000000000e+04 5.471199031933879536e-61
2.003200000000000000e+04 4.233804572415442360e-61
2.009600000000000000e+04 3.709374145691207629e-61
2.016000000000000000e+04 1.282836316786666367e-61
2.022400000000000000e+04 3.362679514933650528e-62
2.028800000000000000e+04 3.362679514933650528e-62
2.035200000000000000e+04 3.154102873500684974e-62
2.041600000000000000e+04 3.154102873500684974e-62
2.048000000000000000e+04 2.938614531871985050e-62
2.054400000000000000e+04 2.938614531871985050e-62
2.060800000000000000e+04 1.435531145804944067e-62
2.067200000000000000e+04 1.070023101778516048e-62
2.073600000000000000e+04 8.133371018927247990e-63
2.080000000000000000e+04 4.851642261669002583e-64
2.086400000000000000e+04 4.851642261669002583e-64
2.092800000000000000e+04 1.988630732301882082e-64
2.099200000000000000e+04 1.675285423793004083e-64
2.105600000000000000e+04 1.675285423793004083e-64
2.112000000000000000e+04 1.675285423793004083e-64
2.118400000000000000e+04 1.675285423793004083e-64
2.124800000000000000e+04 3.824499774020658418e-65
2.131200000000000000e+04 3.824499774020658418e-65
2.137600000000000000e+04 3.824499774020658418e-65
2.144000000000000000e+04 2.858050733956729981e-65
2.150400000000000000e+04 5.244838662665338592e-66
2.156800000000000000e+04 5.244838662665338592e-66
2.163200000000000000e+04 5.244838662665338592e-66
2.169600000000000000e+04 5.244838662665338592e-66
2.176000000000000000e+04 3.278681208923430915e-66
2.182400000000000000e+04 3.002396400342312832e-66
2.188800000000000000e+04 2.707271646615896831e-66
2.195200000000000000e+04 3.823482352931816072e-67
2.201600000000000000e+04 3.823482352931816072e-67
2.208000000000000000e+04 3.823482352931816072e-67
2.214400000000000000e+04 1.288959861130004962e-67
2.220800000000000000e+04 1.288959861130004962e-67
2.227200000000000000e+04 6.527114990119914577e-70
2.233600000000000000e+04 6.527114990119914577e-70
2.240000000000000000e+04 6.527114990119914577e-70
2.246400000000000000e+04 6.527114990119914577e-70
2.252800000000000000e+04 6.527114990119914577e-70
2.259200000000000000e+04 6.527114990119914577e-70
2.265600000000000000e+04 6.527114990119914577e-70
2.272000000000000000e+04 6.527114990119914577e-70
2.278400000000000000e+04 4.370478054094262496e-71
2.284800000000000000e+04 4.370478054094262496e-71
2.291200000000000000e+04 4.370478054094262496e-71
2.297600000000000000e+04 4.370478054094262496e-71
2.304000000000000000e+04 4.370478054094262496e-71
2.310400000000000000e+04 4.370478054094262496e-71
2.316800000000000000e+04 4.370478054094262496e-71
2.323200000000000000e+04 4.370478054094262496e-71
2.329600000000000000e+04 2.261271941758379783e-71
2.336000000000000000e+04 2.261271941758379783e-71
2.342400000000000000e+04 2.593858857513501116e-72
2.348800000000000000e+04 1.151458049507929582e-72
2.355200000000000000e+04 1.151458049507929582e-72
2.361600000000000000e+04 1.151458049507929582e-72
2.368000000000000000e+04 1.151458049507929582e-72
2.374400000000000000e+04 1.151458049507929582e-72
2.380800000000000000e+04 1.145492109320291009e-72
2.387200000000000000e+04 1.238676745188458205e-74
2.393600000000000000e+04 1.238676745188458205e-74
2.400000000000000000e+04 1.238676745188458205e-74
2.406400000000000000e+04 1.238676745188458205e-74
2.412800000000000000e+04 1.238676745188458205e-74
2.419200000000000000e+04 1.238676745188458205e-74
2.425600000000000000e+04 1.238676745188458205e-74
2.432000000000000000e+04 5.028851813089580426e-75
2.438400000000000000e+04 5.028851813089580426e-75
2.444800000000000000e+04 5.028851813089580426e-75
2.451200000000000000e+04 9.402879473458684583e-76
2.457600000000000000e+04 4.131480149423043928e-76
2.464000000000000000e+04 1.433264117026664307e-76
2.470400000000000000e+04 6.896349481890857565e-77
2.476800000000000000e+04 1.086409049054550006e-77
2.483200000000000000e+04 1.086409049054550006e-77
2.489600000000000000e+04 1.086409049054550006e-77
2.496000000000000000e+04 7.899496966219289044e-78
2.502400000000000000e+04 7.899496966219289044e-78
2.508800000000000000e+04 4.448677939090731150e-78
2.515200000000000000e+04 4.448677939090731150e-78
2.521600000000000000e+04 2.350781534249811781e-78
2.528000000000000000e+04 2.350781534249811781e-78
2.534400000000000000e+04 1.113199570905800040e-79
2.540800000000000000e+04 1.113199570905800040e-79
2.547200000000000000e+04 1.113199570905800040e-79
2.553600000000000000e+04 8.799084491074644363e-80
2.560000000000000000e+04 8.799084491074644363e-80
2.566400000000000000e+04 8.799084491074644363e-80
2.572800000000000000e+04 1.176806743569295684e-80
2.579200000000000000e+04 3.854314248575199403e-81
2.585600000000000000e+04 3.854314248575199403e-81
2.592000000000000000e+04 3.854314248575199403e-81
2.598400000000000000e+04 3.854314248575199403e-81
2.604800000000000000e+04 3.854314248575199403e-81
2.611200000000000000e+04 1.011477735156026219e-81
2.617600000000000000e+04 1.011477735156026219e-81
2.624000000000000000e+04 2.994571357272915055e-83
2.630400000000000000e+04 1.686117343360127933e-83
2.636800000000000000e+04 1.686117343360127933e-83
2.643200000000000000e+04 1.686117343360127933e-83
2.649600000000000000e+04 1.686117343360127933e-83
2.656000000000000000e+04 1.298995512033658115e-83
2.662400000000000000e+04 1.298995512033658115e-83
2.668800000000000000e+04 1.298995512033658115e-83
2.675200000000000000e+04 6.867511197918166155e-86
2.681600000000000000e+04 6.867511197918166155e-86
2.688000000000000000e+04 6.867511197918166155e-86
2.694400000000000000e+04 6.867511197918166155e-86
2.700800000000000000e+04 6.867511197918166155e-86
2.707200000000000000e+04 6.867511197918166155e-86
2.713600000000000000e+04 6.867511197918166155e-86
2.720000000000000000e+04 6.867511197918166155e-86
2.726400000000000000e+04 6.867511197918166155e-86
2.732800000000000000e+04 6.867511197918166155e-86
2.739200000000000000e+04 7.255062339387750360e-87
2.745600000000000000e+04 7.255062339387750360e-87
2.752000000000000000e+04 7.255062339387750360e-87
2.758400000000000000e+04 7.255062339387750360e-87
2.764800000000000000e+04 7.255062339387750360e-87
2.771200000000000000e+04 4.355159545362218913e-87
2.777600000000000000e+04 4.355159545362218913e-87
2.784000000000000000e+04 1.196108610953983368e-87
2.790400000000000000e+04 6.832458892206030923e-88
2.796800000000000000e+04 6.832458892206030923e-88
2.803200000000000000e+04 6.832458892206030923e-88
2.809600000000000000e+04 6.832458892206030923e-88
2.816000000000000000e+04 1.454188404210720401e-88
2.822400000000000000e+04 1.454188404210720401e-88
2.828800000000000000e+04 1.454188404210720401e-88
2.835200000000000000e+04 1.254656497871862698e-88
2.841600000000000000e+04 4.631256472609671623e-89
2.848000000000000000e+04 3.082613502048634196e-91
2.854400000000000000e+04 3.082613502048634196e-91
2.860800000000000000e+04 3.082613502048634196e-91
2.867200000000000000e+04 3.082613502048634196e-91
2.873600000000000000e+04 3.082613502048634196e-91
2.880000000000000000e+04 3.082613502048634196e-91
2.886400000000000000e+04 3.082613502048634196e-91
2.892800000000000000e+04 3.082613502048634196e-91
2.899200000000000000e+04 3.082613502048634196e-91
2.905600000000000000e+04 2.389610194692247581e-92
2.912000000000000000e+04 2.389610194692247581e-92
2.918400000000000000e+04 2.389610194692247581e-92
2.924800000000000000e+04 2.324783601900543952e-92
2.931200000000000000e+04 2.324783601900543952e-92
2.937600000000000000e+04 2.324783601900543952e-92
2.944000000000000000e+04 2.324783601900543952e-92
2.950400000000000000e+04 3.654761418186314228e-93
2.956800000000000000e+04 3.654761418186314228e-93
2.963200000000000000e+04 3.654761418186314228e-93
2.969600000000000000e+04 2.117168133910591768e-93
2.976000000000000000e+04 2.117168133910591768e-93
2.982400000000000000e+04 2.117168133910591768e-93
2.988800000000000000e+04 5.738791582524140022e-94
2.995200000000000000e+04 5.738791582524140022e-94
3.001600000000000000e+04 5.738791582524140022e-94
3.008000000000000000e+04 2.117416863847480251e-94
3.014400000000000000e+04 1.976320189623326901e-94
3.020800000000000000e+04 1.925259734397441091e-95
3.027200000000000000e+04 1.160736544667059636e-96
3.033600000000000000e+04 1.160736544667059636e-96
3.040000000000000000e+04 1.160736544667059636e-96
3.046400000000000000e+04 1.160736544667059636e-96
3.052800000000000000e+04 1.160736544667059636e-96
3.059200000000000000e+04 1.160736544667059636e-96
3.065600000000000000e+04 1.160736544667059636e-96
3.072000000000000000e+04 1.160736544667059636e-96
3.078400000000000000e+04 3.550608140397663291e-99
3.084800000000000000e+04 3.550608140397663291e-99
3.091200000000000000e+04 3.550608140397663291e-99
3.097600000000000000e+04 3.550608140397663291e-99
3.104000000000000000e+04 3.550608140397663291e-99
3.110400000000000000e+04 3.550608140397663291e-99
3.116800000000000000e+04 3.550608140397663291e-99
3.123200000000000000e+04 3.550608140397663291e-99
3.129600000000000000e+04 4.207507382892121248e-100
3.136000000000000000e+04 4.207507382892121248e-100
3.142400000000000000e+04 4.207507382892121248e-100
3.148800000000000000e+04 4.207507382892121248e-100
3.155200000000000000e+04 4.207507382892121248e-100
3.161600000000000000e+04 4.207507382892121248e-100
3.168000000000000000e+04 2.751708382480156094e-100
3.174400000000000000e+04 2.751708382480156094e-100
3.180800000000000000e+04 2.751708382480156094e-100
3.187200000000000000e+04 2.751708382480156094e-100
3.193600000000000000e+04 1.326000933768136505e-100
3.200000000000000000e+04 1.326000933768136505e-100
3.206400000000000000e+04 1.200841333134172103e-101
3.212800000000000000e+04 1.200841333134172103e-101
3.219200000000000000e+04 1.200841333134172103e-101
3.225600000000000000e+04 1.200841333134172103e-101
3.232000000000000000e+04 1.200841333134172103e-101
3.238400000000000000e+04 1.200841333134172103e-101
3.244800000000000000e+04 7.689920418330993967e-102
3.251200000000000000e+04 3.955153881370530368e-102
3.257600000000000000e+04 3.158708547425890460e-102
3.264000000000000000e+04 2.366911987188937232e-102
3.270400000000000000e+04 2.366911987188937232e-102
3.276800000000000000e+04 1.908499343484192421e-103
3.283200000000000000e+04 1.908499343484192421e-103
3.289600000000000000e+04 5.713958710875115358e-105
3.296000000000000000e+04 5.713958710875115358e-105
3.302400000000000000e+04 5.713958710875115358e-105
3.308800000000000000e+04 5.713958710875115358e-105
3.315200000000000000e+04 5.713958710875115358e-105
3.321600000000000000e+04 5.713958710875115358e-105
3.328000000000000000e+04 5.713958710875115358e-105
3.334400000000000000e+04 5.713958710875115358e-105
3.340800000000000000e+04 1.898872649176626529e-105
3.347200000000000000e+04 1.898872649176626529e-105
3.353600000000000000e+04 9.673936869944619972e-106
3.360000000000000000e+04 9.673936869944619972e-106
3.366400000000000000e+04 9.673936869944619972e-106
3.372800000000000000e+04 7.607601323308150079e-106
3.379200000000000000e+04 3.856097121082186392e-106
3.385600000000000000e+04 3.214423967787804562e-107
3.392000000000000000e+04 3.214423967787804562e-107
3.398400000000000000e+04 2.147878386833360098e-107
3.404800000000000000e+04 7.594816350521853272e-108
3.411200000000000000e+04 7.594816350521853272e-108
3.417600000000000000e+04 5.692106694440763917e-109
3.424000000000000000e+04 5.692106694440763917e-109
3.430400000000000000e+04 3.448771946638790482e-109
3.436800000000000000e+04 3.448771946638790482e-109
3.443200000000000000e+04 3.448771946638790482e-109
3.449600000000000000e+04 3.448771946638790482e-109
3.456000000000000000e+04 3.448771946638790482e-109
3.462400000000000000e+04 6.987143400405296032e-110
3.468800000000000000e+04 5.433553088000480728e-110
3.475200000000000000e+04 5.433553088000480728e-110
3.481600000000000000e+04 7.359756275482310186e-111
3.488000000000000000e+04 7.359756275482310186e-111
3.494400000000000000e+04 7.359756275482310186e-111
3.500800000000000000e+04 5.498211100050626888e-111
3.507200000000000000e+04 5.238209847727619570e-111
3.513600000000000000e+04 4.352062696845334554e-111
3.520000000000000000e+04 8.689317000792100304e-112
3.526400000000000000e+04 1.594538011608426934e-112
3.532800000000000000e+04 1.594538011608426934e-112
3.539200000000000000e+04 1.594538011608426934e-112
3.545600000000000000e+04 1.594538011608426934e-112
3.552000000000000000e+04 1.594538011608426934e-112
3.558400000000000000e+04 8.115408576593145845e-113
3.564800000000000000e+04 8.115408576593145845e-113
3.571200000000000000e+04 2.509077598136332550e-114
3.577600000000000000e+04 2.509077598136332550e-114
3.584000000000000000e+04 2.509077598136332550e-114
3.590400000000000000e+04 2.509077598136332550e-114
3.596800000000000000e+04 2.509077598136332550e-114
3.603200000000000000e+04 2.509077598136332550e-114
3.609600000000000000e+04 2.258679248607855626e-114
3.616000000000000000e+04 5.064255790840058371e-115
3.622400000000000000e+04 5.064255790840058371e-115
3.628800000000000000e+04 5.064255790840058371e-115
3.635200000000000000e+04 5.064255790840058371e-115
3.641600000000000000e+04 2.658879224080620106e-115
3.648000000000000000e+04 2.658879224080620106e-115
3.654400000000000000e+04 1.607961310391211658e-116
3.660800000000000000e+04 1.607961310391211658e-116
3.667200000000000000e+04 1.607961310391211658e-116
3.673600000000000000e+04 3.239796317344818800e-117
3.680000000000000000e+04 3.239796317344818800e-117
3.686400000000000000e+04 1.816799717108462368e-117
3.692800000000000000e+04 1.816799717108462368e-117
3.699200000000000000e+04 1.816799717108462368e-117
3.705600000000000000e+04 1.816799717108462368e-117
3.712000000000000000e+04 1.816799717108462368e-117
3.718400000000000000e+04 1.816799717108462368e-117
3.724800000000000000e+04 1.285397812302289779e-117
3.731200000000000000e+04 4.884458463133540724e-118
3.737600000000000000e+04 4.884458463133540724e-118
3.744000000000000000e+04 3.762415249569825131e-118
3.750400000000000000e+04 5.503951115064272945e-119
3.756800000000000000e+04 2.462878445978699067e-119
3.763200000000000000e+04 1.050828008335660546e-120
3.769600000000000000e+04 1.050828008335660546e-120
3.776000000000000000e+04 1.050828008335660546e-120
3.782400000000000000e+04 1.050828008335660546e-120
3.788800000000000000e+04 1.050828008335660546e-120
3.795200000000000000e+04 1.050828008335660546e-120
3.801600000000000000e+04 1.050828008335660546e-120
3.808000000000000000e+04 1.050828008335660546e-120
3.814400000000000000e+04 1.050828008335660546e-120
3.820800000000000000e+04 1.050828008335660546e-120
3.827200000000000000e+04 1.050828008335660546e-120
3.833600000000000000e+04 5.330001358226250576e-121
3.840000000000000000e+04 1.091822746112344567e-121
3.846400000000000000e+04 1.091822746112344567e-121
3.852800000000000000e+04 5.141136233644087664e-122
3.859200000000000000e+04 5.141136233644087664e-122
3.865600000000000000e+04 4.428007034768285840e-122
3.872000000000000000e+04 7.880791243661064847e-123
3.878400000000000000e+04 7.880791243661064847e-123
3.884800000000000000e+04 5.300019154917404477e-123
3.891200000000000000e+04 5.265686200551149348e-123
3.897600000000000000e+04 4.812292576803380316e-123
3.904000000000000000e+04 1.461745546062235656e-123
3.910400000000000000e+04 1.337028511444730177e-123
3.916800000000000000e+04 4.573271337849705016e-124
3.923200000000000000e+04 1.338101994184553664e-124
3.929600000000000000e+04 1.338101994184553664e-124
3.936000000000000000e+04 1.338101994184553664e-124
3.942400000000000000e+04 1.125527641352625528e-124
3.948800000000000000e+04 3.014345160323187448e-126
3.955200000000000000e+04 3.014345160323187448e-126
3.961600000000000000e+04 3.014345160323187448e-126
3.968000000000000000e+04 3.014345160323187448e-126
3.974400000000000000e+04 3.014345160323187448e-126
3.980800000000000000e+04 3.014345160323187448e-126
3.987200000000000000e+04 3.014345160323187448e-126
3.993600000000000000e+04 3.014345160323187448e-126
4.000000000000000000e+04 3.014345160323187448e-126
4.006400000000000000e+04 7.030677915510608437e-127
4.012800000000000000e+04 1.486804828552198653e-127
4.019200000000000000e+04 1.486804828552198653e-127
4.025600000000000000e+04 1.044461596025655125e-128
4.032000000000000000e+04 1.044461596025655125e-128
4.038400000000000000e+04 1.000850827876372719e-128
4.044800000000000000e+04 1.000850827876372719e-128
4.051200000000000000e+04 1.000850827876372719e-128
4.057600000000000000e+04 1.000850827876372719e-128
4.064000000000000000e+04 4.314263200953353640e-129
4.070400000000000000e+04 4.314263200953353640e-129
4.076800000000000000e+04 1.632437416439949803e-129
4.083200000000000000e+04 1.632437416439949803e-129
4.089600000000000000e+04 1.884965248601290093e-130
4.096000000000000000e+04 1.884965248601290093e-130
4.102400000000000000e+04 1.884965248601290093e-130
4.108800000000000000e+04 1.176955690431820220e-130
4.115200000000000000e+04 1.176955690431820220e-130
4.121600000000000000e+04 1.176955690431820220e-130
4.128000000000000000e+04 1.176955690431820220e-130
4.134400000000000000e+04 8.267021684652907021e-131
4.140800000000000000e+04 8.267021684652907021e-131
4.147200000000000000e+04 2.461868303514876300e-131
4.153600000000000000e+04 2.461868303514876300e-131
4.160000000000000000e+04 3.162829583936286344e-132
4.166400000000000000e+04 3.162829583936286344e-132
4.172800000000000000e+04 5.344071605780488805e-133
4.179200000000000000e+04 5.344071605780488805e-133
4.185600000000000000e+04 5.344071605780488805e-133
4.192000000000000000e+04 5.344071605780488805e-133
4.198400000000000000e+04 5.344071605780488805e-133
4.204800000000000000e+04 5.344071605780488805e-133
4.211200000000000000e+04 9.029856337404856388e-134
4.217600000000000000e+04 9.029856337404856388e-134
4.224000000000000000e+04 9.029856337404856388e-134
4.230400000000000000e+04 4.559797194559989527e-134
4.236800000000000000e+04 4.559797194559989527e-134
4.243200000000000000e+04 4.559797194559989527e-134
4.249600000000000000e+04 8.056875912759963557e-135
4.256000000000000000e+04 7.748157814027095535e-135
4.262400000000000000e+04 1.609216148333301102e-136
4.268800000000000000e+04 1.609216148333301102e-136
4.275200000000000000e+04 1.531758292649070191e-136
4.281600000000000000e+04 1.531758292649070191e-136
4.288000000000000000e+04 1.531758292649070191e-136
4.294400000000000000e+04 1.531758292649070191e-136
4.300800000000000000e+04 1.531758292649070191e-136
4.307200000000000000e+04 3.914042060873173305e-137
4.313600000000000000e+04 3.914042060873173305e-137
4.320000000000000000e+04 3.914042060873173305e-137
4.326400000000000000e+04 3.626909496361456777e-137
4.332800000000000000e+04 1.948162221735593222e-139
4.339200000000000000e+04 1.948162221735593222e-139
4.345600000000000000e+04 1.948162221735593222e-139
4.352000000000000000e+04 1.948162221735593222e-139
4.358400000000000000e+04 1.948162221735593222e-139
4.364800000000000000e+04 1.948162221735593222e-139
4.371200000000000000e+04 1.948162221735593222e-139
4.377600000000000000e+04 1.948162221735593222e-139
4.384000000000000000e+04 1.948162221735593222e-139
4.390400000000000000e+04 5.124793770333861020e-140
4.396800000000000000e+04 5.124793770333861020e-140
4.403200000000000000e+04 5.124793770333861020e-140
4.409600000000000000e+04 5.124793770333861020e-140
4.416000000000000000e+04 5.124793770333861020e-140
4.422400000000000000e+04 1.513573067961451882e-140
4.428800000000000000e+04 1.095081305934461081e-140
4.435200000000000000e+04 1.095081305934461081e-140
4.441600000000000000e+04 1.095081305934461081e-140
4.448000000000000000e+04 4.308368993775356396e-141
4.454400000000000000e+04 1.384848907857206279e-141
4.460800000000000000e+04 5.186290347628256984e-142
4.467200000000000000e+04 5.186290347628256984e-142
4.473600000000000000e+04 5.186290347628256984e-142
4.480000000000000000e+04 5.186290347628256984e-142
4.486400000000000000e+04 1.011326521962699179e-142
4.492800000000000000e+04 1.011326521962699179e-142
4.499200000000000000e+04 1.011326521962699179e-142
4.505600000000000000e+04 1.011326521962699179e-142
4.512000000000000000e+04 1.011326521962699179e-142
4.518400000000000000e+04 1.486933476311905716e-143
4.524800000000000000e+04 1.486933476311905716e-143
4.531200000000000000e+04 1.486933476311905716e-143
4.537600000000000000e+04 1.486933476311905716e-143
4.544000000000000000e+04 1.589730107822803034e-144
4.550400000000000000e+04 1.589730107822803034e-144
4.556800000000000000e+04 1.589730107822803034e-144
4.563200000000000000e+04 1.589730107822803034e-144
4.569600000000000000e+04 1.332759851742749136e-144
4.576000000000000000e+04 4.215920834518455201e-145
4.582400000000000000e+04 2.676248382580332580e-145
4.588800000000000000e+04 1.865868164912866424e-145
4.595200000000000000e+04 1.865868164912866424e-145
4.601600000000000000e+04 9.864542016010500258e-146
4.608000000000000000e+04 4.217231692883812345e-146
4.614400000000000000e+04 4.208328312147770681e-146
4.620800000000000000e+04 4.093667622183296841e-146
4.627200000000000000e+04 1.368576427883057418e-146
4.633600000000000000e+04 2.782180837012050432e-148
4.640000000000000000e+04 2.782180837012050432e-148
4.646400000000000000e+04 2.782180837012050432e-148
4.652800000000000000e+04 2.782180837012050432e-148
4.659200000000000000e+04 2.782180837012050432e-148
4.665600000000000000e+04 2.782180837012050432e-148
4.672000000000000000e+04 2.782180837012050432e-148
4.678400000000000000e+04 2.457282725620715705e-149
4.684800000000000000e+04 2.457282725620715705e-149
4.691200000000000000e+04 2.457282725620715705e-149
4.697600000000000000e+04 2.457282725620715705e-149
4.704000000000000000e+04 2.457282725620715705e-149
4.710400000000000000e+04 2.457282725620715705e-149
4.716800000000000000e+04 2.457282725620715705e-149
4.723200000000000000e+04 8.091955968776185661e-152
4.729600000000000000e+04 8.091955968776185661e-152
4.736000000000000000e+04 8.091955968776185661e-152
4.742400000000000000e+04 8.091955968776185661e-152
4.748800000000000000e+04 8.091955968776185661e-152
4.755200000000000000e+04 5.174403202971761914e-152
4.761600000000000000e+04 5.174403202971761914e-152
4.768000000000000000e+04 5.174403202971761914e-152
4.774400000000000000e+04 5.174403202971761914e-152
4.780800000000000000e+04 5.174403202971761914e-152
4.787200000000000000e+04 5.174403202971761914e-152
4.793600000000000000e+04 5.174403202971761914e-152
4.800000000000000000e+04 3.025717907887985378e-152
4.806400000000000000e+04 3.025717907887985378e-152
4.812800000000000000e+04 3.025717907887985378e-152
4.819200000000000000e+04 3.025717907887985378e-152
4.825600000000000000e+04 1.114486881979532433e-152
4.832000000000000000e+04 1.114486881979532433e-152
4.838400000000000000e+04 1.114486881979532433e-152
4.844800000000000000e+04 3.485892293366125293e-153
4.851200000000000000e+04 6.080228213391379832e-154
4.857600000000000000e+04 6.080228213391379832e-154
4.864000000000000000e+04 6.080228213391379832e-154
4.870400000000000000e+04 6.080228213391379832e-154
4.876800000000000000e+04 6.080228213391379832e-154
4.883200000000000000e+04 6.080228213391379832e-154
4.889600000000000000e+04 8.369098654846017188e-155
4.896000000000000000e+04 8.369098654846017188e-155
4.902400000000000000e+04 8.369098654846017188e-155
4.908800000000000000e+04 7.834536673945068709e-155
4.915200000000000000e+04 5.227941505324635551e-155
4.921600000000000000e+04 1.235060050648647851e-155
4.928000000000000000e+04 5.236937760867132645e-156
4.934400000000000000e+04 5.236937760867132645e-156
4.940800000000000000e+04 5.236937760867132645e-156
4.947200000000000000e+04 5.236937760867132645e-156
4.953600000000000000e+04 2.850401279002120208e-157
4.960000000000000000e+04 2.850401279002120208e-157
4.966400000000000000e+04 2.850401279002120208e-157
4.972800000000000000e+04 2.850401279002120208e-157
4.979200000000000000e+04 2.850401279002120208e-157
4.985600000000000000e+04 1.852180356176912177e-157
4.992000000000000000e+04 6.845178358204877864e-158
4.998400000000000000e+04 6.845178358204877864e-158
5.004800000000000000e+04 1.066814849567901461e-159
5.011200000000000000e+04 1.066814849567901461e-159
5.017600000000000000e+04 1.066814849567901461e-159
5.024000000000000000e+04 1.066814849567901461e-159
5.030400000000000000e+04 2.806985628909586981e-160
5.036800000000000000e+04 1.859426212578649993e-160
5.043200000000000000e+04 1.859426212578649993e-160
5.049600000000000000e+04 1.859426212578649993e-160
5.056000000000000000e+04 1.859426212578649993e-160
5.062400000000000000e+04 1.595622182141994489e-160
5.068800000000000000e+04 1.595622182141994489e-160
5.075200000000000000e+04 2.282117647868482385e-161
5.081600000000000000e+04 2.282117647868482385e-161
5.088000000000000000e+04 2.282117647868482385e-161
5.094400000000000000e+04 1.510865196881189991e-162
5.100800000000000000e+04 1.510865196881189991e-162
5.107200000000000000e+04 1.510865196881189991e-162
5.113600000000000000e+04 1.510865196881189991e-162
5.120000000000000000e+04 1.510865196881189991e-162
5.126400000000000000e+04 4.199472830383696743e-163
5.132800000000000000e+04 4.199472830383696743e-163
5.139200000000000000e+04 4.199472830383696743e-163
5.145600000000000000e+04 4.199472830383696743e-163
5.152000000000000000e+04 2.598573329315488712e-163
5.158400000000000000e+04 2.598573329315488712e-163
5.164800000000000000e+04 2.130625909113589130e-164
5.171200000000000000e+04 2.130625909113589130e-164
5.177600000000000000e+04 2.130625909113589130e-164
5.184000000000000000e+04 2.130625909113589130e-164
5.190400000000000000e+04 2.130625909113589130e-164
5.196800000000000000e+04 1.255105665581435974e-164
5.203200000000000000e+04 1.255105665581435974e-164
5.209600000000000000e+04 1.255105665581435974e-164
5.216000000000000000e+04 1.753106710181721225e-165
5.222400000000000000e+04 1.753106710181721225e-165
5.228800000000000000e+04 7.490610966273486333e-166
5.235200000000000000e+04 7.490610966273486333e-166
5.241600000000000000e+04 7.490610966273486333e-166
5.248000000000000000e+04 7.490610966273486333e-166
5.254400000000000000e+04 7.490610966273486333e-166
5.260800000000000000e+04 4.906611985565423390e-167
5.267200000000000000e+04 4.906611985565423390e-167
5.273600000000000000e+04 4.906611985565423390e-167
5.280000000000000000e+04 3.893317616143778821e-167
5.286400000000000000e+04 5.300446959931627928e-168
5.292800000000000000e+04 4.810896028187090049e-168
5.299200000000000000e+04 4.810896028187090049e-168
5.305600000000000000e+04 4.810896028187090049e-168
5.312000000000000000e+04 6.338717243678848071e-169
5.318400000000000000e+04 6.338717243678848071e-169
5.324800000000000000e+04 2.964611604597712822e-169
5.331200000000000000e+04 2.964611604597712822e-169
5.337600000000000000e+04 2.964611604597712822e-169
5.344000000000000000e+04 2.964611604597712822e-169
5.350400000000000000e+04 2.964611604597712822e-169
5.356800000000000000e+04 1.431425777198988989e-169
5.363200000000000000e+04 2.845421413265724865e-170
5.369600000000000000e+04 2.845421413265724865e-170
5.376000000000000000e+04 1.461508666605021245e-171
5.382400000000000000e+04 1.461508666605021245e-171
5.388800000000000000e+04 1.461508666605021245e-171
5.395200000000000000e+04 1.461508666605021245e-171
5.401600000000000000e+04 8.098367024892112807e-172
5.408000000000000000e+04 8.098367024892112807e-172
5.414400000000000000e+04 6.885460463095297610e-172
5.420800000000000000e+04 6.885460463095297610e-172
5.427200000000000000e+04 3.921453500181199731e-172
5.433600000000000000e+04 2.156188275292289477e-172
5.440000000000000000e+04 2.156188275292289477e-172
5.446400000000000000e+04 3.127776405839003569e-173
5.452800000000000000e+04 3.142770912051854931e-174
5.459200000000000000e+04 3.142770912051854931e-174
5.465600000000000000e+04 3.142770912051854931e-174
5.472000000000000000e+04 3.142770912051854931e-174
5.478400000000000000e+04 3.142770912051854931e-174
5.484800000000000000e+04 3.142770912051854931e-174
5.491200000000000000e+04 2.803680745394694693e-175
5.497600000000000000e+04 2.803680745394694693e-175
5.504000000000000000e+04 2.803680745394694693e-175
5.510400000000000000e+04 2.803680745394694693e-175
5.516800000000000000e+04 2.803680745394694693e-175
5.523200000000000000e+04 4.618446287862904847e-176
5.529600000000000000e+04 4.618446287862904847e-176
5.536000000000000000e+04 1.814927187990412804e-177
5.542400000000000000e+04 1.814927187990412804e-177
5.548800000000000000e+04 1.814927187990412804e-177
5.555200000000000000e+04 1.814927187990412804e-177
5.561600000000000000e+04 1.814927187990412804e-177
5.568000000000000000e+04 1.814927187990412804e-177
5.574400000000000000e+04 3.496599736490097941e-179
5.580800000000000000e+04 3.496599736490097941e-179
5.587200000000000000e+04 3.496599736490097941e-179
5.593600000000000000e+04 3.496599736490097941e-179
5.600000000000000000e+04 3.496599736490097941e-179
5.606400000000000000e+04 3.496599736490097941e-179
5.612800000000000000e+04 3.496599736490097941e-179
5.619200000000000000e+04 3.496599736490097941e-179
5.625600000000000000e+04 3.496599736490097941e-179
5.632000000000000000e+04 3.496599736490097941e-179
5.638400000000000000e+04 4.466328869410281569e-180
5.644800000000000000e+04 4.466328869410281569e-180
5.651200000000000000e+04 4.466328869410281569e-180
5.657600000000000000e+04 4.466328869410281569e-180
5.664000000000000000e+04 9.340667233109856446e-181
5.670400000000000000e+04 9.340667233109856446e-181
5.676800000000000000e+04 9.340667233109856446e-181
5.683200000000000000e+04 9.340667233109856446e-181
5.689600000000000000e+04 9.340667233109856446e-181
5.696000000000000000e+04 9.340667233109856446e-181
5.702400000000000000e+04 1.748701847239429783e-181
5.708800000000000000e+04 1.577948686836407889e-181
5.715200000000000000e+04 4.563374500765102809e-182
5.721600000000000000e+04 4.563374500765102809e-182
5.728000000000000000e+04 2.465784850029214736e-182
5.734400000000000000e+04 3.283795321264463450e-183
5.740800000000000000e+04 3.283795321264463450e-183
5.747200000000000000e+04 3.283795321264463450e-183
5.753600000000000000e+04 3.283795321264463450e-183
5.760000000000000000e+04 1.952914888410223449e-184
5.766400000000000000e+04 1.139404401743879842e-184
5.772800000000000000e+04 1.139404401743879842e-184
5.779200000000000000e+04 1.139404401743879842e-184
5.785600000000000000e+04 1.139404401743879842e-184
5.792000000000000000e+04 1.139404401743879842e-184
5.798400000000000000e+04 1.139404401743879842e-184
5.804800000000000000e+04 1.139404401743879842e-184
5.811200000000000000e+04 1.139404401743879842e-184
5.817600000000000000e+04 1.139404401743879842e-184
5.824000000000000000e+04 3.710819850845746280e-185
5.830400000000000000e+04 2.591161502724982356e-185
5.836800000000000000e+04 6.576431643348928921e-186
5.843200000000000000e+04 1.980767399799141068e-186
5.849600000000000000e+04 1.980767399799141068e-186
5.856000000000000000e+04 1.980767399799141068e-186
5.862400000000000000e+04 1.980767399799141068e-186
5.868800000000000000e+04 7.276934369925657043e-187
5.875200000000000000e+04 7.276934369925657043e-187
5.881600000000000000e+04 2.693309134500349246e-187
5.888000000000000000e+04 2.636362033991624074e-188
5.894400000000000000e+04 2.636362033991624074e-188
5.900800000000000000e+04 2.636362033991624074e-188
5.907200000000000000e+04 2.636362033991624074e-188
5.913600000000000000e+04 2.636362033991624074e-188
5.920000000000000000e+04 2.636362033991624074e-188
5.926400000000000000e+04 2.636362033991624074e-188
5.932800000000000000e+04 2.636362033991624074e-188
5.939200000000000000e+04 1.516390595101677446e-189
5.945600000000000000e+04 1.516390595101677446e-189
5.952000000000000000e+04 1.133859198784145618e-189
5.958400000000000000e+04 1.133859198784145618e-189
5.964800000000000000e+04 5.476577800834787240e-190
5.971200000000000000e+04 1.056870364145237202e-190
5.977600000000000000e+04 1.056870364145237202e-190
5.984000000000000000e+04 1.056870364145237202e-190
5.990400000000000000e+04 2.200967222145993451e-192
5.996800000000000000e+04 2.200967222145993451e-192
6.003200000000000000e+04 2.200967222145993451e-192
6.009600000000000000e+04 2.200967222145993451e-192
6.016000000000000000e+04 2.200967222145993451e-192
6.022400000000000000e+04 9.447223578703953777e-193
6.028800000000000000e+04 9.447223578703953777e-193
6.035200000000000000e+04 9.447223578703953777e-193
6.041600000000000000e+04 9.447223578703953777e-193
6.048000000000000000e+04 9.447223578703953777e-193
6.054400000000000000e+04 5.770770207951707615e-194
6.060800000000000000e+04 5.770770207951707615e-194
6.067200000000000000e+04 5.770770207951707615e-194
6.073600000000000000e+04 5.770770207951707615e-194
6.080000000000000000e+04 5.770770207951707615e-194
6.086400000000000000e+04 5.770770207951707615e-194
6.092800000000000000e+04 5.770770207951707615e-194
6.099200000000000000e+04 1.821340940435229580e-194
6.105600000000000000e+04 1.712012794606561847e-194
6.112000000000000000e+04 3.805483672355846529e-195
6.118400000000000000e+04 3.805483672355846529e-195
6.124800000000000000e+04 2.673295838436235753e-195
6.131200000000000000e+04 2.673295838436235753e-195
6.137600000000000000e+04 7.195021965762866479e-197
6.144000000000000000e+04 7.195021965762866479e-197
6.150400000000000000e+04 7.195021965762866479e-197
6.156800000000000000e+04 7.195021965762866479e-197
6.163200000000000000e+04 3.611482493568788058e-198
6.169600000000000000e+04 3.611482493568788058e-198
6.176000000000000000e+04 3.611482493568788058e-198
6.182400000000000000e+04 3.611482493568788058e-198
6.188800000000000000e+04 3.611482493568788058e-198
6.195200000000000000e+04 3.611482493568788058e-198
6.201600000000000000e+04 3.611482493568788058e-198
6.208000000000000000e+04 3.611482493568788058e-198
6.214400000000000000e+04 3.611482493568788058e-198
6.220800000000000000e+04 3.611482493568788058e-198
6.227200000000000000e+04 6.205994055193807969e-199
6.233600000000000000e+04 6.205994055193807969e-199
6.240000000000000000e+04 1.328759122317877639e-199
6.246400000000000000e+04 1.328759122317877639e-199
6.252800000000000000e+04 1.328759122317877639e-199
6.259200000000000000e+04 1.328759122317877639e-199
6.265600000000000000e+04 1.328759122317877639e-199
6.272000000000000000e+04 1.328759122317877639e-199
6.278400000000000000e+04 1.328759122317877639e-199
6.284800000000000000e+04 1.328759122317877639e-199
6.291200000000000000e+04 7.970587504369810507e-200
6.297600000000000000e+04 1.940645794884094559e-200
6.304000000000000000e+04 1.940645794884094559e-200
6.310400000000000000e+04 1.459917236865390654e-200
6.316800000000000000e+04 9.842506534849305700e-201
6.323200000000000000e+04 9.221234918428708630e-201
6.329600000000000000e+04 3.977536016535761411e-201
6.336000000000000000e+04 1.822907969000387025e-201
6.342400000000000000e+04 1.752734561207139925e-202
6.348800000000000000e+04 9.641794283634507371e-203
6.355200000000000000e+04 4.007485710888011022e-203
6.361600000000000000e+04 2.960386305548085900e-203
6.368000000000000000e+04 1.255337034156046458e-203
6.374400000000000000e+04 1.255337034156046458e-203
6.380800000000000000e+04 1.255337034156046458e-203
6.387200000000000000e+04 1.255337034156046458e-203
6.393600000000000000e+04 1.120318558584585153e-203
6.400000000000000000e+04 3.093962572919706713e-204
6.406400000000000000e+04 8.533597632014804951e-205
6.412800000000000000e+04 8.533597632014804951e-205
6.419200000000000000e+04 8.533597632014804951e-205
6.425600000000000000e+04 8.533597632014804951e-205
6.432000000000000000e+04 8.533597632014804951e-205
6.438400000000000000e+04 8.533597632014804951e-205
6.444800000000000000e+04 2.494876307289661047e-205
6.451200000000000000e+04 2.494876307289661047e-205
6.457600000000000000e+04 1.203313744612149382e-205
6.464000000000000000e+04 1.050011339339149381e-205
6.470400000000000000e+04 3.360131484582451169e-206
6.476800000000000000e+04 3.450126806064472905e-207
6.483200000000000000e+04 3.450126806064472905e-207
6.489600000000000000e+04 3.450126806064472905e-207
6.496000000000000000e+04 3.450126806064472905e-207
6.502400000000000000e+04 3.450126806064472905e-207
6.508800000000000000e+04 2.676906284343855572e-207
6.515200000000000000e+04 2.676906284343855572e-207
6.521600000000000000e+04 4.576378210008281606e-208
6.528000000000000000e+04 4.403717831701285043e-208
6.534400000000000000e+04 4.403717831701285043e-208
6.540800000000000000e+04 7.134077691818774446e-210
6.547200000000000000e+04 7.134077691818774446e-210
6.553600000000000000e+04 7.134077691818774446e-210
6.560000000000000000e+04 7.134077691818774446e-210
6.566400000000000000e+04 7.134077691818774446e-210
6.572800000000000000e+04 7.134077691818774446e-210
6.579200000000000000e+04 7.134077691818774446e-210
6.585600000000000000e+04 7.134077691818774446e-210
6.592000000000000000e+04 7.134077691818774446e-210
6.598400000000000000e+04 7.134077691818774446e-210
6.604800000000000000e+04 3.706175716186643502e-210
6.611200000000000000e+04 3.538636307461313927e-210
6.617600000000000000e+04 3.047713948797591596e-211
6.624000000000000000e+04 3.047713948797591596e-211
6.630400000000000000e+04 3.047713948797591596e-211
6.636800000000000000e+04 6.369459771208718665e-212
6.643200000000000000e+04 6.369459771208718665e-212
6.649600000000000000e+04 1.960061796217394042e-212
6.656000000000000000e+04 1.960061796217394042e-212
6.662400000000000000e+04 1.960061796217394042e-212
6.668800000000000000e+04 1.960061796217394042e-212
6.675200000000000000e+04 5.636052021679430512e-213
6.681600000000000000e+04 5.636052021679430512e-213
6.688000000000000000e+04 3.831100006763728394e-213
6.694400000000000000e+04 2.707114029027352046e-213
6.700800000000000000e+04 2.707114029027352046e-213
6.707200000000000000e+04 9.062682967231714975e-214
6.713600000000000000e+04 9.062682967231714975e-214
6.720000000000000000e+04 3.534991093707171222e-214
6.726400000000000000e+04 3.534991093707171222e-214
6.732800000000000000e+04 3.534991093707171222e-214
6.739200000000000000e+04 9.253828352152344728e-215
6.745600000000000000e+04 9.253828352152344728e-215
6.752000000000000000e+04 9.253828352152344728e-215
6.758400000000000000e+04 9.253828352152344728e-215
6.764800000000000000e+04 9.253828352152344728e-215
6.771200000000000000e+04 9.253828352152344728e-215
6.777600000000000000e+04 1.705741848619165840e-215
6.784000000000000000e+04 1.705741848619165840e-215
6.790400000000000000e+04 1.705741848619165840e-215
6.796800000000000000e+04 1.705741848619165840e-215
6.803200000000000000e+04 1.705741848619165840e-215
6.809600000000000000e+04 1.104605718701301415e-215
6.816000000000000000e+04 5.148880652460351220e-216
6.822400000000000000e+04 1.212333525816103647e-216
6.828800000000000000e+04 1.086359085656266295e-216
6.835200000000000000e+04 1.086359085656266295e-216
6.841600000000000000e+04 1.282267933365206405e-217
6.848000000000000000e+04 1.282267933365206405e-217
6.854400000000000000e+04 1.282267933365206405e-217
6.860800000000000000e+04 1.282267933365206405e-217
6.867200000000000000e+04 1.567008776225396763e-218
6.873600000000000000e+04 1.567008776225396763e-218
6.880000000000000000e+04 1.567008776225396763e-218
6.886400000000000000e+04 1.567008776225396763e-218
6.892800000000000000e+04 1.567008776225396763e-218
6.899200000000000000e+04 1.567008776225396763e-218
6.905600000000000000e+04 1.567008776225396763e-218
6.912000000000000000e+04 1.567008776225396763e-218
6.918400000000000000e+04 1.529159254826646375e-218
6.924800000000000000e+04 1.529159254826646375e-218
6.931200000000000000e+04 5.093070402251921483e-219
6.937600000000000000e+04 5.093070402251921483e-219
6.944000000000000000e+04 2.483715727556004304e-219
6.950400000000000000e+04 2.483715727556004304e-219
6.956800000000000000e+04 2.483715727556004304e-219
6.963200000000000000e+04 2.352448143444925647e-219
6.969600000000000000e+04 4.061283512243116496e-220
6.976000000000000000e+04 3.332572604394049061e-220
6.982400000000000000e+04 3.332572604394049061e-220
6.988800000000000000e+04 1.193823421456422819e-220
6.995200000000000000e+04 1.193823421456422819e-220
7.001600000000000000e+04 1.193823421456422819e-220
7.008000000000000000e+04 1.193823421456422819e-220
7.014400000000000000e+04 1.980133818652578270e-222
7.020800000000000000e+04 1.980133818652578270e-222
7.027200000000000000e+04 1.980133818652578270e-222
7.033600000000000000e+04 1.980133818652578270e-222
7.040000000000000000e+04 1.980133818652578270e-222
7.046400000000000000e+04 1.980133818652578270e-222
7.052800000000000000e+04 5.021986057437278508e-223
7.059200000000000000e+04 5.021986057437278508e-223
7.065600000000000000e+04 2.091248558722614729e-223
7.072000000000000000e+04 2.091248558722614729e-223
7.078400000000000000e+04 3.493498398440642143e-224
7.084800000000000000e+04 3.493498398440642143e-224
7.091200000000000000e+04 3.493498398440642143e-224
7.097600000000000000e+04 2.907571622013314425e-224
7.104000000000000000e+04 2.907571622013314425e-224
7.110400000000000000e+04 2.541932946910191065e-224
7.116800000000000000e+04 5.468190579051271788e-225
7.123200000000000000e+04 4.232779190304660567e-225
7.129600000000000000e+04 4.232779190304660567e-225
7.136000000000000000e+04 1.995973038989453494e-226
7.142400000000000000e+04 1.455966601941224482e-226
7.148800000000000000e+04 1.455966601941224482e-226
7.155200000000000000e+04 1.024449480708847391e-226
7.161600000000000000e+04 7.320739175503121593e-229
7.168000000000000000e+04 7.320739175503121593e-229
7.174400000000000000e+04 7.320739175503121593e-229
7.180800000000000000e+04 7.320739175503121593e-229
7.187200000000000000e+04 7.320739175503121593e-229
7.193600000000000000e+04 7.320739175503121593e-229
7.200000000000000000e+04 7.320739175503121593e-229
7.206400000000000000e+04 7.320739175503121593e-229
7.212800000000000000e+04 7.320739175503121593e-229
7.219200000000000000e+04 7.320739175503121593e-229
7.225600000000000000e+04 7.320739175503121593e-229
7.232000000000000000e+04 7.320739175503121593e-229
7.238400000000000000e+04 7.320739175503121593e-229
7.244800000000000000e+04 7.320739175503121593e-229
7.251200000000000000e+04 7.320739175503121593e-229
7.257600000000000000e+04 2.823565883244683800e-229
7.264000000000000000e+04 2.751549435393576133e-230
7.270400000000000000e+04 2.751549435393576133e-230
7.276800000000000000e+04 2.751549435393576133e-230
7.283200000000000000e+04 2.024734279611736005e-230
7.289600000000000000e+04 2.024734279611736005e-230
7.296000000000000000e+04 2.024734279611736005e-230
7.302400000000000000e+04 3.521688424519493081e-231
7.308800000000000000e+04 3.521688424519493081e-231
7.315200000000000000e+04 1.795874530646422111e-232
7.321600000000000000e+04 1.795874530646422111e-232
7.328000000000000000e+04 1.795874530646422111e-232
7.334400000000000000e+04 1.795874530646422111e-232
7.340800000000000000e+04 5.412520115945082439e-233
7.347200000000000000e+04 5.412520115945082439e-233
7.353600000000000000e+04 3.401612168541582094e-233
7.360000000000000000e+04 1.773897266001284415e-233
7.366400000000000000e+04 1.773897266001284415e-233
7.372800000000000000e+04 1.045479276229314172e-234
7.379200000000000000e+04 1.045479276229314172e-234
7.385600000000000000e+04 1.045479276229314172e-234
7.392000000000000000e+04 1.045479276229314172e-234
7.398400000000000000e+04 1.045479276229314172e-234
7.404800000000000000e+04 1.045479276229314172e-234
7.411200000000000000e+04 1.045479276229314172e-234
7.417600000000000000e+04 7.430943490995360590e-235
7.424000000000000000e+04 5.667806007175038180e-236
7.430400000000000000e+04 5.667806007175038180e-236
7.436800000000000000e+04 5.667806007175038180e-236
7.443200000000000000e+04 5.667806007175038180e-236
7.449600000000000000e+04 5.667806007175038180e-236
7.456000000000000000e+04 5.667806007175038180e-236
7.462400000000000000e+04 5.667806007175038180e-236
7.468800000000000000e+04 5.580848998530669369e-236
7.475200000000000000e+04 5.580848998530669369e-236
7.481600000000000000e+04 1.803765137018257063e-236
7.488000000000000000e+04 1.581817390003955776e-236
7.494400000000000000e+04 1.435576103187246970e-236
7.500800000000000000e+04 5.562046933238398527e-238
7.507200000000000000e+04 5.562046933238398527e-238
7.513600000000000000e+04 5.562046933238398527e-238
7.520000000000000000e+04 5.562046933238398527e-238
7.526400000000000000e+04 5.562046933238398527e-238
7.532800000000000000e+04 5.562046933238398527e-238
7.539200000000000000e+04 5.562046933238398527e-238
7.545600000000000000e+04 3.608928319035009629e-238
7.552000000000000000e+04 3.608928319035009629e-238
7.558400000000000000e+04 2.409033971422138544e-238
7.564800000000000000e+04 2.409033971422138544e-238
7.571200000000000000e+04 5.337725182101624524e-239
7.577600000000000000e+04 1.324782559783403681e-240
7.584000000000000000e+04 1.324782559783403681e-240
7.590400000000000000e+04 1.030423531275405214e-240
7.596800000000000000e+04 1.030423531275405214e-240
7.603200000000000000e+04 1.030423531275405214e-240
7.609600000000000000e+04 1.030423531275405214e-240
7.616000000000000000e+04 1.030423531275405214e-240
7.622400000000000000e+04 1.030423531275405214e-240
7.628800000000000000e+04 1.030423531275405214e-240
7.635200000000000000e+04 9.635223338800828268e-241
7.641600000000000000e+04 9.635223338800828268e-241
7.648000000000000000e+04 4.985082562843946770e-241
7.654400000000000000e+04 1.192429299028676033e-241
7.660800000000000000e+04 1.278158472046149260e-243
7.667200000000000000e+04 1.278158472046149260e-243
7.673600000000000000e+04 1.278158472046149260e-243
7.680000000000000000e+04 1.278158472046149260e-243
7.686400000000000000e+04 1.278158472046149260e-243
7.692800000000000000e+04 1.278158472046149260e-243
7.699200000000000000e+04 1.278158472046149260e-243
7.705600000000000000e+04 1.278158472046149260e-243
7.712000000000000000e+04 1.278158472046149260e-243
7.718400000000000000e+04 1.278158472046149260e-243
7.724800000000000000e+04 4.065236598774769143e-244
7.731200000000000000e+04 4.065236598774769143e-244
7.737600000000000000e+04 2.583904247596748222e-244
7.744000000000000000e+04 2.583904247596748222e-244
7.750400000000000000e+04 2.583904247596748222e-244
7.756800000000000000e+04 2.419042985839693517e-245
7.763200000000000000e+04 2.419042985839693517e-245
7.769600000000000000e+04 2.419042985839693517e-245
7.776000000000000000e+04 2.419042985839693517e-245
7.782400000000000000e+04 2.419042985839693517e-245
7.788800000000000000e+04 2.419042985839693517e-245
7.795200000000000000e+04 7.584600746014969681e-246
7.801600000000000000e+04 6.140920951046384390e-246
7.808000000000000000e+04 6.140920951046384390e-246
7.814400000000000000e+04 1.922356313694426528e-246
7.820800000000000000e+04 1.922356313694426528e-246
7.827200000000000000e+04 7.934678676643955916e-247
7.833600000000000000e+04 7.934678676643955916e-247
7.840000000000000000e+04 4.831657289746105865e-248
7.846400000000000000e+04 1.227885051723698345e-248
7.852800000000000000e+04 1.227885051723698345e-248
7.859200000000000000e+04 1.227885051723698345e-248
7.865600000000000000e+04 4.595238326124303947e-249
7.872000000000000000e+04 4.595238326124303947e-249
7.878400000000000000e+04 2.540161664908521756e-249
7.884800000000000000e+04 2.540161664908521756e-249
7.891200000000000000e+04 2.540161664908521756e-249
7.897600000000000000e+04 2.540161664908521756e-249
7.904000000000000000e+04 2.261218779941399559e-249
7.910400000000000000e+04 2.261218779941399559e-249
7.916800000000000000e+04 2.809536282665675014e-250
7.923200000000000000e+04 2.809536282665675014e-250
7.929600000000000000e+04 2.809536282665675014e-250
7.936000000000000000e+04 2.809536282665675014e-250
7.942400000000000000e+04 9.012126538702543692e-251
7.948800000000000000e+04 9.012126538702543692e-251
7.955200000000000000e+04 9.012126538702543692e-251
7.961600000000000000e+04 9.012126538702543692e-251
7.968000000000000000e+04 3.886540873976473660e-251
7.974400000000000000e+04 2.618204450429088031e-251
7.980800000000000000e+04 1.283214170374868993e-251
7.987200000000000000e+04 1.061101427229457239e-251
7.993600000000000000e+04 1.061101427229457239e-251
8.000000000000000000e+04 1.695052131437166755e-252
8.006400000000000000e+04 1.109502987247958522e-252
8.012800000000000000e+04 1.109502987247958522e-252
8.019200000000000000e+04 1.109502987247958522e-252
8.025600000000000000e+04 1.109502987247958522e-252
8.032000000000000000e+04 5.957271950836869127e-254
8.038400000000000000e+04 5.957271950836869127e-254
8.044800000000000000e+04 3.404962641057063497e-254
8.051200000000000000e+04 3.355738219599003473e-254
8.057600000000000000e+04 3.355738219599003473e-254
8.064000000000000000e+04 3.355738219599003473e-254
8.070400000000000000e+04 2.967602733757281114e-255
8.076800000000000000e+04 2.907952955845026713e-255
8.083200000000000000e+04 2.907952955845026713e-255
8.089600000000000000e+04 2.907952955845026713e-255
8.096000000000000000e+04 2.907952955845026713e-255
8.102400000000000000e+04 2.907952955845026713e-255
8.108800000000000000e+04 2.907952955845026713e-255
8.115200000000000000e+04 1.392045800811136238e-255
8.121600000000000000e+04 1.322020837511019194e-255
8.128000000000000000e+04 3.526258063871006089e-256
8.134400000000000000e+04 3.526258063871006089e-256
8.140800000000000000e+04 3.526258063871006089e-256
8.147200000000000000e+04 2.655404133493878106e-256
8.153600000000000000e+04 2.655404133493878106e-256
8.160000000000000000e+04 2.655404133493878106e-256
8.166400000000000000e+04 6.042326605270624434e-257
8.172800000000000000e+04 5.334172930880889752e-257
8.179200000000000000e+04 1.516803935450624884e-257
8.185600000000000000e+04 3.926926740866645475e-258
8.192000000000000000e+04 3.926926740866645475e-258
8.198400000000000000e+04 3.926926740866645475e-258
8.204800000000000000e+04 3.926926740866645475e-258
8.211200000000000000e+04 1.010672678120808172e-258
8.217600000000000000e+04 3.613213000414337406e-259
8.224000000000000000e+04 3.613213000414337406e-259
8.230400000000000000e+04 3.613213000414337406e-259
8.236800000000000000e+04 3.515168421321770776e-259
8.243200000000000000e+04 2.364054540672794354e-259
8.249600000000000000e+04 2.364054540672794354e-259
8.256000000000000000e+04 3.524162490787336336e-260
8.262400000000000000e+04 3.524162490787336336e-260
8.268800000000000000e+04 2.420991242314568789e-260
8.275200000000000000e+04 8.132368292959252311e-261
8.281600000000000000e+04 8.132368292959252311e-261
8.288000000000000000e+04 2.589630265991482485e-262
8.294400000000000000e+04 2.589630265991482485e-262
8.300800000000000000e+04 2.589630265991482485e-262
8.307200000000000000e+04 2.589630265991482485e-262
8.313600000000000000e+04 1.192974638029294168e-262
8.320000000000000000e+04 1.192974638029294168e-262
8.326400000000000000e+04 1.192974638029294168e-262
8.332800000000000000e+04 1.022864107916905005e-262
8.339200000000000000e+04 1.022864107916905005e-262
8.345600000000000000e+04 1.022864107916905005e-262
8.352000000000000000e+04 2.281163622137187539e-263
8.358400000000000000e+04 2.281163622137187539e-263
8.364800000000000000e+04 2.281163622137187539e-263
8.371200000000000000e+04 9.884443707481971507e-264
8.377600000000000000e+04 1.428140231065199221e-264
8.384000000000000000e+04 1.428140231065199221e-264
8.390400000000000000e+04 5.350501955606577324e-265
8.396800000000000000e+04 5.350501955606577324e-265
8.403200000000000000e+04 5.350501955606577324e-265
8.409600000000000000e+04 2.174226327296150399e-266
8.416000000000000000e+04 2.174226327296150399e-266
8.422400000000000000e+04 2.174226327296150399e-266
8.428800000000000000e+04 2.174226327296150399e-266
8.435200000000000000e+04 2.174226327296150399e-266
8.441600000000000000e+04 2.174226327296150399e-266
8.448000000000000000e+04 2.174226327296150399e-266
8.454400000000000000e+04 1.095505802992402350e-266
8.460800000000000000e+04 8.319218008319438194e-267
8.467200000000000000e+04 8.319218008319438194e-267
8.473600000000000000e+04 2.768831141562230802e-267
8.480000000000000000e+04 2.768831141562230802e-267
8.486400000000000000e+04 2.768831141562230802e-267
8.492800000000000000e+04 2.372245673042717707e-267
8.499200000000000000e+04 1.980743502249647146e-267
8.505600000000000000e+04 1.831453026149291615e-267
8.512000000000000000e+04 1.222814807643301468e-267
8.518400000000000000e+04 5.753285441951645153e-268
8.524800000000000000e+04 4.332142179063678704e-269
8.531200000000000000e+04 4.332142179063678704e-269
8.537600000000000000e+04 4.332142179063678704e-269
8.544000000000000000e+04 3.769547864562985353e-270
8.550400000000000000e+04 3.769547864562985353e-270
8.556800000000000000e+04 3.769547864562985353e-270
8.563200000000000000e+04 3.769547864562985353e-270
8.569600000000000000e+04 3.769547864562985353e-270
8.576000000000000000e+04 2.594377321406513192e-270
8.582400000000000000e+04 2.316885906173966588e-270
8.588800000000000000e+04 1.673645060425620796e-270
8.595200000000000000e+04 1.637403228934419820e-270
8.601600000000000000e+04 7.543170035734969341e-271
8.608000000000000000e+04 7.543170035734969341e-271
8.614400000000000000e+04 3.024888305735299876e-271
8.620800000000000000e+04 2.600893852799998160e-271
8.627200000000000000e+04 1.219522279157418068e-271
8.633600000000000000e+04 4.533286863672820098e-272
8.640000000000000000e+04 2.465464215214079856e-272
8.646400000000000000e+04 2.465464215214079856e-272
8.652800000000000000e+04 2.465464215214079856e-272
8.659200000000000000e+04 4.198420482652889415e-274
8.665600000000000000e+04 4.198420482652889415e-274
8.672000000000000000e+04 4.198420482652889415e-274
8.678400000000000000e+04 4.198420482652889415e-274
8.684800000000000000e+04 4.198420482652889415e-274
8.691200000000000000e+04 4.198420482652889415e-274
8.697600000000000000e+04 1.161699249037208512e-274
8.704000000000000000e+04 1.161699249037208512e-274
8.710400000000000000e+04 1.161699249037208512e-274
8.716800000000000000e+04 1.161699249037208512e-274
8.723200000000000000e+04 3.494666758430714333e-275
8.729600000000000000e+04 3.309131699751006943e-276
8.736000000000000000e+04 3.309131699751006943e-276
8.742400000000000000e+04 3.309131699751006943e-276
8.748800000000000000e+04 9.803263119737654818e-277
8.755200000000000000e+04 9.803263119737654818e-277
8.761600000000000000e+04 9.803263119737654818e-277
8.768000000000000000e+04 9.803263119737654818e-277
8.774400000000000000e+04 9.803263119737654818e-277
8.780800000000000000e+04 1.715470938307131466e-277
8.787200000000000000e+04 1.715470938307131466e-277
8.793600000000000000e+04 1.715470938307131466e-277
8.800000000000000000e+04 6.173769805709407071e-278
8.806400000000000000e+04 6.173769805709407071e-278
8.812800000000000000e+04 6.690791147579389789e-279
8.819200000000000000e+04 6.690791147579389789e-279
8.825600000000000000e+04 6.690791147579389789e-279
8.832000000000000000e+04 6.690791147579389789e-279
8.838400000000000000e+04 6.690791147579389789e-279
8.844800000000000000e+04 6.690791147579389789e-279
8.851200000000000000e+04 5.496739406760964387e-279
8.857600000000000000e+04 5.895829841758625988e-280
8.864000000000000000e+04 5.895829841758625988e-280
8.870400000000000000e+04 5.895829841758625988e-280
8.876800000000000000e+04 4.707927117770893672e-280
8.883200000000000000e+04 3.564764618387105843e-280
8.889600000000000000e+04 3.564764618387105843e-280
8.896000000000000000e+04 1.368841984676208507e-280
8.902400000000000000e+04 7.415853579176430014e-282
8.908800000000000000e+04 7.415853579176430014e-282
8.915200000000000000e+04 9.447106479236178949e-283
8.921600000000000000e+04 9.447106479236178949e-283
8.928000000000000000e+04 9.447106479236178949e-283
8.934400000000000000e+04 9.447106479236178949e-283
8.940800000000000000e+04 9.447106479236178949e-283
8.947200000000000000e+04 9.447106479236178949e-283
8.953600000000000000e+04 8.710419002606051612e-283
8.960000000000000000e+04 8.710419002606051612e-283
8.966400000000000000e+04 8.710419002606051612e-283
8.972800000000000000e+04 8.710419002606051612e-283
8.979200000000000000e+04 7.096616236190053803e-283
8.985600000000000000e+04 6.233199325475736791e-283
8.992000000000000000e+04 2.525585508746573301e-284
8.998400000000000000e+04 2.525585508746573301e-284
9.004800000000000000e+04 2.525585508746573301e-284
9.011200000000000000e+04 2.525585508746573301e-284
9.017600000000000000e+04 3.062590659368389602e-285
9.024000000000000000e+04 2.291573372820589174e-285
9.030400000000000000e+04 2.291573372820589174e-285
9.036800000000000000e+04 2.291573372820589174e-285
9.043200000000000000e+04 2.291573372820589174e-285
9.049600000000000000e+04 2.291573372820589174e-285
9.056000000000000000e+04 8.845190553799960332e-286
9.062400000000000000e+04 8.845190553799960332e-286
9.068800000000000000e+04 8.845190553799960332e-286
9.075200000000000000e+04 5.520780292354980631e-286
9.081600000000000000e+04 5.520780292354980631e-286
9.088000000000000000e+04 5.520780292354980631e-286
9.094400000000000000e+04 5.069233821770050878e-288
9.100800000000000000e+04 5.069233821770050878e-288
9.107200000000000000e+04 5.069233821770050878e-288
9.113600000000000000e+04 5.069233821770050878e-288
9.120000000000000000e+04 5.069233821770050878e-288
9.126400000000000000e+04 5.069233821770050878e-288
9.132800000000000000e+04 5.069233821770050878e-288
9.139200000000000000e+04 5.069233821770050878e-288
9.145600000000000000e+04 5.069233821770050878e-288
9.152000000000000000e+04 4.979259433802927648e-288
9.158400000000000000e+04 1.317857344955490449e-288
9.164800000000000000e+04 2.233704320689043002e-289
9.171200000000000000e+04 2.233704320689043002e-289
9.177600000000000000e+04 2.233704320689043002e-289
9.184000000000000000e+04 2.233704320689043002e-289
9.190400000000000000e+04 2.233704320689043002e-289
9.196800000000000000e+04 1.314378120247147309e-289
9.203200000000000000e+04 7.647110267958055751e-290
9.209600000000000000e+04 5.748863617833300670e-291
9.216000000000000000e+04 5.748863617833300670e-291
9.222400000000000000e+04 5.748863617833300670e-291
9.228800000000000000e+04 5.748863617833300670e-291
9.235200000000000000e+04 5.748863617833300670e-291
9.241600000000000000e+04 5.748863617833300670e-291
9.248000000000000000e+04 5.748863617833300670e-291
9.254400000000000000e+04 5.586359981331937001e-292
9.260800000000000000e+04 5.586359981331937001e-292
9.267200000000000000e+04 5.586359981331937001e-292
9.273600000000000000e+04 5.236950324315823319e-292
9.280000000000000000e+04 1.182208470404238430e-292
9.286400000000000000e+04 1.182208470404238430e-292
9.292800000000000000e+04 1.182208470404238430e-292
9.299200000000000000e+04 1.182208470404238430e-292
9.305600000000000000e+04 1.182208470404238430e-292
9.312000000000000000e+04 1.182208470404238430e-292
9.318400000000000000e+04 1.151629463094341666e-294
9.324800000000000000e+04 1.151629463094341666e-294
9.331200000000000000e+04 1.151629463094341666e-294
9.337600000000000000e+04 1.151629463094341666e-294
9.344000000000000000e+04 9.771946039475716900e-295
9.350400000000000000e+04 9.771946039475716900e-295
9.356800000000000000e+04 4.414225049668109864e-295
9.363200000000000000e+04 4.414225049668109864e-295
9.369600000000000000e+04 4.414225049668109864e-295
9.376000000000000000e+04 3.680682219058204880e-295
9.382400000000000000e+04 2.673488282505559598e-295
9.388800000000000000e+04 2.673488282505559598e-295
9.395200000000000000e+04 1.681774710694407895e-296
9.401600000000000000e+04 2.787195957582549806e-297
9.408000000000000000e+04 2.787195957582549806e-297
9.414400000000000000e+04 2.787195957582549806e-297
9.420800000000000000e+04 2.787195957582549806e-297
9.427200000000000000e+04 2.787195957582549806e-297
9.433600000000000000e+04 2.787195957582549806e-297
9.440000000000000000e+04 2.787195957582549806e-297
9.446400000000000000e+04 2.787195957582549806e-297
9.452800000000000000e+04 1.381551471283821479e-297
9.459200000000000000e+04 1.381551471283821479e-297
9.465600000000000000e+04 7.819471492257831800e-298
9.472000000000000000e+04 5.228195605202491481e-298
9.478400000000000000e+04 5.228195605202491481e-298
9.484800000000000000e+04 4.580203173736021330e-298
9.491200000000000000e+04 3.607620839987489955e-298
9.497600000000000000e+04 1.032666520687003723e-299
9.504000000000000000e+04 2.048416511816989966e-300
9.510400000000000000e+04 2.048416511816989966e-300
9.516800000000000000e+04 9.933831619406732862e-301
9.523200000000000000e+04 9.933831619406732862e-301
9.529600000000000000e+04 9.933831619406732862e-301
9.536000000000000000e+04 9.933831619406732862e-301
9.542400000000000000e+04 9.933831619406732862e-301
9.548800000000000000e+04 9.933831619406732862e-301
9.555200000000000000e+04 4.018297186359889028e-302
9.561600000000000000e+04 4.018297186359889028e-302
9.568000000000000000e+04 4.018297186359889028e-302
9.574400000000000000e+04 2.413022555293306859e-303
9.580800000000000000e+04 2.413022555293306859e-303
9.587200000000000000e+04 2.413022555293306859e-303
9.593600000000000000e+04 2.413022555293306859e-303
9.600000000000000000e+04 2.413022555293306859e-303
9.606400000000000000e+04 2.413022555293306859e-303
9.612800000000000000e+04 1.204572400111425645e-303
9.619200000000000000e+04 1.204572400111425645e-303
9.625600000000000000e+04 1.204572400111425645e-303
9.632000000000000000e+04 1.204572400111425645e-303
9.638400000000000000e+04 1.204572400111425645e-303
9.644800000000000000e+04 8.428342313421863927e-304
9.651200000000000000e+04 4.086047365724503991e-304
9.657600000000000000e+04 3.187797891755450539e-304
9.664000000000000000e+04 1.983546044846289524e-305
9.670400000000000000e+04 1.983546044846289524e-305
9.676800000000000000e+04 1.983546044846289524e-305
9.683200000000000000e+04 1.983546044846289524e-305
9.689600000000000000e+04 1.983546044846289524e-305
9.696000000000000000e+04 3.829016136953899200e-306
9.702400000000000000e+04 3.829016136953899200e-306
9.708800000000000000e+04 1.752568780551486116e-306
9.715200000000000000e+04 1.752568780551486116e-306
9.721600000000000000e+04 1.752568780551486116e-306
9.728000000000000000e+04 1.752568780551486116e-306
9.734400000000000000e+04 3.032477604883288291e-307
9.740800000000000000e+04 3.032477604883288291e-307
9.747200000000000000e+04 3.032477604883288291e-307
9.753600000000000000e+04 3.032477604883288291e-307
9.760000000000000000e+04 3.032477604883288291e-307
9.766400000000000000e+04 1.296850065768893414e-307
9.772800000000000000e+04 8.172668346777946374e-308
9.779200000000000000e+04 3.936716970644373082e-308
9.785600000000000000e+04 9.183638940881316367e-309
9.792000000000000000e+04 9.183638940881316367e-309
9.798400000000000000e+04 9.183638940881316367e-309
9.804800000000000000e+04 9.183638940881316367e-309
9.811200000000000000e+04 4.718075900642757062e-309
9.817600000000000000e+04 4.718075900642757062e-309
9.824000000000000000e+04 4.718075900642757062e-309
9.830400000000000000e+04 2.040809115447858620e-309
9.836800000000000000e+04 1.662836039540324823e-309
9.843200000000000000e+04 1.662836039540324823e-309
9.849600000000000000e+04 3.881153535628826755e-310
9.856000000000000000e+04 1.881092837538425014e-310
9.862400000000000000e+04 1.555850848950137494e-311
9.868800000000000000e+04 1.555850848950137494e-311
9.875200000000000000e+04 1.555850848950137494e-311
9.881600000000000000e+04 1.555850848950137494e-311
9.888000000000000000e+04 1.555850848950137494e-311
9.894400000000000000e+04 1.066049763455901788e-311
9.900800000000000000e+04 1.066049763455901788e-311
9.907200000000000000e+04 2.152958521590038750e-312
9.913600000000000000e+04 2.152958521590038750e-312
9.920000000000000000e+04 2.152958521590038750e-312
9.926400000000000000e+04 2.152958521590038750e-312
9.932800000000000000e+04 2.152958521590038750e-312
9.939200000000000000e+04 2.152958521590038750e-312
9.945600000000000000e+04 1.054184546582284809e-312
9.952000000000000000e+04 1.054184546582284809e-312
9.958400000000000000e+04 1.178945654215111341e-313
9.964800000000000000e+04 1.178945654215111341e-313
9.971200000000000000e+04 5.772548298788129660e-314
9.977600000000000000e+04 5.772548298788129660e-314
9.984000000000000000e+04 5.772548298788129660e-314
9.990400000000000000e+04 9.181524447647428335e-315
9.996800000000000000e+04 8.447758861675882632e-315
1.000320000000000000e+05 8.447758861675882632e-315
