6.400000000000000000e+01 8.063713390511750845e-01
1.280000000000000000e+02 6.546132374952289001e-02
1.920000000000000000e+02 6.546132374952289001e-02
2.560000000000000000e+02 6.546132374952289001e-02
3.200000000000000000e+02 6.546132374952289001e-02
3.840000000000000000e+02 6.546132374952289001e-02
4.480000000000000000e+02 6.546132374952289001e-02
5.120000000000000000e+02 6.546132374952289001e-02
5.760000000000000000e+02 1.555019949723512179e-02
6.400000000000000000e+02 1.572289177993058812e-03
7.040000000000000000e+02 1.572289177993058812e-03
7.680000000000000000e+02 1.572289177993058812e-03
8.320000000000000000e+02 8.630662577034110263e-04
8.960000000000000000e+02 8.630662577034110263e-04
9.600000000000000000e+02 8.630662577034110263e-04
1.024000000000000000e+03 4.938788028031461212e-04
1.088000000000000000e+03 3.662597796469740604e-05
1.152000000000000000e+03 3.662597796469740604e-05
1.216000000000000000e+03 3.662597796469740604e-05
1.280000000000000000e+03 3.662597796469740604e-05
1.344000000000000000e+03 1.506897362177563482e-05
1.408000000000000000e+03 1.506897362177563482e-05
1.472000000000000000e+03 1.506897362177563482e-05
1.536000000000000000e+03 1.506897362177563482e-05
1.600000000000000000e+03 1.506897362177563482e-05
1.664000000000000000e+03 1.506897362177563482e-05
1.728000000000000000e+03 1.053386259500969176e-05
1.792000000000000000e+03 2.009665414139573357e-06
1.856000000000000000e+03 1.818582779962941934e-06
1.920000000000000000e+03 1.818582779962941934e-06
1.984000000000000000e+03 5.268858875583516624e-07
2.048000000000000000e+03 3.805606038912574156e-07
2.112000000000000000e+03 1.308090100231868289e-08
2.176000000000000000e+03 1.308090100231868289e-08
2.240000000000000000e+03 5.407141448275249479e-09
2.304000000000000000e+03 5.407141448275249479e-09
2.368000000000000000e+03 4.586626140229981936e-09
2.432000000000000000e+03 4.586626140229981936e-09
2.496000000000000000e+03 4.586626140229981936e-09
2.560000000000000000e+03 4.586626140229981936e-09
2.624000000000000000e+03 4.586626140229981936e-09
2.688000000000000000e+03 1.790698282236668892e-09
2.752000000000000000e+03 1.070107819698132375e-09
2.816000000000000000e+03 9.526845915844394798e-10
2.880000000000000000e+03 8.916928412474064423e-10
2.944000000000000000e+03 7.837644961350045619e-10
3.008000000000000000e+03 1.987168172938334019e-10
3.072000000000000000e+03 1.987168172938334019e-10
3.136000000000000000e+03 1.810327500290055971e-10
3.200000000000000000e+03 2.224939102287261804e-11
3.264000000000000000e+03 2.224939102287261804e-11
3.328000000000000000e+03 2.224939102287261804e-11
3.392000000000000000e+03 1.855894514184769424e-11
3.456000000000000000e+03 1.855894514184769424e-11
3.520000000000000000e+03 9.539984511433496899e-13
3.584000000000000000e+03 9.539984511433496899e-13
3.648000000000000000e+03 9.539984511433496899e-13
3.712000000000000000e+03 9.539984511433496899e-13
3.776000000000000000e+03 2.695407223296136919e-13
3.840000000000000000e+03 2.695407223296136919e-13
3.904000000000000000e+03 1.934492819944191958e-13
3.968000000000000000e+03 1.934492819944191958e-13
4.032000000000000000e+03 1.934492819944191958e-13
4.096000000000000000e+03 1.124250736414681401e-14
4.160000000000000000e+03 1.124250736414681401e-14
4.224000000000000000e+03 1.124250736414681401e-14
4.288000000000000000e+03 1.124250736414681401e-14
4.352000000000000000e+03 6.264511999696981310e-15
4.416000000000000000e+03 6.264511999696981310e-15
4.480000000000000000e+03 2.849888144180723564e-15
4.544000000000000000e+03 2.849888144180723564e-15
4.608000000000000000e+03 1.121015278451077414e-15
4.672000000000000000e+03 2.526249644552146254e-16
4.736000000000000000e+03 2.526249644552146254e-16
4.800000000000000000e+03 6.543047625425839270e-17
4.864000000000000000e+03 6.543047625425839270e-17
4.928000000000000000e+03 6.543047625425839270e-17
4.992000000000000000e+03 6.543047625425839270e-17
5.056000000000000000e+03 1.386291972976248492e-17
5.120000000000000000e+03 1.386291972976248492e-17
5.184000000000000000e+03 1.409045252067709429e-18
5.248000000000000000e+03 1.409045252067709429e-18
5.312000000000000000e+03 1.333124364583618778e-18
5.376000000000000000e+03 1.333124364583618778e-18
5.440000000000000000e+03 1.333124364583618778e-18
5.504000000000000000e+03 6.169658112014264263e-19
5.568000000000000000e+03 3.009661008451808196e-19
5.632000000000000000e+03 3.009661008451808196e-19
5.696000000000000000e+03 3.009661008451808196e-19
5.760000000000000000e+03 5.264062690454900356e-20
5.824000000000000000e+03 5.264062690454900356e-20
5.888000000000000000e+03 2.932394843910539020e-21
5.952000000000000000e+03 2.932394843910539020e-21
6.016000000000000000e+03 2.932394843910539020e-21
6.080000000000000000e+03 2.932394843910539020e-21
6.144000000000000000e+03 2.932394843910539020e-21
6.208000000000000000e+03 2.932394843910539020e-21
6.272000000000000000e+03 2.932394843910539020e-21
6.336000000000000000e+03 5.109233462848662059e-22
6.400000000000000000e+03 4.176021899691697830e-22
6.464000000000000000e+03 4.176021899691697830e-22
6.528000000000000000e+03 2.494765579522282799e-22
6.592000000000000000e+03 4.347714379359261596e-24
6.656000000000000000e+03 4.347714379359261596e-24
6.720000000000000000e+03 4.347714379359261596e-24
6.784000000000000000e+03 4.347714379359261596e-24
6.848000000000000000e+03 4.347714379359261596e-24
6.912000000000000000e+03 4.347714379359261596e-24
6.976000000000000000e+03 4.347714379359261596e-24
7.040000000000000000e+03 4.347714379359261596e-24
7.104000000000000000e+03 4.347714379359261596e-24
7.168000000000000000e+03 4.347714379359261596e-24
7.232000000000000000e+03 2.667056262287661576e-24
7.296000000000000000e+03 2.667056262287661576e-24
7.360000000000000000e+03 2.667056262287661576e-24
7.424000000000000000e+03 1.595157978311260882e-24
7.488000000000000000e+03 1.595157978311260882e-24
7.552000000000000000e+03 1.192052209266758408e-25
7.616000000000000000e+03 7.725175541330013697e-26
7.680000000000000000e+03 7.725175541330013697e-26
7.744000000000000000e+03 7.725175541330013697e-26
7.808000000000000000e+03 6.061765017989758353e-27
7.872000000000000000e+03 6.061765017989758353e-27
7.936000000000000000e+03 6.061765017989758353e-27
8.000000000000000000e+03 4.111750363430885836e-27
8.064000000000000000e+03 1.701803972986300717e-27
8.128000000000000000e+03 7.853989663507633398e-28
8.192000000000000000e+03 7.853989663507633398e-28
8.256000000000000000e+03 7.853989663507633398e-28
8.320000000000000000e+03 2.687492047102516943e-28
8.384000000000000000e+03 1.915481495326366008e-28
8.448000000000000000e+03 1.719602206611098076e-28
8.512000000000000000e+03 1.457092168210350769e-28
8.576000000000000000e+03 4.758802592583222960e-30
8.640000000000000000e+03 4.758802592583222960e-30
8.704000000000000000e+03 4.758802592583222960e-30
8.768000000000000000e+03 4.758802592583222960e-30
8.832000000000000000e+03 2.501523667963153132e-30
8.896000000000000000e+03 2.501523667963153132e-30
8.960000000000000000e+03 1.499141285989680126e-30
9.024000000000000000e+03 1.499141285989680126e-30
9.088000000000000000e+03 1.499141285989680126e-30
9.152000000000000000e+03 9.673496622241491406e-31
9.216000000000000000e+03 4.435026161686911679e-32
9.280000000000000000e+03 4.435026161686911679e-32
9.344000000000000000e+03 4.435026161686911679e-32
9.408000000000000000e+03 4.435026161686911679e-32
9.472000000000000000e+03 4.378205662872235407e-32
9.536000000000000000e+03 2.297363569911093634e-32
9.600000000000000000e+03 2.297363569911093634e-32
9.664000000000000000e+03 2.297363569911093634e-32
9.728000000000000000e+03 2.297363569911093634e-32
9.792000000000000000e+03 6.186930056861485944e-33
9.856000000000000000e+03 6.186930056861485944e-33
9.920000000000000000e+03 4.916427973255407059e-34
9.984000000000000000e+03 4.916427973255407059e-34
1.004800000000000000e+04 4.916427973255407059e-34
1.011200000000000000e+04 4.916427973255407059e-34
1.017600000000000000e+04 4.916427973255407059e-34
1.024000000000000000e+04 4.916427973255407059e-34
1.030400000000000000e+04 4.916427973255407059e-34
1.036800000000000000e+04 4.916427973255407059e-34
1.043200000000000000e+04 1.828519243597149078e-34
1.049600000000000000e+04 1.472950474719840847e-34
1.056000000000000000e+04 1.073378548606297844e-35
1.062400000000000000e+04 1.073378548606297844e-35
1.068800000000000000e+04 2.965908050625450606e-37
1.075200000000000000e+04 2.965908050625450606e-37
1.081600000000000000e+04 2.965908050625450606e-37
1.088000000000000000e+04 2.965908050625450606e-37
1.094400000000000000e+04 2.965908050625450606e-37
1.100800000000000000e+04 2.965908050625450606e-37
1.107200000000000000e+04 2.965908050625450606e-37
1.113600000000000000e+04 6.596067124224161441e-38
1.120000000000000000e+04 6.596067124224161441e-38
1.126400000000000000e+04 6.596067124224161441e-38
1.132800000000000000e+04 6.596067124224161441e-38
1.139200000000000000e+04 5.742958253573538253e-38
1.145600000000000000e+04 5.742958253573538253e-38
1.152000000000000000e+04 5.332850248079078903e-38
1.158400000000000000e+04 5.332850248079078903e-38
1.164800000000000000e+04 3.426505206555450934e-38
1.171200000000000000e+04 1.379370769753707615e-38
1.177600000000000000e+04 4.245430217154906386e-40
1.184000000000000000e+04 4.245430217154906386e-40
1.190400000000000000e+04 4.245430217154906386e-40
1.196800000000000000e+04 4.245430217154906386e-40
1.203200000000000000e+04 4.245430217154906386e-40
1.209600000000000000e+04 4.245430217154906386e-40
1.216000000000000000e+04 1.843984665967783892e-40
1.222400000000000000e+04 9.435722144496875795e-41
1.228800000000000000e+04 9.435722144496875795e-41
1.235200000000000000e+04 9.435722144496875795e-41
1.241600000000000000e+04 9.435722144496875795e-41
1.248000000000000000e+04 7.231531248659272204e-42
1.254400000000000000e+04 7.231531248659272204e-42
1.260800000000000000e+04 7.231531248659272204e-42
1.267200000000000000e+04 7.231531248659272204e-42
1.273600000000000000e+04 7.231531248659272204e-42
1.280000000000000000e+04 2.093707723734116203e-42
1.286400000000000000e+04 2.093707723734116203e-42
1.292800000000000000e+04 2.093707723734116203e-42
1.299200000000000000e+04 2.093707723734116203e-42
1.305600000000000000e+04 7.960467170273395366e-43
1.312000000000000000e+04 7.960467170273395366e-43
1.318400000000000000e+04 7.960467170273395366e-43
1.324800000000000000e+04 2.089992851645444929e-43
1.331200000000000000e+04 9.253683743961448396e-44
1.337600000000000000e+04 9.253683743961448396e-44
1.344000000000000000e+04 6.717440849962022645e-45
1.350400000000000000e+04 6.717440849962022645e-45
1.356800000000000000e+04 5.397711267199536955e-45
1.363200000000000000e+04 5.553611473783845449e-46
1.369600000000000000e+04 4.776080913206586880e-46
1.376000000000000000e+04 4.776080913206586880e-46
1.382400000000000000e+04 4.776080913206586880e-46
1.388800000000000000e+04 4.776080913206586880e-46
1.395200000000000000e+04 7.630385354024815211e-47
1.401600000000000000e+04 3.552686272710105235e-47
1.408000000000000000e+04 1.067270953350530600e-47
1.414400000000000000e+04 1.067270953350530600e-47
1.420800000000000000e+04 4.086403258321283751e-48
1.427200000000000000e+04 2.829625133844817003e-48
1.433600000000000000e+04 2.829625133844817003e-48
1.440000000000000000e+04 2.829625133844817003e-48
1.446400000000000000e+04 2.829625133844817003e-48
1.452800000000000000e+04 2.636193888684834310e-48
1.459200000000000000e+04 2.940703288824086851e-49
1.465600000000000000e+04 2.940703288824086851e-49
1.472000000000000000e+04 2.119817509262663460e-49
1.478400000000000000e+04 2.119817509262663460e-49
1.484800000000000000e+04 2.119817509262663460e-49
1.491200000000000000e+04 5.261262810631902518e-51
1.497600000000000000e+04 3.290508800001943210e-51
1.504000000000000000e+04 3.290508800001943210e-51
1.510400000000000000e+04 3.290508800001943210e-51
1.516800000000000000e+04 1.875838155166783147e-51
1.523200000000000000e+04 1.875838155166783147e-51
1.529600000000000000e+04 1.875838155166783147e-51
1.536000000000000000e+04 3.067499312611271218e-52
1.542400000000000000e+04 3.067499312611271218e-52
1.548800000000000000e+04 3.067499312611271218e-52
1.555200000000000000e+04 3.067499312611271218e-52
1.561600000000000000e+04 1.401316096179059108e-52
1.568000000000000000e+04 7.047877742182388092e-53
1.574400000000000000e+04 3.067498360453794353e-53
1.580800000000000000e+04 1.802767202696563072e-53
1.587200000000000000e+04 1.802767202696563072e-53
1.593600000000000000e+04 1.802767202696563072e-53
1.600000000000000000e+04 7.887490773552291807e-54
1.606400000000000000e+04 7.887490773552291807e-54
1.612800000000000000e+04 7.887490773552291807e-54
1.619200000000000000e+04 7.887490773552291807e-54
1.625600000000000000e+04 7.887490773552291807e-54
1.632000000000000000e+04 7.391841851733175462e-54
1.638400000000000000e+04 6.430748464576261484e-54
1.644800000000000000e+04 3.251727053708344202e-54
1.651200000000000000e+04 1.838309742652791327e-54
1.657600000000000000e+04 7.203221652394929063e-55
1.664000000000000000e+04 7.203221652394929063e-55
1.670400000000000000e+04 7.203221652394929063e-55
1.676800000000000000e+04 6.683934026771528616e-55
1.683200000000000000e+04 6.683934026771528616e-55
1.689600000000000000e+04 6.502836306740314294e-56
1.696000000000000000e+04 6.502836306740314294e-56
1.702400000000000000e+04 6.502836306740314294e-56
1.708800000000000000e+04 3.242168839524308812e-56
1.715200000000000000e+04 2.655551583905659568e-56
1.721600000000000000e+04 2.655551583905659568e-56
1.728000000000000000e+04 2.655551583905659568e-56
1.734400000000000000e+04 2.655551583905659568e-56
1.740800000000000000e+04 4.098830738695536941e-58
1.747200000000000000e+04 4.098830738695536941e-58
1.753600000000000000e+04 4.098830738695536941e-58
1.760000000000000000e+04 4.098830738695536941e-58
1.766400000000000000e+04 4.098830738695536941e-58
1.772800000000000000e+04 4.098830738695536941e-58
1.779200000000000000e+04 1.556687922649313772e-58
1.785600000000000000e+04 1.556687922649313772e-58
1.792000000000000000e+04 1.556687922649313772e-58
1.798400000000000000e+04 1.556687922649313772e-58
1.804800000000000000e+04 1.613964603550594023e-59
1.811200000000000000e+04 1.613964603550594023e-59
1.817600000000000000e+04 1.583350595162497168e-59
1.824000000000000000e+04 1.583350595162497168e-59
1.830400000000000000e+04 7.790394224617523791e-60
1.836800000000000000e+04 7.790394224617523791e-60
1.843200000000000000e+04 7.790394224617523791e-60
1.849600000000000000e+04 7.790394224617523791e-60
1.856000000000000000e+04 3.516869692872005830e-62
1.862400000000000000e+04 3.516869692872005830e-62
1.868800000000000000e+04 3.516869692872005830e-62
1.875200000000000000e+04 3.516869692872005830e-62
1.881600000000000000e+04 3.516869692872005830e-62
1.888000000000000000e+04 3.516869692872005830e-62
1.894400000000000000e+04 3.516869692872005830e-62
1.900800000000000000e+04 3.516869692872005830e-62
1.907200000000000000e+04 3.516869692872005830e-62
1.913600000000000000e+04 1.619855371514577616e-62
1.920000000000000000e+04 7.805502558974865108e-64
1.926400000000000000e+04 7.805502558974865108e-64
1.932800000000000000e+04 7.805502558974865108e-64
1.939200000000000000e+04 7.805502558974865108e-64
1.945600000000000000e+04 7.805502558974865108e-64
1.952000000000000000e+04 7.805502558974865108e-64
1.958400000000000000e+04 3.374731895421313447e-64
1.964800000000000000e+04 3.374731895421313447e-64
1.971200000000000000e+04 3.374731895421313447e-64
1.977600000000000000e+04 1.623367302483462200e-64
1.984000000000000000e+04 1.623367302483462200e-64
1.990400000000000000e+04 1.442185572878831738e-65
1.996800000000000000e+04 1.442185572878831738e-65
2.003200000000000000e+04 1.442185572878831738e-65
2.009600000000000000e+04 1.442185572878831738e-65
2.016000000000000000e+04 1.442185572878831738e-65
2.022400000000000000e+04 1.442185572878831738e-65
2.028800000000000000e+04 1.019897279569537535e-65
2.035200000000000000e+04 3.615539994218043903e-66
2.041600000000000000e+04 3.615539994218043903e-66
2.048000000000000000e+04 3.615539994218043903e-66
2.054400000000000000e+04 3.580417389358694126e-68
2.060800000000000000e+04 3.580417389358694126e-68
2.067200000000000000e+04 3.580417389358694126e-68
2.073600000000000000e+04 3.580417389358694126e-68
2.080000000000000000e+04 3.580417389358694126e-68
2.086400000000000000e+04 3.580417389358694126e-68
2.092800000000000000e+04 3.580417389358694126e-68
2.099200000000000000e+04 3.580417389358694126e-68
2.105600000000000000e+04 4.297671045734791875e-70
2.112000000000000000e+04 4.297671045734791875e-70
2.118400000000000000e+04 4.297671045734791875e-70
2.124800000000000000e+04 4.297671045734791875e-70
2.131200000000000000e+04 4.297671045734791875e-70
2.137600000000000000e+04 4.297671045734791875e-70
2.144000000000000000e+04 4.297671045734791875e-70
2.150400000000000000e+04 4.297671045734791875e-70
2.156800000000000000e+04 3.109781856196514685e-71
2.163200000000000000e+04 3.109781856196514685e-71
2.169600000000000000e+04 3.109781856196514685e-71
2.176000000000000000e+04 3.109781856196514685e-71
2.182400000000000000e+04 8.868099525642243012e-72
2.188800000000000000e+04 8.868099525642243012e-72
2.195200000000000000e+04 8.868099525642243012e-72
2.201600000000000000e+04 8.868099525642243012e-72
2.208000000000000000e+04 5.079793092276052724e-72
2.214400000000000000e+04 5.079793092276052724e-72
2.220800000000000000e+04 1.449255796539472851e-73
2.227200000000000000e+04 1.449255796539472851e-73
2.233600000000000000e+04 1.449255796539472851e-73
2.240000000000000000e+04 1.449255796539472851e-73
2.246400000000000000e+04 1.449255796539472851e-73
2.252800000000000000e+04 5.163714174716151530e-74
2.259200000000000000e+04 5.163714174716151530e-74
2.265600000000000000e+04 4.926047188691768964e-74
2.272000000000000000e+04 9.671415468693655556e-75
2.278400000000000000e+04 6.690591752776575729e-76
2.284800000000000000e+04 4.360366240043057252e-76
2.291200000000000000e+04 4.360366240043057252e-76
2.297600000000000000e+04 4.360366240043057252e-76
2.304000000000000000e+04 4.360366240043057252e-76
2.310400000000000000e+04 4.360366240043057252e-76
2.316800000000000000e+04 4.360366240043057252e-76
2.323200000000000000e+04 4.360366240043057252e-76
2.329600000000000000e+04 1.902965893334304512e-76
2.336000000000000000e+04 1.902965893334304512e-76
2.342400000000000000e+04 1.902965893334304512e-76
2.348800000000000000e+04 1.561111857906733423e-79
2.355200000000000000e+04 1.561111857906733423e-79
2.361600000000000000e+04 1.561111857906733423e-79
2.368000000000000000e+04 1.561111857906733423e-79
2.374400000000000000e+04 1.561111857906733423e-79
2.380800000000000000e+04 1.561111857906733423e-79
2.387200000000000000e+04 1.561111857906733423e-79
2.393600000000000000e+04 1.561111857906733423e-79
2.400000000000000000e+04 1.218884841859157380e-80
2.406400000000000000e+04 1.218884841859157380e-80
2.412800000000000000e+04 1.218884841859157380e-80
2.419200000000000000e+04 1.218884841859157380e-80
2.425600000000000000e+04 1.218884841859157380e-80
2.432000000000000000e+04 1.218884841859157380e-80
2.438400000000000000e+04 1.218884841859157380e-80
2.444800000000000000e+04 1.218884841859157380e-80
2.451200000000000000e+04 1.218884841859157380e-80
2.457600000000000000e+04 1.218884841859157380e-80
2.464000000000000000e+04 1.603360914376226899e-81
2.470400000000000000e+04 1.603360914376226899e-81
2.476800000000000000e+04 1.603360914376226899e-81
2.483200000000000000e+04 1.603360914376226899e-81
2.489600000000000000e+04 1.603360914376226899e-81
2.496000000000000000e+04 1.323002393828709853e-81
2.502400000000000000e+04 6.913622299438790493e-83
2.508800000000000000e+04 3.186520375763261857e-84
2.515200000000000000e+04 3.186520375763261857e-84
2.521600000000000000e+04 3.186520375763261857e-84
2.528000000000000000e+04 3.186520375763261857e-84
2.534400000000000000e+04 3.186520375763261857e-84
2.540800000000000000e+04 3.186520375763261857e-84
2.547200000000000000e+04 3.186520375763261857e-84
2.553600000000000000e+04 1.101544456393174821e-84
2.560000000000000000e+04 1.101544456393174821e-84
2.566400000000000000e+04 9.312682061394159995e-85
2.572800000000000000e+04 9.312682061394159995e-85
2.579200000000000000e+04 1.946965373044851840e-85
2.585600000000000000e+04 1.946965373044851840e-85
2.592000000000000000e+04 9.645993500820107714e-86
2.598400000000000000e+04 9.645993500820107714e-86
2.604800000000000000e+04 1.993746429249854352e-86
2.611200000000000000e+04 7.044736541109380660e-87
2.617600000000000000e+04 3.138803553139280687e-87
2.624000000000000000e+04 3.138803553139280687e-87
2.630400000000000000e+04 4.816988204565587709e-88
2.636800000000000000e+04 4.816988204565587709e-88
2.643200000000000000e+04 4.816988204565587709e-88
2.649600000000000000e+04 4.816988204565587709e-88
2.656000000000000000e+04 4.816988204565587709e-88
2.662400000000000000e+04 4.816988204565587709e-88
2.668800000000000000e+04 2.115846211207653606e-88
2.675200000000000000e+04 6.766110381895527444e-89
2.681600000000000000e+04 8.960930819477542034e-90
2.688000000000000000e+04 8.960930819477542034e-90
2.694400000000000000e+04 8.960930819477542034e-90
2.700800000000000000e+04 8.960930819477542034e-90
2.707200000000000000e+04 8.960930819477542034e-90
2.713600000000000000e+04 3.914654727662809544e-90
2.720000000000000000e+04 3.914654727662809544e-90
2.726400000000000000e+04 3.914654727662809544e-90
2.732800000000000000e+04 1.473854010934413898e-90
2.739200000000000000e+04 1.245366260551162179e-91
2.745600000000000000e+04 1.940208463765573837e-92
2.752000000000000000e+04 1.940208463765573837e-92
2.758400000000000000e+04 1.940208463765573837e-92
2.764800000000000000e+04 1.940208463765573837e-92
2.771200000000000000e+04 1.940208463765573837e-92
2.777600000000000000e+04 1.282435979129600992e-92
2.784000000000000000e+04 1.282435979129600992e-92
2.790400000000000000e+04 1.282435979129600992e-92
2.796800000000000000e+04 2.552716221607477912e-93
2.803200000000000000e+04 2.552716221607477912e-93
2.809600000000000000e+04 8.330149654782040015e-94
2.816000000000000000e+04 8.330149654782040015e-94
2.822400000000000000e+04 8.330149654782040015e-94
2.828800000000000000e+04 8.330149654782040015e-94
2.835200000000000000e+04 8.330149654782040015e-94
2.841600000000000000e+04 8.330149654782040015e-94
2.848000000000000000e+04 1.348806827561216626e-94
2.854400000000000000e+04 1.348806827561216626e-94
2.860800000000000000e+04 1.348806827561216626e-94
2.867200000000000000e+04 4.904870987738795836e-95
2.873600000000000000e+04 4.904870987738795836e-95
2.880000000000000000e+04 2.970533084007890692e-95
2.886400000000000000e+04 2.970533084007890692e-95
2.892800000000000000e+04 2.970533084007890692e-95
2.899200000000000000e+04 9.580190530438288331e-96
2.905600000000000000e+04 5.272029457593695251e-96
2.912000000000000000e+04 7.131665154632071491e-97
2.918400000000000000e+04 7.131665154632071491e-97
2.924800000000000000e+04 7.780922896884588563e-98
2.931200000000000000e+04 7.780922896884588563e-98
2.937600000000000000e+04 7.780922896884588563e-98
2.944000000000000000e+04 7.780922896884588563e-98
2.950400000000000000e+04 7.780922896884588563e-98
2.956800000000000000e+04 7.780922896884588563e-98
2.963200000000000000e+04 8.951994114102114751e-99
2.969600000000000000e+04 8.951994114102114751e-99
2.976000000000000000e+04 8.951994114102114751e-99
2.982400000000000000e+04 8.951994114102114751e-99
2.988800000000000000e+04 4.928275417521979261e-99
2.995200000000000000e+04 4.928275417521979261e-99
3.001600000000000000e+04 4.928275417521979261e-99
3.008000000000000000e+04 4.928275417521979261e-99
3.014400000000000000e+04 4.928275417521979261e-99
3.020800000000000000e+04 1.615270588920361819e-99
3.027200000000000000e+04 1.615270588920361819e-99
3.033600000000000000e+04 1.442796363495544455e-99
3.040000000000000000e+04 2.011561144711382882e-100
3.046400000000000000e+04 2.011561144711382882e-100
3.052800000000000000e+04 2.011561144711382882e-100
3.059200000000000000e+04 2.011561144711382882e-100
3.065600000000000000e+04 2.011561144711382882e-100
3.072000000000000000e+04 2.011561144711382882e-100
3.078400000000000000e+04 9.349315637733734276e-101
3.084800000000000000e+04 9.349315637733734276e-101
3.091200000000000000e+04 7.043441533640167156e-101
3.097600000000000000e+04 3.592977350616501845e-101
3.104000000000000000e+04 6.576582013715169582e-102
3.110400000000000000e+04 5.588957544078373669e-102
3.116800000000000000e+04 5.588957544078373669e-102
3.123200000000000000e+04 5.588957544078373669e-102
3.129600000000000000e+04 5.588957544078373669e-102
3.136000000000000000e+04 5.588957544078373669e-102
3.142400000000000000e+04 2.428271356819714623e-102
3.148800000000000000e+04 2.369793221520392913e-103
3.155200000000000000e+04 2.369793221520392913e-103
3.161600000000000000e+04 2.369793221520392913e-103
3.168000000000000000e+04 1.502113846297010101e-103
3.174400000000000000e+04 6.661801829461549344e-104
3.180800000000000000e+04 4.707966590058519993e-105
3.187200000000000000e+04 4.707966590058519993e-105
3.193600000000000000e+04 4.707966590058519993e-105
3.200000000000000000e+04 4.707966590058519993e-105
3.206400000000000000e+04 4.707966590058519993e-105
3.212800000000000000e+04 4.707966590058519993e-105
3.219200000000000000e+04 4.428945626968670374e-105
3.225600000000000000e+04 4.141821432742885830e-105
3.232000000000000000e+04 1.734062596925836728e-105
3.238400000000000000e+04 3.350924910302643973e-107
3.244800000000000000e+04 3.297942790557207601e-107
3.251200000000000000e+04 3.297942790557207601e-107
3.257600000000000000e+04 3.297942790557207601e-107
3.264000000000000000e+04 3.297942790557207601e-107
3.270400000000000000e+04 3.297942790557207601e-107
3.276800000000000000e+04 3.297942790557207601e-107
3.283200000000000000e+04 4.081460593978175058e-108
3.289600000000000000e+04 4.081460593978175058e-108
3.296000000000000000e+04 1.426813475588755614e-109
3.302400000000000000e+04 1.426813475588755614e-109
3.308800000000000000e+04 1.426813475588755614e-109
3.315200000000000000e+04 6.377366018437348345e-110
3.321600000000000000e+04 2.126514416979041772e-110
3.328000000000000000e+04 2.126514416979041772e-110
3.334400000000000000e+04 2.126514416979041772e-110
3.340800000000000000e+04 2.126514416979041772e-110
3.347200000000000000e+04 2.126514416979041772e-110
3.353600000000000000e+04 7.191324625801687983e-111
3.360000000000000000e+04 7.191324625801687983e-111
3.366400000000000000e+04 1.881467730103988254e-111
3.372800000000000000e+04 1.881467730103988254e-111
3.379200000000000000e+04 1.881467730103988254e-111
3.385600000000000000e+04 1.881467730103988254e-111
3.392000000000000000e+04 1.881467730103988254e-111
3.398400000000000000e+04 1.881467730103988254e-111
3.404800000000000000e+04 1.881467730103988254e-111
3.411200000000000000e+04 1.881467730103988254e-111
3.417600000000000000e+04 1.881467730103988254e-111
3.424000000000000000e+04 1.627312800142610147e-112
3.430400000000000000e+04 5.451781989702957140e-113
3.436800000000000000e+04 5.451781989702957140e-113
3.443200000000000000e+04 5.451781989702957140e-113
3.449600000000000000e+04 5.451781989702957140e-113
3.456000000000000000e+04 5.451781989702957140e-113
3.462400000000000000e+04 3.591803742360516433e-113
3.468800000000000000e+04 3.591803742360516433e-113
3.475200000000000000e+04 5.126065147948293317e-114
3.481600000000000000e+04 5.126065147948293317e-114
3.488000000000000000e+04 5.126065147948293317e-114
3.494400000000000000e+04 5.126065147948293317e-114
3.500800000000000000e+04 3.080915992651855547e-114
3.507200000000000000e+04 3.080915992651855547e-114
3.513600000000000000e+04 3.080915992651855547e-114
3.520000000000000000e+04 3.080915992651855547e-114
3.526400000000000000e+04 4.502251923832551208e-115
3.532800000000000000e+04 8.270436031605240744e-116
3.539200000000000000e+04 8.270436031605240744e-116
3.545600000000000000e+04 8.270436031605240744e-116
3.552000000000000000e+04 8.270436031605240744e-116
3.558400000000000000e+04 7.503766400278419178e-116
3.564800000000000000e+04 7.307565015231748989e-116
3.571200000000000000e+04 7.307565015231748989e-116
3.577600000000000000e+04 1.324781393196896485e-116
3.584000000000000000e+04 6.962743147183294120e-117
3.590400000000000000e+04 6.962743147183294120e-117
3.596800000000000000e+04 1.006372497300968234e-117
3.603200000000000000e+04 1.006372497300968234e-117
3.609600000000000000e+04 1.006372497300968234e-117
3.616000000000000000e+04 6.410740074172293248e-118
3.622400000000000000e+04 6.410740074172293248e-118
3.628800000000000000e+04 6.410740074172293248e-118
3.635200000000000000e+04 6.410740074172293248e-118
3.641600000000000000e+04 5.287513750725234862e-118
3.648000000000000000e+04 2.182927075186163189e-118
3.654400000000000000e+04 2.182927075186163189e-118
3.660800000000000000e+04 4.792603133488485253e-119
3.667200000000000000e+04 4.792603133488485253e-119
3.673600000000000000e+04 4.792603133488485253e-119
3.680000000000000000e+04 8.512928113274349690e-120
3.686400000000000000e+04 8.512928113274349690e-120
3.692800000000000000e+04 8.512928113274349690e-120
3.699200000000000000e+04 8.512928113274349690e-120
3.705600000000000000e+04 2.889431268839286151e-120
3.712000000000000000e+04 2.167030071125555466e-120
3.718400000000000000e+04 9.852347091853778451e-122
3.724800000000000000e+04 9.852347091853778451e-122
3.731200000000000000e+04 9.852347091853778451e-122
3.737600000000000000e+04 9.852347091853778451e-122
3.744000000000000000e+04 9.852347091853778451e-122
3.750400000000000000e+04 9.852347091853778451e-122
3.756800000000000000e+04 9.852347091853778451e-122
3.763200000000000000e+04 9.185699381790691953e-122
3.769600000000000000e+04 6.896212165020785671e-122
3.776000000000000000e+04 6.456463764668923043e-123
3.782400000000000000e+04 6.456463764668923043e-123
3.788800000000000000e+04 2.567874006243858977e-123
3.795200000000000000e+04 1.527006326283104406e-123
3.801600000000000000e+04 1.076492398816065485e-123
3.808000000000000000e+04 1.076492398816065485e-123
3.814400000000000000e+04 9.364886723965781388e-124
3.820800000000000000e+04 9.364886723965781388e-124
3.827200000000000000e+04 9.364886723965781388e-124
3.833600000000000000e+04 9.364886723965781388e-124
3.840000000000000000e+04 2.580189085022731907e-124
3.846400000000000000e+04 6.084066831095927083e-126
3.852800000000000000e+04 6.084066831095927083e-126
3.859200000000000000e+04 6.084066831095927083e-126
3.865600000000000000e+04 6.084066831095927083e-126
3.872000000000000000e+04 6.084066831095927083e-126
3.878400000000000000e+04 6.084066831095927083e-126
3.884800000000000000e+04 6.084066831095927083e-126
3.891200000000000000e+04 6.084066831095927083e-126
3.897600000000000000e+04 6.115578403531779013e-127
3.904000000000000000e+04 1.532933223825457502e-127
3.910400000000000000e+04 1.532933223825457502e-127
3.916800000000000000e+04 1.532933223825457502e-127
3.923200000000000000e+04 1.532933223825457502e-127
3.929600000000000000e+04 1.532933223825457502e-127
3.936000000000000000e+04 1.532933223825457502e-127
3.942400000000000000e+04 2.234918899476048764e-128
3.948800000000000000e+04 7.754238905960504969e-129
3.955200000000000000e+04 7.754238905960504969e-129
3.961600000000000000e+04 7.754238905960504969e-129
3.968000000000000000e+04 1.906136699454847064e-129
3.974400000000000000e+04 1.906136699454847064e-129
3.980800000000000000e+04 1.906136699454847064e-129
3.987200000000000000e+04 1.709520047449307519e-129
3.993600000000000000e+04 6.057844266807370311e-131
4.000000000000000000e+04 6.057844266807370311e-131
4.006400000000000000e+04 6.057844266807370311e-131
4.012800000000000000e+04 6.057844266807370311e-131
4.019200000000000000e+04 6.057844266807370311e-131
4.025600000000000000e+04 6.057844266807370311e-131
4.032000000000000000e+04 2.116022354877693044e-131
4.038400000000000000e+04 2.116022354877693044e-131
4.044800000000000000e+04 1.143160150663016432e-131
4.051200000000000000e+04 1.143160150663016432e-131
4.057600000000000000e+04 1.158052856790110809e-132
4.064000000000000000e+04 6.740199104441413854e-133
4.070400000000000000e+04 3.159463279048829955e-133
4.076800000000000000e+04 3.159463279048829955e-133
4.083200000000000000e+04 9.618075321466593551e-134
4.089600000000000000e+04 9.618075321466593551e-134
4.096000000000000000e+04 9.618075321466593551e-134
4.102400000000000000e+04 5.533124212597775906e-136
4.108800000000000000e+04 5.533124212597775906e-136
4.115200000000000000e+04 5.533124212597775906e-136
4.121600000000000000e+04 5.533124212597775906e-136
4.128000000000000000e+04 5.533124212597775906e-136
4.134400000000000000e+04 5.533124212597775906e-136
4.140800000000000000e+04 5.533124212597775906e-136
4.147200000000000000e+04 5.533124212597775906e-136
4.153600000000000000e+04 5.533124212597775906e-136
4.160000000000000000e+04 2.207296666477477473e-136
4.166400000000000000e+04 2.207296666477477473e-136
4.172800000000000000e+04 2.207296666477477473e-136
4.179200000000000000e+04 2.207296666477477473e-136
4.185600000000000000e+04 6.532429368284810237e-137
4.192000000000000000e+04 6.532429368284810237e-137
4.198400000000000000e+04 5.742060289345717657e-137
4.204800000000000000e+04 5.742060289345717657e-137
4.211200000000000000e+04 2.411640745495961827e-137
4.217600000000000000e+04 1.207994708314272458e-137
4.224000000000000000e+04 5.297568516241538955e-138
4.230400000000000000e+04 5.297568516241538955e-138
4.236800000000000000e+04 1.856089478147822253e-138
4.243200000000000000e+04 1.197164701868312244e-138
4.249600000000000000e+04 5.203831354833333670e-139
4.256000000000000000e+04 5.203831354833333670e-139
4.262400000000000000e+04 2.812443075943696218e-139
4.268800000000000000e+04 2.812443075943696218e-139
4.275200000000000000e+04 1.779424599640402899e-139
4.281600000000000000e+04 1.288315215263116506e-139
4.288000000000000000e+04 1.288315215263116506e-139
4.294400000000000000e+04 1.976682614262094543e-140
4.300800000000000000e+04 1.976682614262094543e-140
4.307200000000000000e+04 1.976682614262094543e-140
4.313600000000000000e+04 6.817802995866386642e-141
4.320000000000000000e+04 6.817802995866386642e-141
4.326400000000000000e+04 6.817802995866386642e-141
4.332800000000000000e+04 4.610046960223645555e-141
4.339200000000000000e+04 2.730461178924740550e-142
4.345600000000000000e+04 2.730461178924740550e-142
4.352000000000000000e+04 2.730461178924740550e-142
4.358400000000000000e+04 2.730461178924740550e-142
4.364800000000000000e+04 2.730461178924740550e-142
4.371200000000000000e+04 8.375509532725002355e-143
4.377600000000000000e+04 8.375509532725002355e-143
4.384000000000000000e+04 8.375509532725002355e-143
4.390400000000000000e+04 8.375509532725002355e-143
4.396800000000000000e+04 8.375509532725002355e-143
4.403200000000000000e+04 4.333568550712696840e-143
4.409600000000000000e+04 1.506542825905362281e-143
4.416000000000000000e+04 1.506542825905362281e-143
4.422400000000000000e+04 9.990855908764563629e-145
4.428800000000000000e+04 9.990855908764563629e-145
4.435200000000000000e+04 9.990855908764563629e-145
4.441600000000000000e+04 9.990855908764563629e-145
4.448000000000000000e+04 9.990855908764563629e-145
4.454400000000000000e+04 9.990855908764563629e-145
4.460800000000000000e+04 9.990855908764563629e-145
4.467200000000000000e+04 9.990855908764563629e-145
4.473600000000000000e+04 7.858962798404150403e-145
4.480000000000000000e+04 7.858962798404150403e-145
4.486400000000000000e+04 4.388970737677707939e-145
4.492800000000000000e+04 9.118705179499166978e-146
4.499200000000000000e+04 1.724612241045584895e-146
4.505600000000000000e+04 1.724612241045584895e-146
4.512000000000000000e+04 1.724612241045584895e-146
4.518400000000000000e+04 3.171815568276452566e-147
4.524800000000000000e+04 1.267720070102826979e-147
4.531200000000000000e+04 1.252596533773310915e-147
4.537600000000000000e+04 1.252596533773310915e-147
4.544000000000000000e+04 9.657395888017481089e-148
4.550400000000000000e+04 9.657395888017481089e-148
4.556800000000000000e+04 3.060782149286493382e-148
4.563200000000000000e+04 2.569192229581688685e-148
4.569600000000000000e+04 2.569192229581688685e-148
4.576000000000000000e+04 2.569192229581688685e-148
4.582400000000000000e+04 2.569192229581688685e-148
4.588800000000000000e+04 1.707912143608934958e-148
4.595200000000000000e+04 5.164442595306096226e-149
4.601600000000000000e+04 5.164442595306096226e-149
4.608000000000000000e+04 2.161046800765869408e-151
4.614400000000000000e+04 2.161046800765869408e-151
4.620800000000000000e+04 2.161046800765869408e-151
4.627200000000000000e+04 2.161046800765869408e-151
4.633600000000000000e+04 2.161046800765869408e-151
4.640000000000000000e+04 2.161046800765869408e-151
4.646400000000000000e+04 2.161046800765869408e-151
4.652800000000000000e+04 3.461553874852901278e-152
4.659200000000000000e+04 3.461553874852901278e-152
4.665600000000000000e+04 3.461553874852901278e-152
4.672000000000000000e+04 3.461553874852901278e-152
4.678400000000000000e+04 3.461553874852901278e-152
4.684800000000000000e+04 3.461553874852901278e-152
4.691200000000000000e+04 3.461553874852901278e-152
4.697600000000000000e+04 2.154751320303166719e-152
4.704000000000000000e+04 2.154751320303166719e-152
4.710400000000000000e+04 1.196847411553971837e-152
4.716800000000000000e+04 1.196847411553971837e-152
4.723200000000000000e+04 1.196847411553971837e-152
4.729600000000000000e+04 3.844259468406416724e-154
4.736000000000000000e+04 3.844259468406416724e-154
4.742400000000000000e+04 3.844259468406416724e-154
4.748800000000000000e+04 3.844259468406416724e-154
4.755200000000000000e+04 2.208192085644006272e-155
4.761600000000000000e+04 2.208192085644006272e-155
4.768000000000000000e+04 2.208192085644006272e-155
4.774400000000000000e+04 2.208192085644006272e-155
4.780800000000000000e+04 2.208192085644006272e-155
4.787200000000000000e+04 2.133420023876507694e-155
4.793600000000000000e+04 2.133420023876507694e-155
4.800000000000000000e+04 1.966815949712813285e-155
4.806400000000000000e+04 1.966815949712813285e-155
4.812800000000000000e+04 1.957179114423385126e-156
4.819200000000000000e+04 1.224043223418310445e-156
4.825600000000000000e+04 2.842777885369333199e-157
4.832000000000000000e+04 2.842777885369333199e-157
4.838400000000000000e+04 1.122031738657936907e-157
4.844800000000000000e+04 1.122031738657936907e-157
4.851200000000000000e+04 1.122031738657936907e-157
4.857600000000000000e+04 5.674918281765680235e-159
4.864000000000000000e+04 9.949983086233699646e-160
4.870400000000000000e+04 9.949983086233699646e-160
4.876800000000000000e+04 9.949983086233699646e-160
4.883200000000000000e+04 9.949983086233699646e-160
4.889600000000000000e+04 9.949983086233699646e-160
4.896000000000000000e+04 9.949983086233699646e-160
4.902400000000000000e+04 9.949983086233699646e-160
4.908800000000000000e+04 9.949983086233699646e-160
4.915200000000000000e+04 8.094498204222401722e-160
4.921600000000000000e+04 1.746106652194654266e-160
4.928000000000000000e+04 1.746106652194654266e-160
4.934400000000000000e+04 1.005540968269024077e-160
4.940800000000000000e+04 1.005540968269024077e-160
4.947200000000000000e+04 1.053906461593174672e-161
4.953600000000000000e+04 1.053906461593174672e-161
4.960000000000000000e+04 1.053906461593174672e-161
4.966400000000000000e+04 1.053906461593174672e-161
4.972800000000000000e+04 1.053906461593174672e-161
4.979200000000000000e+04 2.566294111231125593e-162
4.985600000000000000e+04 2.566294111231125593e-162
4.992000000000000000e+04 2.566294111231125593e-162
4.998400000000000000e+04 7.465281438748493164e-163
5.004800000000000000e+04 7.465281438748493164e-163
5.011200000000000000e+04 7.465281438748493164e-163
5.017600000000000000e+04 1.349234218820259492e-163
5.024000000000000000e+04 7.439067693682285600e-164
5.030400000000000000e+04 7.439067693682285600e-164
5.036800000000000000e+04 7.439067693682285600e-164
5.043200000000000000e+04 1.904464472953490028e-164
5.049600000000000000e+04 1.904464472953490028e-164
5.056000000000000000e+04 1.904464472953490028e-164
5.062400000000000000e+04 1.488567951938707154e-165
5.068800000000000000e+04 1.488567951938707154e-165
5.075200000000000000e+04 1.488567951938707154e-165
5.081600000000000000e+04 1.488567951938707154e-165
5.088000000000000000e+04 1.488567951938707154e-165
5.094400000000000000e+04 1.488567951938707154e-165
5.100800000000000000e+04 1.488567951938707154e-165
5.107200000000000000e+04 9.899828369806935718e-166
5.113600000000000000e+04 9.899828369806935718e-166
5.120000000000000000e+04 5.460343093270888093e-167
5.126400000000000000e+04 5.460343093270888093e-167
5.132800000000000000e+04 5.460343093270888093e-167
5.139200000000000000e+04 3.246396501620883012e-167
5.145600000000000000e+04 1.586374561499755137e-167
5.152000000000000000e+04 1.586374561499755137e-167
5.158400000000000000e+04 1.586374561499755137e-167
5.164800000000000000e+04 4.614203882144233965e-168
5.171200000000000000e+04 4.614203882144233965e-168
5.177600000000000000e+04 3.267776446315006238e-168
5.184000000000000000e+04 3.267776446315006238e-168
5.190400000000000000e+04 3.267776446315006238e-168
5.196800000000000000e+04 1.676756416224784532e-168
5.203200000000000000e+04 1.080379136683843861e-168
5.209600000000000000e+04 1.080379136683843861e-168
5.216000000000000000e+04 4.703467271487107479e-169
5.222400000000000000e+04 1.012075238373440691e-169
5.228800000000000000e+04 8.504028369658307617e-170
5.235200000000000000e+04 8.504028369658307617e-170
5.241600000000000000e+04 8.454477298848389207e-170
5.248000000000000000e+04 5.708793209397306536e-170
5.254400000000000000e+04 5.708793209397306536e-170
5.260800000000000000e+04 1.211334633715720506e-170
5.267200000000000000e+04 6.995114063755523058e-175
5.273600000000000000e+04 6.995114063755523058e-175
5.280000000000000000e+04 6.995114063755523058e-175
5.286400000000000000e+04 6.995114063755523058e-175
5.292800000000000000e+04 6.995114063755523058e-175
5.299200000000000000e+04 6.995114063755523058e-175
5.305600000000000000e+04 6.995114063755523058e-175
5.312000000000000000e+04 6.995114063755523058e-175
5.318400000000000000e+04 6.995114063755523058e-175
5.324800000000000000e+04 6.995114063755523058e-175
5.331200000000000000e+04 6.995114063755523058e-175
5.337600000000000000e+04 6.995114063755523058e-175
5.344000000000000000e+04 6.995114063755523058e-175
5.350400000000000000e+04 6.995114063755523058e-175
5.356800000000000000e+04 6.995114063755523058e-175
5.363200000000000000e+04 6.995114063755523058e-175
5.369600000000000000e+04 6.995114063755523058e-175
5.376000000000000000e+04 6.995114063755523058e-175
5.382400000000000000e+04 6.995114063755523058e-175
5.388800000000000000e+04 6.995114063755523058e-175
5.395200000000000000e+04 6.995114063755523058e-175
5.401600000000000000e+04 1.387243079164154616e-175
5.408000000000000000e+04 1.387243079164154616e-175
5.414400000000000000e+04 1.387243079164154616e-175
5.420800000000000000e+04 1.387243079164154616e-175
5.427200000000000000e+04 1.387243079164154616e-175
5.433600000000000000e+04 1.113184509915271535e-175
5.440000000000000000e+04 1.113184509915271535e-175
5.446400000000000000e+04 2.150526485240923565e-176
5.452800000000000000e+04 1.606322664795542197e-176
5.459200000000000000e+04 1.606322664795542197e-176
5.465600000000000000e+04 8.775163369472847061e-177
5.472000000000000000e+04 6.562500176362246288e-177
5.478400000000000000e+04 4.030469063427866073e-177
5.484800000000000000e+04 4.030469063427866073e-177
5.491200000000000000e+04 9.819800690808060650e-179
5.497600000000000000e+04 9.819800690808060650e-179
5.504000000000000000e+04 4.925519096150647761e-179
5.510400000000000000e+04 9.130847404131649716e-180
5.516800000000000000e+04 9.130847404131649716e-180
5.523200000000000000e+04 9.130847404131649716e-180
5.529600000000000000e+04 9.130847404131649716e-180
5.536000000000000000e+04 9.130847404131649716e-180
5.542400000000000000e+04 7.969425719014601899e-180
5.548800000000000000e+04 1.116758533239484341e-180
5.555200000000000000e+04 1.116758533239484341e-180
5.561600000000000000e+04 1.116758533239484341e-180
5.568000000000000000e+04 1.116758533239484341e-180
5.574400000000000000e+04 1.306551715435230802e-181
5.580800000000000000e+04 1.306551715435230802e-181
5.587200000000000000e+04 1.306551715435230802e-181
5.593600000000000000e+04 1.306551715435230802e-181
5.600000000000000000e+04 1.306551715435230802e-181
5.606400000000000000e+04 1.256341036147500237e-181
5.612800000000000000e+04 6.560976171607570536e-182
5.619200000000000000e+04 6.560976171607570536e-182
5.625600000000000000e+04 6.560976171607570536e-182
5.632000000000000000e+04 4.975710360372863020e-182
5.638400000000000000e+04 2.149673014850879197e-182
5.644800000000000000e+04 1.644834683516790842e-184
5.651200000000000000e+04 1.644834683516790842e-184
5.657600000000000000e+04 1.644834683516790842e-184
5.664000000000000000e+04 1.644834683516790842e-184
5.670400000000000000e+04 1.644834683516790842e-184
5.676800000000000000e+04 1.644834683516790842e-184
5.683200000000000000e+04 1.644834683516790842e-184
5.689600000000000000e+04 1.644834683516790842e-184
5.696000000000000000e+04 1.644834683516790842e-184
5.702400000000000000e+04 1.644834683516790842e-184
5.708800000000000000e+04 1.644834683516790842e-184
5.715200000000000000e+04 3.336664687390689758e-185
5.721600000000000000e+04 3.336664687390689758e-185
5.728000000000000000e+04 3.336664687390689758e-185
5.734400000000000000e+04 3.336664687390689758e-185
5.740800000000000000e+04 3.336664687390689758e-185
5.747200000000000000e+04 3.336664687390689758e-185
5.753600000000000000e+04 1.204175454290278160e-185
5.760000000000000000e+04 1.204175454290278160e-185
5.766400000000000000e+04 8.769948914973833988e-186
5.772800000000000000e+04 2.709738486709912243e-186
5.779200000000000000e+04 9.094225357227578001e-187
5.785600000000000000e+04 9.094225357227578001e-187
5.792000000000000000e+04 1.001333886370363222e-187
5.798400000000000000e+04 1.001333886370363222e-187
5.804800000000000000e+04 1.001333886370363222e-187
5.811200000000000000e+04 1.001333886370363222e-187
5.817600000000000000e+04 1.001333886370363222e-187
5.824000000000000000e+04 3.707220444611986122e-189
5.830400000000000000e+04 3.707220444611986122e-189
5.836800000000000000e+04 3.707220444611986122e-189
5.843200000000000000e+04 3.707220444611986122e-189
5.849600000000000000e+04 3.707220444611986122e-189
5.856000000000000000e+04 3.707220444611986122e-189
5.862400000000000000e+04 3.707220444611986122e-189
5.868800000000000000e+04 1.656729458055798233e-189
5.875200000000000000e+04 4.361094638741745782e-190
5.881600000000000000e+04 4.361094638741745782e-190
5.888000000000000000e+04 4.361094638741745782e-190
5.894400000000000000e+04 4.361094638741745782e-190
5.900800000000000000e+04 7.137235313453394324e-191
5.907200000000000000e+04 7.137235313453394324e-191
5.913600000000000000e+04 7.137235313453394324e-191
5.920000000000000000e+04 7.137235313453394324e-191
5.926400000000000000e+04 7.137235313453394324e-191
5.932800000000000000e+04 7.137235313453394324e-191
5.939200000000000000e+04 3.499294832941250099e-192
5.945600000000000000e+04 3.499294832941250099e-192
5.952000000000000000e+04 3.499294832941250099e-192
5.958400000000000000e+04 3.499294832941250099e-192
5.964800000000000000e+04 3.499294832941250099e-192
5.971200000000000000e+04 8.637339981473970861e-193
5.977600000000000000e+04 8.637339981473970861e-193
5.984000000000000000e+04 4.464103109903373358e-193
5.990400000000000000e+04 4.464103109903373358e-193
5.996800000000000000e+04 4.464103109903373358e-193
6.003200000000000000e+04 1.794436146960250310e-193
6.009600000000000000e+04 8.229452252178642258e-194
6.016000000000000000e+04 8.229452252178642258e-194
6.022400000000000000e+04 5.135900373585573241e-194
6.028800000000000000e+04 1.634919007777981767e-194
6.035200000000000000e+04 1.634919007777981767e-194
6.041600000000000000e+04 1.634919007777981767e-194
6.048000000000000000e+04 1.602464882969347204e-194
6.054400000000000000e+04 1.357282857799511222e-194
6.060800000000000000e+04 5.186177566888208354e-195
6.067200000000000000e+04 3.143254918246346517e-196
6.073600000000000000e+04 3.143254918246346517e-196
6.080000000000000000e+04 3.143254918246346517e-196
6.086400000000000000e+04 3.143254918246346517e-196
6.092800000000000000e+04 3.143254918246346517e-196
6.099200000000000000e+04 7.733162135730906519e-197
6.105600000000000000e+04 7.733162135730906519e-197
6.112000000000000000e+04 6.658839193746972355e-197
6.118400000000000000e+04 6.658839193746972355e-197
6.124800000000000000e+04 2.770469734290176550e-197
6.131200000000000000e+04 2.770469734290176550e-197
6.137600000000000000e+04 2.770469734290176550e-197
6.144000000000000000e+04 3.604304370448117541e-198
6.150400000000000000e+04 3.404828967841318463e-198
6.156800000000000000e+04 3.187143781876633359e-198
6.163200000000000000e+04 5.103314195825810879e-199
6.169600000000000000e+04 5.103314195825810879e-199
6.176000000000000000e+04 5.103314195825810879e-199
6.182400000000000000e+04 5.103314195825810879e-199
6.188800000000000000e+04 5.103314195825810879e-199
6.195200000000000000e+04 7.388364287736566594e-200
6.201600000000000000e+04 2.984336653162859402e-200
6.208000000000000000e+04 2.984336653162859402e-200
6.214400000000000000e+04 2.984336653162859402e-200
6.220800000000000000e+04 1.603708029449320734e-200
6.227200000000000000e+04 1.326346910683658931e-200
6.233600000000000000e+04 1.326346910683658931e-200
6.240000000000000000e+04 1.326346910683658931e-200
6.246400000000000000e+04 1.326346910683658931e-200
6.252800000000000000e+04 5.645564923310406322e-201
6.259200000000000000e+04 5.645564923310406322e-201
6.265600000000000000e+04 2.790220343185857757e-201
6.272000000000000000e+04 1.192899470057561423e-201
6.278400000000000000e+04 1.192899470057561423e-201
6.284800000000000000e+04 8.128187772582857638e-202
6.291200000000000000e+04 8.128187772582857638e-202
6.297600000000000000e+04 6.932187389723317649e-202
6.304000000000000000e+04 4.161437708706083174e-203
6.310400000000000000e+04 4.161437708706083174e-203
6.316800000000000000e+04 4.161437708706083174e-203
6.323200000000000000e+04 4.161437708706083174e-203
6.329600000000000000e+04 4.161437708706083174e-203
6.336000000000000000e+04 2.991618218022469574e-203
6.342400000000000000e+04 4.932251107402859185e-204
6.348800000000000000e+04 4.932251107402859185e-204
6.355200000000000000e+04 4.932251107402859185e-204
6.361600000000000000e+04 3.331802535048421014e-204
6.368000000000000000e+04 3.331802535048421014e-204
6.374400000000000000e+04 1.112544206514784063e-204
6.380800000000000000e+04 1.112544206514784063e-204
6.387200000000000000e+04 1.040353377424928979e-204
6.393600000000000000e+04 4.090538039543845940e-205
6.400000000000000000e+04 1.165017174167594696e-205
6.406400000000000000e+04 7.007943067044556850e-206
6.412800000000000000e+04 2.224017519510351404e-206
6.419200000000000000e+04 2.877179266253926953e-208
6.425600000000000000e+04 2.877179266253926953e-208
6.432000000000000000e+04 2.877179266253926953e-208
6.438400000000000000e+04 2.877179266253926953e-208
6.444800000000000000e+04 2.877179266253926953e-208
6.451200000000000000e+04 2.877179266253926953e-208
6.457600000000000000e+04 5.331392982413343948e-209
6.464000000000000000e+04 5.331392982413343948e-209
6.470400000000000000e+04 5.331392982413343948e-209
6.476800000000000000e+04 5.331392982413343948e-209
6.483200000000000000e+04 5.331392982413343948e-209
6.489600000000000000e+04 5.331392982413343948e-209
6.496000000000000000e+04 5.331392982413343948e-209
6.502400000000000000e+04 5.331392982413343948e-209
6.508800000000000000e+04 5.331392982413343948e-209
6.515200000000000000e+04 2.924538833134272881e-209
6.521600000000000000e+04 2.265027786961809638e-210
6.528000000000000000e+04 2.265027786961809638e-210
6.534400000000000000e+04 2.265027786961809638e-210
6.540800000000000000e+04 6.206712654604594666e-212
6.547200000000000000e+04 6.206712654604594666e-212
6.553600000000000000e+04 6.206712654604594666e-212
6.560000000000000000e+04 6.206712654604594666e-212
6.566400000000000000e+04 6.206712654604594666e-212
6.572800000000000000e+04 6.206712654604594666e-212
6.579200000000000000e+04 6.206712654604594666e-212
6.585600000000000000e+04 6.206712654604594666e-212
6.592000000000000000e+04 7.398915350143340338e-213
6.598400000000000000e+04 7.398915350143340338e-213
6.604800000000000000e+04 7.398915350143340338e-213
6.611200000000000000e+04 4.195602207414563493e-213
6.617600000000000000e+04 4.195602207414563493e-213
6.624000000000000000e+04 4.195602207414563493e-213
6.630400000000000000e+04 4.195602207414563493e-213
6.636800000000000000e+04 1.011418590752974873e-213
6.643200000000000000e+04 9.372468729619472227e-216
6.649600000000000000e+04 9.372468729619472227e-216
6.656000000000000000e+04 9.372468729619472227e-216
6.662400000000000000e+04 9.372468729619472227e-216
6.668800000000000000e+04 9.372468729619472227e-216
6.675200000000000000e+04 9.372468729619472227e-216
6.681600000000000000e+04 9.372468729619472227e-216
6.688000000000000000e+04 9.372468729619472227e-216
6.694400000000000000e+04 9.372468729619472227e-216
6.700800000000000000e+04 9.372468729619472227e-216
6.707200000000000000e+04 9.372468729619472227e-216
6.713600000000000000e+04 6.610982198566049678e-216
6.720000000000000000e+04 3.082019854254287873e-216
6.726400000000000000e+04 3.082019854254287873e-216
6.732800000000000000e+04 3.082019854254287873e-216
6.739200000000000000e+04 3.082019854254287873e-216
6.745600000000000000e+04 1.423865018023353132e-216
6.752000000000000000e+04 1.423865018023353132e-216
6.758400000000000000e+04 1.423865018023353132e-216
6.764800000000000000e+04 1.045601988567542979e-216
6.771200000000000000e+04 7.153066496939748056e-217
6.777600000000000000e+04 5.518568444468603758e-218
6.784000000000000000e+04 1.154342400162273422e-218
6.790400000000000000e+04 7.910757973800656734e-219
6.796800000000000000e+04 7.910757973800656734e-219
6.803200000000000000e+04 7.910757973800656734e-219
6.809600000000000000e+04 7.910757973800656734e-219
6.816000000000000000e+04 7.145219707824909781e-219
6.822400000000000000e+04 1.701250638181146025e-219
6.828800000000000000e+04 1.701250638181146025e-219
6.835200000000000000e+04 1.701250638181146025e-219
6.841600000000000000e+04 1.701250638181146025e-219
6.848000000000000000e+04 9.044982746482789956e-222
6.854400000000000000e+04 9.044982746482789956e-222
6.860800000000000000e+04 9.044982746482789956e-222
6.867200000000000000e+04 9.044982746482789956e-222
6.873600000000000000e+04 9.044982746482789956e-222
6.880000000000000000e+04 9.044982746482789956e-222
6.886400000000000000e+04 9.044982746482789956e-222
6.892800000000000000e+04 9.044982746482789956e-222
6.899200000000000000e+04 9.044982746482789956e-222
6.905600000000000000e+04 9.044982746482789956e-222
6.912000000000000000e+04 1.270210486628882229e-222
6.918400000000000000e+04 2.282577879999021492e-223
6.924800000000000000e+04 2.282577879999021492e-223
6.931200000000000000e+04 2.282577879999021492e-223
6.937600000000000000e+04 2.282577879999021492e-223
6.944000000000000000e+04 1.930926973774424136e-224
6.950400000000000000e+04 1.930926973774424136e-224
6.956800000000000000e+04 1.930926973774424136e-224
6.963200000000000000e+04 1.930926973774424136e-224
6.969600000000000000e+04 1.930926973774424136e-224
6.976000000000000000e+04 1.930926973774424136e-224
6.982400000000000000e+04 1.930926973774424136e-224
6.988800000000000000e+04 8.477331330476863580e-225
6.995200000000000000e+04 3.544047680204600748e-225
7.001600000000000000e+04 1.903437167295490442e-225
7.008000000000000000e+04 1.903437167295490442e-225
7.014400000000000000e+04 1.903437167295490442e-225
7.020800000000000000e+04 4.994796392410544658e-226
7.027200000000000000e+04 2.056575793733793916e-226
7.033600000000000000e+04 2.056575793733793916e-226
7.040000000000000000e+04 8.194880122792630670e-227
7.046400000000000000e+04 7.340812752876571687e-227
7.052800000000000000e+04 7.340812752876571687e-227
7.059200000000000000e+04 7.340812752876571687e-227
7.065600000000000000e+04 2.281147180830562448e-227
7.072000000000000000e+04 2.281147180830562448e-227
7.078400000000000000e+04 5.456037256448508790e-228
7.084800000000000000e+04 5.456037256448508790e-228
7.091200000000000000e+04 2.757222683821129350e-229
7.097600000000000000e+04 2.757222683821129350e-229
7.104000000000000000e+04 1.793226759938285186e-229
7.110400000000000000e+04 1.793226759938285186e-229
7.116800000000000000e+04 7.268072780152188500e-231
7.123200000000000000e+04 7.268072780152188500e-231
7.129600000000000000e+04 7.268072780152188500e-231
7.136000000000000000e+04 7.268072780152188500e-231
7.142400000000000000e+04 7.268072780152188500e-231
7.148800000000000000e+04 7.268072780152188500e-231
7.155200000000000000e+04 7.268072780152188500e-231
7.161600000000000000e+04 7.268072780152188500e-231
7.168000000000000000e+04 1.102539132245037390e-231
7.174400000000000000e+04 1.102539132245037390e-231
7.180800000000000000e+04 1.102539132245037390e-231
7.187200000000000000e+04 1.102539132245037390e-231
7.193600000000000000e+04 8.865811852025039265e-232
7.200000000000000000e+04 7.803097061139480586e-232
7.206400000000000000e+04 7.803097061139480586e-232
7.212800000000000000e+04 1.240893016124538791e-232
7.219200000000000000e+04 1.240893016124538791e-232
7.225600000000000000e+04 1.168028644302028063e-232
7.232000000000000000e+04 1.173211667622677918e-233
7.238400000000000000e+04 1.173211667622677918e-233
7.244800000000000000e+04 9.182425201817804858e-234
7.251200000000000000e+04 9.182425201817804858e-234
7.257600000000000000e+04 7.731484001595414866e-235
7.264000000000000000e+04 2.427883367954043065e-235
7.270400000000000000e+04 2.427883367954043065e-235
7.276800000000000000e+04 2.427883367954043065e-235
7.283200000000000000e+04 2.427883367954043065e-235
7.289600000000000000e+04 1.669203877598421395e-235
7.296000000000000000e+04 1.014082785392328375e-236
7.302400000000000000e+04 5.829201016053074187e-240
7.308800000000000000e+04 5.829201016053074187e-240
7.315200000000000000e+04 5.829201016053074187e-240
7.321600000000000000e+04 5.829201016053074187e-240
7.328000000000000000e+04 5.829201016053074187e-240
7.334400000000000000e+04 5.829201016053074187e-240
7.340800000000000000e+04 5.829201016053074187e-240
7.347200000000000000e+04 5.829201016053074187e-240
7.353600000000000000e+04 5.829201016053074187e-240
7.360000000000000000e+04 5.829201016053074187e-240
7.366400000000000000e+04 5.829201016053074187e-240
7.372800000000000000e+04 5.829201016053074187e-240
7.379200000000000000e+04 5.829201016053074187e-240
7.385600000000000000e+04 5.829201016053074187e-240
7.392000000000000000e+04 5.829201016053074187e-240
7.398400000000000000e+04 5.829201016053074187e-240
7.404800000000000000e+04 5.829201016053074187e-240
7.411200000000000000e+04 5.829201016053074187e-240
7.417600000000000000e+04 5.829201016053074187e-240
7.424000000000000000e+04 3.952770696021853860e-240
7.430400000000000000e+04 3.952770696021853860e-240
7.436800000000000000e+04 2.451193299665603385e-240
7.443200000000000000e+04 3.902492695841711303e-241
7.449600000000000000e+04 2.358949354080670322e-241
7.456000000000000000e+04 4.809607193206613980e-242
7.462400000000000000e+04 4.809607193206613980e-242
7.468800000000000000e+04 1.926819235024605961e-242
7.475200000000000000e+04 1.016358777980128321e-243
7.481600000000000000e+04 1.016358777980128321e-243
7.488000000000000000e+04 1.016358777980128321e-243
7.494400000000000000e+04 1.016358777980128321e-243
7.500800000000000000e+04 1.016358777980128321e-243
7.507200000000000000e+04 1.016358777980128321e-243
7.513600000000000000e+04 1.016358777980128321e-243
7.520000000000000000e+04 6.312516545919265229e-244
7.526400000000000000e+04 6.312516545919265229e-244
7.532800000000000000e+04 6.312516545919265229e-244
7.539200000000000000e+04 1.957641194633629428e-244
7.545600000000000000e+04 1.957641194633629428e-244
7.552000000000000000e+04 1.897084054804061565e-245
7.558400000000000000e+04 1.897084054804061565e-245
7.564800000000000000e+04 1.822212284850067806e-245
7.571200000000000000e+04 1.822212284850067806e-245
7.577600000000000000e+04 1.822212284850067806e-245
7.584000000000000000e+04 1.822212284850067806e-245
7.590400000000000000e+04 2.010031695513992512e-246
7.596800000000000000e+04 2.010031695513992512e-246
7.603200000000000000e+04 2.010031695513992512e-246
7.609600000000000000e+04 2.010031695513992512e-246
7.616000000000000000e+04 2.010031695513992512e-246
7.622400000000000000e+04 1.112351229174422291e-246
7.628800000000000000e+04 1.112351229174422291e-246
7.635200000000000000e+04 7.779304931625268486e-247
7.641600000000000000e+04 2.298801738268334651e-247
7.648000000000000000e+04 2.298801738268334651e-247
7.654400000000000000e+04 2.298801738268334651e-247
7.660800000000000000e+04 1.219408010526158961e-247
7.667200000000000000e+04 9.650971754865196957e-249
7.673600000000000000e+04 9.650971754865196957e-249
7.680000000000000000e+04 9.650971754865196957e-249
7.686400000000000000e+04 9.650971754865196957e-249
7.692800000000000000e+04 9.650971754865196957e-249
7.699200000000000000e+04 9.650971754865196957e-249
7.705600000000000000e+04 8.149397498536963539e-249
7.712000000000000000e+04 8.149397498536963539e-249
7.718400000000000000e+04 8.216664627348322695e-250
7.724800000000000000e+04 6.020356661729710657e-250
7.731200000000000000e+04 6.020356661729710657e-250
7.737600000000000000e+04 6.020356661729710657e-250
7.744000000000000000e+04 6.607545817311945396e-251
7.750400000000000000e+04 6.607545817311945396e-251
7.756800000000000000e+04 2.997798881088863314e-251
7.763200000000000000e+04 2.997798881088863314e-251
7.769600000000000000e+04 2.997798881088863314e-251
7.776000000000000000e+04 2.997798881088863314e-251
7.782400000000000000e+04 2.697511978042118867e-252
7.788800000000000000e+04 2.697511978042118867e-252
7.795200000000000000e+04 2.697511978042118867e-252
7.801600000000000000e+04 2.697511978042118867e-252
7.808000000000000000e+04 2.697511978042118867e-252
7.814400000000000000e+04 1.950655407550679243e-252
7.820800000000000000e+04 8.518635015724419078e-253
7.827200000000000000e+04 8.518635015724419078e-253
7.833600000000000000e+04 5.091677014470551510e-253
7.840000000000000000e+04 5.091677014470551510e-253
7.846400000000000000e+04 1.990541484223125034e-253
7.852800000000000000e+04 1.977418793180837968e-254
7.859200000000000000e+04 1.030159984998154168e-254
7.865600000000000000e+04 1.030159984998154168e-254
7.872000000000000000e+04 1.030159984998154168e-254
7.878400000000000000e+04 3.176768412248543002e-255
7.884800000000000000e+04 3.176768412248543002e-255
7.891200000000000000e+04 5.836441767021541027e-257
7.897600000000000000e+04 5.836441767021541027e-257
7.904000000000000000e+04 5.836441767021541027e-257
7.910400000000000000e+04 5.836441767021541027e-257
7.916800000000000000e+04 5.836441767021541027e-257
7.923200000000000000e+04 5.836441767021541027e-257
7.929600000000000000e+04 3.381889777620917463e-257
7.936000000000000000e+04 3.381889777620917463e-257
7.942400000000000000e+04 1.563951182937883121e-257
7.948800000000000000e+04 1.563951182937883121e-257
7.955200000000000000e+04 1.351582609909205650e-257
7.961600000000000000e+04 1.351582609909205650e-257
7.968000000000000000e+04 3.103619467875737383e-258
7.974400000000000000e+04 3.103619467875737383e-258
7.980800000000000000e+04 3.103619467875737383e-258
7.987200000000000000e+04 5.937230581197906439e-259
7.993600000000000000e+04 5.937230581197906439e-259
8.000000000000000000e+04 5.937230581197906439e-259
8.006400000000000000e+04 2.414661726784640945e-259
8.012800000000000000e+04 3.080191026569532066e-261
8.019200000000000000e+04 3.080191026569532066e-261
8.025600000000000000e+04 3.080191026569532066e-261
8.032000000000000000e+04 3.080191026569532066e-261
8.038400000000000000e+04 1.591268821967533643e-261
8.044800000000000000e+04 1.591268821967533643e-261
8.051200000000000000e+04 1.591268821967533643e-261
8.057600000000000000e+04 1.591268821967533643e-261
8.064000000000000000e+04 1.591268821967533643e-261
8.070400000000000000e+04 1.591268821967533643e-261
8.076800000000000000e+04 1.591268821967533643e-261
8.083200000000000000e+04 7.818264719797200661e-262
8.089600000000000000e+04 1.598138682487105888e-262
8.096000000000000000e+04 2.528277069484590389e-263
8.102400000000000000e+04 2.528277069484590389e-263
8.108800000000000000e+04 4.801955113315400085e-265
8.115200000000000000e+04 4.801955113315400085e-265
8.121600000000000000e+04 4.801955113315400085e-265
8.128000000000000000e+04 4.801955113315400085e-265
8.134400000000000000e+04 4.801955113315400085e-265
8.140800000000000000e+04 4.801955113315400085e-265
8.147200000000000000e+04 4.801955113315400085e-265
8.153600000000000000e+04 4.801955113315400085e-265
8.160000000000000000e+04 4.801955113315400085e-265
8.166400000000000000e+04 4.801955113315400085e-265
8.172800000000000000e+04 4.801955113315400085e-265
8.179200000000000000e+04 4.406708430810266293e-265
8.185600000000000000e+04 4.406708430810266293e-265
8.192000000000000000e+04 9.580944620619310310e-266
8.198400000000000000e+04 9.580944620619310310e-266
8.204800000000000000e+04 9.580944620619310310e-266
8.211200000000000000e+04 1.366051010987585922e-266
8.217600000000000000e+04 1.366051010987585922e-266
8.224000000000000000e+04 1.006784572925486940e-267
8.230400000000000000e+04 1.006784572925486940e-267
8.236800000000000000e+04 1.006784572925486940e-267
8.243200000000000000e+04 1.006784572925486940e-267
8.249600000000000000e+04 1.006784572925486940e-267
8.256000000000000000e+04 1.006784572925486940e-267
8.262400000000000000e+04 1.006784572925486940e-267
8.268800000000000000e+04 1.006784572925486940e-267
8.275200000000000000e+04 6.317920669583557763e-268
8.281600000000000000e+04 6.317920669583557763e-268
8.288000000000000000e+04 2.087364939732121987e-268
8.294400000000000000e+04 8.892106806322093263e-269
8.300800000000000000e+04 8.892106806322093263e-269
8.307200000000000000e+04 1.046287340188188284e-269
8.313600000000000000e+04 1.046287340188188284e-269
8.320000000000000000e+04 9.510753752707265244e-271
8.326400000000000000e+04 9.510753752707265244e-271
8.332800000000000000e+04 9.510753752707265244e-271
8.339200000000000000e+04 9.510753752707265244e-271
8.345600000000000000e+04 9.510753752707265244e-271
8.352000000000000000e+04 9.510753752707265244e-271
8.358400000000000000e+04 9.510753752707265244e-271
8.364800000000000000e+04 6.669729938477712447e-271
8.371200000000000000e+04 6.514018303350602274e-271
8.377600000000000000e+04 1.060592449778481121e-271
8.384000000000000000e+04 1.060592449778481121e-271
8.390400000000000000e+04 1.060592449778481121e-271
8.396800000000000000e+04 1.060592449778481121e-271
8.403200000000000000e+04 4.264484941588456440e-272
8.409600000000000000e+04 4.264484941588456440e-272
8.416000000000000000e+04 4.264484941588456440e-272
8.422400000000000000e+04 4.264484941588456440e-272
8.428800000000000000e+04 1.827151480310163224e-272
8.435200000000000000e+04 7.365701063027369940e-273
8.441600000000000000e+04 3.133287385795786845e-273
8.448000000000000000e+04 1.879301025668874501e-273
8.454400000000000000e+04 1.879301025668874501e-273
8.460800000000000000e+04 6.221745216141257250e-274
8.467200000000000000e+04 6.221745216141257250e-274
8.473600000000000000e+04 5.859639605488514160e-274
8.480000000000000000e+04 5.859639605488514160e-274
8.486400000000000000e+04 3.826824379892840353e-274
8.492800000000000000e+04 9.983129779191329002e-275
8.499200000000000000e+04 9.983129779191329002e-275
8.505600000000000000e+04 9.983129779191329002e-275
8.512000000000000000e+04 9.463574969509948992e-276
8.518400000000000000e+04 9.463574969509948992e-276
8.524800000000000000e+04 9.463574969509948992e-276
8.531200000000000000e+04 9.463574969509948992e-276
8.537600000000000000e+04 3.124812266084682015e-277
8.544000000000000000e+04 3.124812266084682015e-277
8.550400000000000000e+04 3.124812266084682015e-277
8.556800000000000000e+04 3.124812266084682015e-277
8.563200000000000000e+04 2.940171235967492022e-277
8.569600000000000000e+04 2.940171235967492022e-277
8.576000000000000000e+04 2.940171235967492022e-277
8.582400000000000000e+04 2.940171235967492022e-277
8.588800000000000000e+04 2.940171235967492022e-277
8.595200000000000000e+04 2.940171235967492022e-277
8.601600000000000000e+04 1.257443108460488187e-277
8.608000000000000000e+04 1.257443108460488187e-277
8.614400000000000000e+04 1.198446680129702109e-277
8.620800000000000000e+04 3.191013149038436947e-278
8.627200000000000000e+04 3.191013149038436947e-278
8.633600000000000000e+04 3.191013149038436947e-278
8.640000000000000000e+04 2.004276139387200950e-278
8.646400000000000000e+04 9.769656429626650007e-279
8.652800000000000000e+04 9.248770320194386367e-279
8.659200000000000000e+04 4.420326258219747167e-279
8.665600000000000000e+04 2.228103646328207796e-279
8.672000000000000000e+04 6.717001621352132164e-280
8.678400000000000000e+04 6.717001621352132164e-280
8.684800000000000000e+04 6.717001621352132164e-280
8.691200000000000000e+04 6.717001621352132164e-280
8.697600000000000000e+04 6.457373072139002957e-280
8.704000000000000000e+04 4.363107941132532952e-280
8.710400000000000000e+04 1.342916738659875928e-280
8.716800000000000000e+04 2.058259260349978475e-281
8.723200000000000000e+04 2.058259260349978475e-281
8.729600000000000000e+04 6.696336209534549599e-282
8.736000000000000000e+04 6.696336209534549599e-282
8.742400000000000000e+04 6.696336209534549599e-282
8.748800000000000000e+04 6.696336209534549599e-282
8.755200000000000000e+04 5.891691851825453291e-282
8.761600000000000000e+04 1.738989492143078567e-282
8.768000000000000000e+04 1.738989492143078567e-282
8.774400000000000000e+04 1.738989492143078567e-282
8.780800000000000000e+04 1.284118333489761554e-282
8.787200000000000000e+04 2.450862721929772541e-283
8.793600000000000000e+04 4.598245413047474388e-284
8.800000000000000000e+04 4.598245413047474388e-284
8.806400000000000000e+04 3.890852487605233516e-284
8.812800000000000000e+04 1.923694871806608969e-284
8.819200000000000000e+04 1.923694871806608969e-284
8.825600000000000000e+04 1.923694871806608969e-284
8.832000000000000000e+04 1.549886350668135344e-285
8.838400000000000000e+04 1.549886350668135344e-285
8.844800000000000000e+04 1.549886350668135344e-285
8.851200000000000000e+04 1.549886350668135344e-285
8.857600000000000000e+04 5.182595598044611696e-286
8.864000000000000000e+04 3.672664429801050712e-286
8.870400000000000000e+04 4.928311508882783751e-287
8.876800000000000000e+04 4.928311508882783751e-287
8.883200000000000000e+04 4.928311508882783751e-287
8.889600000000000000e+04 4.928311508882783751e-287
8.896000000000000000e+04 1.402564011978821332e-287
8.902400000000000000e+04 3.013034269700754204e-288
8.908800000000000000e+04 3.013034269700754204e-288
8.915200000000000000e+04 3.013034269700754204e-288
8.921600000000000000e+04 3.013034269700754204e-288
8.928000000000000000e+04 6.037140156482840989e-289
8.934400000000000000e+04 6.037140156482840989e-289
8.940800000000000000e+04 6.037140156482840989e-289
8.947200000000000000e+04 6.037140156482840989e-289
8.953600000000000000e+04 6.037140156482840989e-289
8.960000000000000000e+04 6.037140156482840989e-289
8.966400000000000000e+04 6.037140156482840989e-289
8.972800000000000000e+04 6.037140156482840989e-289
8.979200000000000000e+04 8.501080755857741642e-290
8.985600000000000000e+04 4.718356890518291006e-290
8.992000000000000000e+04 4.718356890518291006e-290
8.998400000000000000e+04 2.367392940527838611e-291
9.004800000000000000e+04 2.367392940527838611e-291
9.011200000000000000e+04 2.367392940527838611e-291
9.017600000000000000e+04 2.367392940527838611e-291
9.024000000000000000e+04 2.367392940527838611e-291
9.030400000000000000e+04 2.367392940527838611e-291
9.036800000000000000e+04 1.665051992785725163e-291
9.043200000000000000e+04 1.665051992785725163e-291
9.049600000000000000e+04 1.440362449614323235e-291
9.056000000000000000e+04 1.440362449614323235e-291
9.062400000000000000e+04 5.049780003672711570e-293
9.068800000000000000e+04 5.049780003672711570e-293
9.075200000000000000e+04 5.049780003672711570e-293
9.081600000000000000e+04 5.049780003672711570e-293
9.088000000000000000e+04 5.049780003672711570e-293
9.094400000000000000e+04 5.049780003672711570e-293
9.100800000000000000e+04 2.087295988126350860e-293
9.107200000000000000e+04 2.087295988126350860e-293
9.113600000000000000e+04 2.046147661928801872e-293
9.120000000000000000e+04 1.810147570361978951e-293
9.126400000000000000e+04 1.078273227104210041e-293
9.132800000000000000e+04 6.038561201246454010e-294
9.139200000000000000e+04 5.944135818057149332e-297
9.145600000000000000e+04 5.944135818057149332e-297
9.152000000000000000e+04 5.944135818057149332e-297
9.158400000000000000e+04 5.944135818057149332e-297
9.164800000000000000e+04 5.944135818057149332e-297
9.171200000000000000e+04 5.944135818057149332e-297
9.177600000000000000e+04 5.944135818057149332e-297
9.184000000000000000e+04 5.944135818057149332e-297
9.190400000000000000e+04 3.182606209443059270e-297
9.196800000000000000e+04 9.242663234528120664e-298
9.203200000000000000e+04 9.242663234528120664e-298
9.209600000000000000e+04 9.242663234528120664e-298
9.216000000000000000e+04 9.242663234528120664e-298
9.222400000000000000e+04 9.242663234528120664e-298
9.228800000000000000e+04 6.706015607467504235e-300
9.235200000000000000e+04 6.706015607467504235e-300
9.241600000000000000e+04 6.706015607467504235e-300
9.248000000000000000e+04 6.706015607467504235e-300
9.254400000000000000e+04 6.706015607467504235e-300
9.260800000000000000e+04 6.706015607467504235e-300
9.267200000000000000e+04 6.706015607467504235e-300
9.273600000000000000e+04 6.706015607467504235e-300
9.280000000000000000e+04 4.401739743505462182e-300
9.286400000000000000e+04 4.401739743505462182e-300
9.292800000000000000e+04 4.401739743505462182e-300
9.299200000000000000e+04 2.585606133904027071e-301
9.305600000000000000e+04 2.585606133904027071e-301
9.312000000000000000e+04 2.107185240372727025e-301
9.318400000000000000e+04 2.107185240372727025e-301
9.324800000000000000e+04 1.515932665165127855e-301
9.331200000000000000e+04 1.515932665165127855e-301
9.337600000000000000e+04 1.382800541008669630e-301
9.344000000000000000e+04 1.382800541008669630e-301
9.350400000000000000e+04 4.477904743859889093e-302
9.356800000000000000e+04 4.477904743859889093e-302
9.363200000000000000e+04 4.477904743859889093e-302
9.369600000000000000e+04 4.477904743859889093e-302
9.376000000000000000e+04 3.605265327650178072e-303
9.382400000000000000e+04 3.605265327650178072e-303
9.388800000000000000e+04 3.605265327650178072e-303
9.395200000000000000e+04 3.605265327650178072e-303
9.401600000000000000e+04 2.598075466863498435e-303
9.408000000000000000e+04 1.204103234250013711e-303
9.414400000000000000e+04 1.346822846691638821e-304
9.420800000000000000e+04 1.346822846691638821e-304
9.427200000000000000e+04 1.346822846691638821e-304
9.433600000000000000e+04 1.211995928307129495e-304
9.440000000000000000e+04 1.211995928307129495e-304
9.446400000000000000e+04 6.269088454232754037e-305
9.452800000000000000e+04 6.269088454232754037e-305
9.459200000000000000e+04 6.269088454232754037e-305
9.465600000000000000e+04 3.626321175889151496e-306
9.472000000000000000e+04 1.331726477001149552e-306
9.478400000000000000e+04 1.331726477001149552e-306
9.484800000000000000e+04 9.084543637498934349e-307
9.491200000000000000e+04 9.084543637498934349e-307
9.497600000000000000e+04 6.286641162346723567e-307
9.504000000000000000e+04 2.963273608476075190e-307
9.510400000000000000e+04 2.963273608476075190e-307
9.516800000000000000e+04 2.420090407996145973e-307
9.523200000000000000e+04 1.102574709116269987e-307
9.529600000000000000e+04 2.320353075846408002e-309
9.536000000000000000e+04 2.320353075846408002e-309
9.542400000000000000e+04 2.320353075846408002e-309
9.548800000000000000e+04 1.114169500335689850e-309
9.555200000000000000e+04 1.114169500335689850e-309
9.561600000000000000e+04 1.711567787671301489e-310
9.568000000000000000e+04 1.711567787671301489e-310
9.574400000000000000e+04 1.711567787671301489e-310
9.580800000000000000e+04 1.711567787671301489e-310
9.587200000000000000e+04 1.711567787671301489e-310
9.593600000000000000e+04 1.711567787671301489e-310
9.600000000000000000e+04 1.695820144052331586e-310
9.606400000000000000e+04 3.150875308064888787e-311
9.612800000000000000e+04 3.150875308064888787e-311
9.619200000000000000e+04 2.869825098049043330e-311
9.625600000000000000e+04 2.869825098049043330e-311
9.632000000000000000e+04 2.869825098049043330e-311
9.638400000000000000e+04 1.639378092846633009e-311
9.644800000000000000e+04 1.639378092846633009e-311
9.651200000000000000e+04 2.952132068953691283e-312
9.657600000000000000e+04 2.952132068953691283e-312
9.664000000000000000e+04 2.952132068953691283e-312
9.670400000000000000e+04 2.952132068953691283e-312
9.676800000000000000e+04 2.952132068953691283e-312
9.683200000000000000e+04 2.952132068953691283e-312
9.689600000000000000e+04 5.123269076977937652e-313
9.696000000000000000e+04 5.123269076977937652e-313
9.702400000000000000e+04 5.123269076977937652e-313
9.708800000000000000e+04 5.123269076977937652e-313
9.715200000000000000e+04 1.744603119926065924e-314
9.721600000000000000e+04 1.744603119926065924e-314
9.728000000000000000e+04 1.744603119926065924e-314
9.734400000000000000e+04 1.744603119926065924e-314
9.740800000000000000e+04 2.136358345494673895e-315
9.747200000000000000e+04 2.136358345494673895e-315
9.753600000000000000e+04 2.136358345494673895e-315
9.760000000000000000e+04 2.136358345494673895e-315
9.766400000000000000e+04 2.136358345494673895e-315
9.772800000000000000e+04 2.136358345494673895e-315
9.779200000000000000e+04 2.136358345494673895e-315
9.785600000000000000e+04 1.080692128797063507e-315
9.792000000000000000e+04 8.489517492629299585e-316
9.798400000000000000e+04 8.489517492629299585e-316
9.804800000000000000e+04 8.008522995734122812e-317
9.811200000000000000e+04 8.008522995734122812e-317
9.817600000000000000e+04 8.008522995734122812e-317
9.824000000000000000e+04 8.008522995734122812e-317
9.830400000000000000e+04 9.192768210811194462e-318
9.836800000000000000e+04 9.192768210811194462e-318
9.843200000000000000e+04 9.192768210811194462e-318
9.849600000000000000e+04 2.313482149277470593e-318
9.856000000000000000e+04 2.313482149277470593e-318
9.862400000000000000e+04 8.702521692412300754e-319
9.868800000000000000e+04 8.702521692412300754e-319
9.875200000000000000e+04 2.540683177174026229e-319
9.881600000000000000e+04 2.540683177174026229e-319
9.888000000000000000e+04 2.540683177174026229e-319
9.894400000000000000e+04 1.993159628452756809e-319
9.900800000000000000e+04 1.993159628452756809e-319
9.907200000000000000e+04 2.622994513771177903e-320
9.913600000000000000e+04 2.622994513771177903e-320
9.920000000000000000e+04 2.622994513771177903e-320
9.926400000000000000e+04 2.622994513771177903e-320
9.932800000000000000e+04 8.399115979301191251e-323
9.939200000000000000e+04 8.399115979301191251e-323
9.945600000000000000e+04 8.399115979301191251e-323
9.952000000000000000e+04 8.399115979301191251e-323
9.958400000000000000e+04 8.399115979301191251e-323
9.964800000000000000e+04 8.399115979301191251e-323
9.971200000000000000e+04 8.399115979301191251e-323
9.977600000000000000e+04 8.399115979301191251e-323
9.984000000000000000e+04 4.940656458412465442e-324
9.990400000000000000e+04 4.940656458412465442e-324
9.996800000000000000e+04 4.940656458412465442e-324
1.000320000000000000e+05 4.940656458412465442e-324
