6.400000000000000000e+01 2.176869140622766374e-01
1.280000000000000000e+02 5.928085008226795238e-02
1.920000000000000000e+02 5.928085008226795238e-02
2.560000000000000000e+02 5.928085008226795238e-02
3.200000000000000000e+02 3.077975724899048235e-02
3.840000000000000000e+02 3.077975724899048235e-02
4.480000000000000000e+02 3.077975724899048235e-02
5.120000000000000000e+02 3.077975724899048235e-02
5.760000000000000000e+02 4.953937862744213147e-03
6.400000000000000000e+02 4.953937862744213147e-03
7.040000000000000000e+02 4.953937862744213147e-03
7.680000000000000000e+02 7.123452673897678498e-04
8.320000000000000000e+02 7.123452673897678498e-04
8.960000000000000000e+02 7.123452673897678498e-04
9.600000000000000000e+02 7.123452673897678498e-04
1.024000000000000000e+03 7.123452673897678498e-04
1.088000000000000000e+03 7.123452673897678498e-04
1.152000000000000000e+03 7.123452673897678498e-04
1.216000000000000000e+03 4.558525163075898608e-04
1.280000000000000000e+03 4.558525163075898608e-04
1.344000000000000000e+03 2.233791522936489412e-04
1.408000000000000000e+03 8.329458571474285299e-05
1.472000000000000000e+03 8.329458571474285299e-05
1.536000000000000000e+03 2.624492098500187307e-05
1.600000000000000000e+03 2.624492098500187307e-05
1.664000000000000000e+03 6.829758976629584844e-06
1.728000000000000000e+03 6.829758976629584844e-06
1.792000000000000000e+03 1.058399176528252366e-07
1.856000000000000000e+03 1.058399176528252366e-07
1.920000000000000000e+03 1.058399176528252366e-07
1.984000000000000000e+03 5.650893590945040389e-08
2.048000000000000000e+03 5.650893590945040389e-08
2.112000000000000000e+03 5.650893590945040389e-08
2.176000000000000000e+03 5.650893590945040389e-08
2.240000000000000000e+03 5.650893590945040389e-08
2.304000000000000000e+03 5.650893590945040389e-08
2.368000000000000000e+03 5.650893590945040389e-08
2.432000000000000000e+03 5.650893590945040389e-08
2.496000000000000000e+03 7.334597968779982772e-09
2.560000000000000000e+03 7.334597968779982772e-09
2.624000000000000000e+03 7.334597968779982772e-09
2.688000000000000000e+03 1.596975574105013155e-09
2.752000000000000000e+03 1.596975574105013155e-09
2.816000000000000000e+03 1.596975574105013155e-09
2.880000000000000000e+03 1.596975574105013155e-09
2.944000000000000000e+03 3.625552973694994137e-10
3.008000000000000000e+03 3.171024157220619838e-11
3.072000000000000000e+03 3.171024157220619838e-11
3.136000000000000000e+03 3.171024157220619838e-11
3.200000000000000000e+03 3.171024157220619838e-11
3.264000000000000000e+03 7.803365272060568253e-12
3.328000000000000000e+03 7.803365272060568253e-12
3.392000000000000000e+03 7.803365272060568253e-12
3.456000000000000000e+03 2.647601102048011931e-12
3.520000000000000000e+03 2.647601102048011931e-12
3.584000000000000000e+03 2.647601102048011931e-12
3.648000000000000000e+03 2.647601102048011931e-12
3.712000000000000000e+03 2.647601102048011931e-12
3.776000000000000000e+03 2.647601102048011931e-12
3.840000000000000000e+03 2.647601102048011931e-12
3.904000000000000000e+03 2.188987242904212337e-13
3.968000000000000000e+03 2.188987242904212337e-13
4.032000000000000000e+03 2.188987242904212337e-13
4.096000000000000000e+03 1.143673804972030126e-13
4.160000000000000000e+03 1.143673804972030126e-13
4.224000000000000000e+03 1.143673804972030126e-13
4.288000000000000000e+03 7.182845436527892059e-14
4.352000000000000000e+03 2.560052167002495188e-14
4.416000000000000000e+03 1.416838796485487191e-14
4.480000000000000000e+03 5.802965515974828279e-15
4.544000000000000000e+03 5.802965515974828279e-15
4.608000000000000000e+03 4.083131907751080817e-15
4.672000000000000000e+03 2.444061515988241794e-15
4.736000000000000000e+03 2.444061515988241794e-15
4.800000000000000000e+03 2.444061515988241794e-15
4.864000000000000000e+03 1.842417756546811162e-15
4.928000000000000000e+03 1.059117864856298071e-15
4.992000000000000000e+03 6.314318211077598785e-17
5.056000000000000000e+03 6.314318211077598785e-17
5.120000000000000000e+03 6.314318211077598785e-17
5.184000000000000000e+03 6.314318211077598785e-17
5.248000000000000000e+03 6.314318211077598785e-17
5.312000000000000000e+03 6.314318211077598785e-17
5.376000000000000000e+03 3.026118225909522904e-17
5.440000000000000000e+03 3.026118225909522904e-17
5.504000000000000000e+03 1.356874493365157365e-17
5.568000000000000000e+03 1.266008712467265554e-17
5.632000000000000000e+03 1.266008712467265554e-17
5.696000000000000000e+03 9.339126535534276477e-18
5.760000000000000000e+03 9.339126535534276477e-18
5.824000000000000000e+03 3.213081433476963824e-18
5.888000000000000000e+03 3.213081433476963824e-18
5.952000000000000000e+03 8.568191026446426402e-19
6.016000000000000000e+03 5.241550593880013654e-19
6.080000000000000000e+03 2.423265700167351266e-19
6.144000000000000000e+03 2.423265700167351266e-19
6.208000000000000000e+03 2.423265700167351266e-19
6.272000000000000000e+03 2.423265700167351266e-19
6.336000000000000000e+03 4.924898403896636160e-20
6.400000000000000000e+03 3.606975535840151823e-21
6.464000000000000000e+03 3.606975535840151823e-21
6.528000000000000000e+03 3.606975535840151823e-21
6.592000000000000000e+03 2.105543329423752630e-23
6.656000000000000000e+03 2.105543329423752630e-23
6.720000000000000000e+03 2.105543329423752630e-23
6.784000000000000000e+03 2.105543329423752630e-23
6.848000000000000000e+03 2.105543329423752630e-23
6.912000000000000000e+03 2.105543329423752630e-23
6.976000000000000000e+03 2.105543329423752630e-23
7.040000000000000000e+03 2.105543329423752630e-23
7.104000000000000000e+03 2.105543329423752630e-23
7.168000000000000000e+03 2.105543329423752630e-23
7.232000000000000000e+03 2.105543329423752630e-23
7.296000000000000000e+03 2.105543329423752630e-23
7.360000000000000000e+03 1.419019515501672360e-23
7.424000000000000000e+03 1.419019515501672360e-23
7.488000000000000000e+03 1.419019515501672360e-23
7.552000000000000000e+03 1.129895708705597551e-23
7.616000000000000000e+03 1.094761821964740982e-23
7.680000000000000000e+03 2.879540613893486818e-24
7.744000000000000000e+03 1.974491967239366957e-24
7.808000000000000000e+03 1.974491967239366957e-24
7.872000000000000000e+03 1.639562574449071692e-24
7.936000000000000000e+03 2.435612708638715445e-25
8.000000000000000000e+03 1.709611149699239016e-25
8.064000000000000000e+03 8.921437821299148509e-26
8.128000000000000000e+03 8.921437821299148509e-26
8.192000000000000000e+03 8.921437821299148509e-26
8.256000000000000000e+03 8.921437821299148509e-26
8.320000000000000000e+03 8.921437821299148509e-26
8.384000000000000000e+03 3.449863749030283183e-26
8.448000000000000000e+03 2.594410063882339775e-26
8.512000000000000000e+03 2.594410063882339775e-26
8.576000000000000000e+03 2.052983809102577778e-26
8.640000000000000000e+03 8.148201808832810985e-27
8.704000000000000000e+03 2.074116613207506041e-27
8.768000000000000000e+03 2.074116613207506041e-27
8.832000000000000000e+03 2.074116613207506041e-27
8.896000000000000000e+03 1.474879118952234890e-27
8.960000000000000000e+03 1.474879118952234890e-27
9.024000000000000000e+03 8.392726569323250830e-30
9.088000000000000000e+03 8.392726569323250830e-30
9.152000000000000000e+03 8.392726569323250830e-30
9.216000000000000000e+03 8.392726569323250830e-30
9.280000000000000000e+03 8.392726569323250830e-30
9.344000000000000000e+03 7.545791542109926845e-30
9.408000000000000000e+03 7.545791542109926845e-30
9.472000000000000000e+03 7.545791542109926845e-30
9.536000000000000000e+03 7.545791542109926845e-30
9.600000000000000000e+03 7.545791542109926845e-30
9.664000000000000000e+03 7.545791542109926845e-30
9.728000000000000000e+03 1.266251581807577331e-30
9.792000000000000000e+03 1.046562608447004961e-30
9.856000000000000000e+03 1.046562608447004961e-30
9.920000000000000000e+03 8.807888380606047061e-32
9.984000000000000000e+03 8.807888380606047061e-32
1.004800000000000000e+04 8.807888380606047061e-32
1.011200000000000000e+04 8.807888380606047061e-32
1.017600000000000000e+04 8.807888380606047061e-32
1.024000000000000000e+04 4.281688539258384127e-32
1.030400000000000000e+04 2.568497955867346956e-32
1.036800000000000000e+04 2.296061999430808153e-32
1.043200000000000000e+04 1.985269619870973630e-32
1.049600000000000000e+04 8.787475013573409275e-33
1.056000000000000000e+04 8.787475013573409275e-33
1.062400000000000000e+04 8.787475013573409275e-33
1.068800000000000000e+04 3.166984418995986122e-33
1.075200000000000000e+04 3.166984418995986122e-33
1.081600000000000000e+04 1.133500058005452322e-33
1.088000000000000000e+04 1.133500058005452322e-33
1.094400000000000000e+04 1.133500058005452322e-33
1.100800000000000000e+04 3.114714155026888085e-35
1.107200000000000000e+04 3.114714155026888085e-35
1.113600000000000000e+04 3.114714155026888085e-35
1.120000000000000000e+04 1.511042973745279954e-35
1.126400000000000000e+04 1.511042973745279954e-35
1.132800000000000000e+04 1.377048672913961127e-35
1.139200000000000000e+04 1.306715776315379896e-35
1.145600000000000000e+04 1.306715776315379896e-35
1.152000000000000000e+04 1.306715776315379896e-35
1.158400000000000000e+04 1.306715776315379896e-35
1.164800000000000000e+04 8.688975455131987923e-37
1.171200000000000000e+04 8.688975455131987923e-37
1.177600000000000000e+04 4.900046362494806588e-37
1.184000000000000000e+04 4.900046362494806588e-37
1.190400000000000000e+04 4.900046362494806588e-37
1.196800000000000000e+04 2.511926004685980397e-38
1.203200000000000000e+04 2.511926004685980397e-38
1.209600000000000000e+04 2.511926004685980397e-38
1.216000000000000000e+04 2.511926004685980397e-38
1.222400000000000000e+04 2.511926004685980397e-38
1.228800000000000000e+04 2.511926004685980397e-38
1.235200000000000000e+04 2.511926004685980397e-38
1.241600000000000000e+04 1.149660738020091841e-38
1.248000000000000000e+04 7.156940987574985399e-39
1.254400000000000000e+04 4.539835966484086876e-39
1.260800000000000000e+04 4.539835966484086876e-39
1.267200000000000000e+04 2.965243979730310521e-39
1.273600000000000000e+04 8.766399657550750333e-40
1.280000000000000000e+04 8.766399657550750333e-40
1.286400000000000000e+04 1.738357988553538383e-40
1.292800000000000000e+04 1.738357988553538383e-40
1.299200000000000000e+04 9.459660206552027050e-42
1.305600000000000000e+04 1.405089340929616776e-42
1.312000000000000000e+04 1.405089340929616776e-42
1.318400000000000000e+04 1.405089340929616776e-42
1.324800000000000000e+04 1.405089340929616776e-42
1.331200000000000000e+04 1.405089340929616776e-42
1.337600000000000000e+04 1.405089340929616776e-42
1.344000000000000000e+04 1.405089340929616776e-42
1.350400000000000000e+04 1.381189214496603774e-42
1.356800000000000000e+04 6.775335075245835291e-43
1.363200000000000000e+04 9.829947737904003925e-44
1.369600000000000000e+04 9.829947737904003925e-44
1.376000000000000000e+04 9.829947737904003925e-44
1.382400000000000000e+04 9.829947737904003925e-44
1.388800000000000000e+04 9.829947737904003925e-44
1.395200000000000000e+04 9.829947737904003925e-44
1.401600000000000000e+04 3.235110936726142086e-44
1.408000000000000000e+04 5.823950064578615184e-45
1.414400000000000000e+04 5.823950064578615184e-45
1.420800000000000000e+04 5.823950064578615184e-45
1.427200000000000000e+04 5.823950064578615184e-45
1.433600000000000000e+04 5.823950064578615184e-45
1.440000000000000000e+04 5.823950064578615184e-45
1.446400000000000000e+04 3.540366966873371494e-45
1.452800000000000000e+04 7.584213812836159273e-46
1.459200000000000000e+04 3.616658421864704847e-46
1.465600000000000000e+04 3.616658421864704847e-46
1.472000000000000000e+04 3.616658421864704847e-46
1.478400000000000000e+04 4.676461097857030146e-47
1.484800000000000000e+04 4.676461097857030146e-47
1.491200000000000000e+04 4.676461097857030146e-47
1.497600000000000000e+04 1.070580824931504076e-47
1.504000000000000000e+04 1.070580824931504076e-47
1.510400000000000000e+04 1.070580824931504076e-47
1.516800000000000000e+04 1.070580824931504076e-47
1.523200000000000000e+04 1.070580824931504076e-47
1.529600000000000000e+04 1.185781275158495286e-48
1.536000000000000000e+04 1.185781275158495286e-48
1.542400000000000000e+04 1.185781275158495286e-48
1.548800000000000000e+04 8.722705764776158687e-49
1.555200000000000000e+04 8.722705764776158687e-49
1.561600000000000000e+04 4.149163611244688323e-49
1.568000000000000000e+04 1.374620419491472079e-49
1.574400000000000000e+04 1.374620419491472079e-49
1.580800000000000000e+04 1.374620419491472079e-49
1.587200000000000000e+04 1.116424729801958477e-49
1.593600000000000000e+04 2.566139291123529777e-50
1.600000000000000000e+04 2.566139291123529777e-50
1.606400000000000000e+04 2.566139291123529777e-50
1.612800000000000000e+04 1.192392883191989846e-50
1.619200000000000000e+04 1.192392883191989846e-50
1.625600000000000000e+04 1.192392883191989846e-50
1.632000000000000000e+04 6.810291775455699088e-51
1.638400000000000000e+04 5.617716011288206025e-51
1.644800000000000000e+04 4.741879740357784151e-51
1.651200000000000000e+04 2.847221304786833804e-51
1.657600000000000000e+04 7.497995799881508106e-52
1.664000000000000000e+04 7.497995799881508106e-52
1.670400000000000000e+04 7.497995799881508106e-52
1.676800000000000000e+04 7.458654620511707179e-52
1.683200000000000000e+04 7.458654620511707179e-52
1.689600000000000000e+04 3.086311283387036186e-52
1.696000000000000000e+04 9.366613303890152139e-53
1.702400000000000000e+04 2.726389212702697176e-53
1.708800000000000000e+04 2.232355887055440196e-53
1.715200000000000000e+04 1.850279831258372208e-53
1.721600000000000000e+04 1.530650870498289804e-54
1.728000000000000000e+04 1.530650870498289804e-54
1.734400000000000000e+04 1.530650870498289804e-54
1.740800000000000000e+04 1.246633501548465006e-54
1.747200000000000000e+04 1.246633501548465006e-54
1.753600000000000000e+04 1.246633501548465006e-54
1.760000000000000000e+04 7.868418493596166027e-55
1.766400000000000000e+04 4.339526242748360010e-56
1.772800000000000000e+04 4.339526242748360010e-56
1.779200000000000000e+04 1.579391189681932226e-56
1.785600000000000000e+04 1.579391189681932226e-56
1.792000000000000000e+04 1.579391189681932226e-56
1.798400000000000000e+04 1.579391189681932226e-56
1.804800000000000000e+04 8.174109061750244161e-57
1.811200000000000000e+04 4.963503107332938897e-57
1.817600000000000000e+04 4.963503107332938897e-57
1.824000000000000000e+04 3.017795548717271567e-57
1.830400000000000000e+04 3.017795548717271567e-57
1.836800000000000000e+04 3.017795548717271567e-57
1.843200000000000000e+04 3.017795548717271567e-57
1.849600000000000000e+04 5.832255259887931590e-58
1.856000000000000000e+04 5.832255259887931590e-58
1.862400000000000000e+04 3.625820756429964383e-58
1.868800000000000000e+04 3.625820756429964383e-58
1.875200000000000000e+04 9.269455217235958624e-59
1.881600000000000000e+04 4.193418311960393498e-60
1.888000000000000000e+04 4.193418311960393498e-60
1.894400000000000000e+04 4.193418311960393498e-60
1.900800000000000000e+04 1.362603527030467056e-60
1.907200000000000000e+04 1.362603527030467056e-60
1.913600000000000000e+04 1.362603527030467056e-60
1.920000000000000000e+04 1.362603527030467056e-60
1.926400000000000000e+04 6.708255844909856708e-61
1.932800000000000000e+04 6.708255844909856708e-61
1.939200000000000000e+04 6.708255844909856708e-61
1.945600000000000000e+04 6.708255844909856708e-61
1.952000000000000000e+04 6.708255844909856708e-61
1.958400000000000000e+04 6.689346103928715137e-61
1.964800000000000000e+04 1.541362395399244767e-61
1.971200000000000000e+04 1.541362395399244767e-61
1.977600000000000000e+04 4.169820156465284471e-62
1.984000000000000000e+04 3.374116530859383252e-62
1.990400000000000000e+04 3.374116530859383252e-62
1.996800000000000000e+04 7.246730069524526439e-64
2.003200000000000000e+04 7.246730069524526439e-64
2.009600000000000000e+04 7.246730069524526439e-64
2.016000000000000000e+04 7.246730069524526439e-64
2.022400000000000000e+04 7.246730069524526439e-64
2.028800000000000000e+04 7.246730069524526439e-64
2.035200000000000000e+04 3.809800786970910395e-64
2.041600000000000000e+04 3.809800786970910395e-64
2.048000000000000000e+04 1.262631539505612979e-64
2.054400000000000000e+04 1.262631539505612979e-64
2.060800000000000000e+04 1.262631539505612979e-64
2.067200000000000000e+04 1.262631539505612979e-64
2.073600000000000000e+04 2.453195690539546020e-65
2.080000000000000000e+04 2.453195690539546020e-65
2.086400000000000000e+04 8.515267759397692049e-66
2.092800000000000000e+04 6.042049250624190966e-66
2.099200000000000000e+04 4.222644467908462344e-66
2.105600000000000000e+04 4.222644467908462344e-66
2.112000000000000000e+04 1.131853360034706407e-66
2.118400000000000000e+04 1.044118068062765326e-66
2.124800000000000000e+04 1.771980089394173725e-67
2.131200000000000000e+04 1.771980089394173725e-67
2.137600000000000000e+04 4.565217016482893166e-69
2.144000000000000000e+04 4.565217016482893166e-69
2.150400000000000000e+04 4.565217016482893166e-69
2.156800000000000000e+04 4.565217016482893166e-69
2.163200000000000000e+04 1.952031796863953529e-69
2.169600000000000000e+04 1.952031796863953529e-69
2.176000000000000000e+04 1.952031796863953529e-69
2.182400000000000000e+04 1.952031796863953529e-69
2.188800000000000000e+04 1.596505372043654571e-70
2.195200000000000000e+04 1.596505372043654571e-70
2.201600000000000000e+04 1.596505372043654571e-70
2.208000000000000000e+04 1.596505372043654571e-70
2.214400000000000000e+04 1.596505372043654571e-70
2.220800000000000000e+04 1.596505372043654571e-70
2.227200000000000000e+04 1.596505372043654571e-70
2.233600000000000000e+04 1.596505372043654571e-70
2.240000000000000000e+04 6.593994548034074997e-72
2.246400000000000000e+04 6.593994548034074997e-72
2.252800000000000000e+04 6.593994548034074997e-72
2.259200000000000000e+04 6.593994548034074997e-72
2.265600000000000000e+04 6.593994548034074997e-72
2.272000000000000000e+04 6.593994548034074997e-72
2.278400000000000000e+04 6.593994548034074997e-72
2.284800000000000000e+04 3.838014927666866043e-72
2.291200000000000000e+04 3.018872826406364092e-72
2.297600000000000000e+04 3.018872826406364092e-72
2.304000000000000000e+04 7.635911574193660712e-73
2.310400000000000000e+04 6.299733289620718524e-73
2.316800000000000000e+04 2.547422599498258142e-74
2.323200000000000000e+04 2.547422599498258142e-74
2.329600000000000000e+04 2.547422599498258142e-74
2.336000000000000000e+04 2.547422599498258142e-74
2.342400000000000000e+04 2.547422599498258142e-74
2.348800000000000000e+04 2.547422599498258142e-74
2.355200000000000000e+04 2.547422599498258142e-74
2.361600000000000000e+04 1.998764607834007272e-74
2.368000000000000000e+04 1.571980257122254907e-75
2.374400000000000000e+04 1.571980257122254907e-75
2.380800000000000000e+04 1.571980257122254907e-75
2.387200000000000000e+04 9.723314486910197845e-76
2.393600000000000000e+04 2.655742125681498315e-76
2.400000000000000000e+04 2.655742125681498315e-76
2.406400000000000000e+04 2.655742125681498315e-76
2.412800000000000000e+04 2.655742125681498315e-76
2.419200000000000000e+04 2.655742125681498315e-76
2.425600000000000000e+04 2.531430353724521318e-76
2.432000000000000000e+04 7.359545841757063089e-77
2.438400000000000000e+04 5.307121054412368463e-77
2.444800000000000000e+04 5.307121054412368463e-77
2.451200000000000000e+04 2.872175736326933398e-77
2.457600000000000000e+04 2.872175736326933398e-77
2.464000000000000000e+04 1.905338397590362610e-77
2.470400000000000000e+04 2.954349108425529794e-78
2.476800000000000000e+04 2.954349108425529794e-78
2.483200000000000000e+04 1.405427920015811112e-78
2.489600000000000000e+04 1.405427920015811112e-78
2.496000000000000000e+04 1.405427920015811112e-78
2.502400000000000000e+04 1.405427920015811112e-78
2.508800000000000000e+04 1.405427920015811112e-78
2.515200000000000000e+04 3.299837978962898197e-79
2.521600000000000000e+04 1.430006810315815981e-79
2.528000000000000000e+04 1.430006810315815981e-79
2.534400000000000000e+04 5.136918967849328884e-80
2.540800000000000000e+04 5.136918967849328884e-80
2.547200000000000000e+04 4.163879765288500238e-80
2.553600000000000000e+04 1.578238941112703639e-80
2.560000000000000000e+04 1.578238941112703639e-80
2.566400000000000000e+04 1.096952647429079759e-80
2.572800000000000000e+04 1.096952647429079759e-80
2.579200000000000000e+04 3.663182001064514777e-81
2.585600000000000000e+04 3.433868663478155534e-82
2.592000000000000000e+04 3.433868663478155534e-82
2.598400000000000000e+04 3.433868663478155534e-82
2.604800000000000000e+04 3.433868663478155534e-82
2.611200000000000000e+04 1.671541852453204792e-82
2.617600000000000000e+04 5.154900504111950650e-83
2.624000000000000000e+04 5.154900504111950650e-83
2.630400000000000000e+04 1.531560924022587515e-83
2.636800000000000000e+04 1.523780392755557631e-83
2.643200000000000000e+04 7.426994033159510848e-85
2.649600000000000000e+04 7.426994033159510848e-85
2.656000000000000000e+04 7.426994033159510848e-85
2.662400000000000000e+04 7.426994033159510848e-85
2.668800000000000000e+04 7.426994033159510848e-85
2.675200000000000000e+04 1.131443664646504933e-85
2.681600000000000000e+04 7.134214158552865791e-86
2.688000000000000000e+04 4.529101594273520061e-86
2.694400000000000000e+04 1.738957620144271071e-86
2.700800000000000000e+04 5.620227328798511771e-87
2.707200000000000000e+04 5.620227328798511771e-87
2.713600000000000000e+04 5.620227328798511771e-87
2.720000000000000000e+04 3.158158207907797010e-87
2.726400000000000000e+04 9.217458551244706777e-88
2.732800000000000000e+04 3.739834571482595612e-88
2.739200000000000000e+04 9.604901864267029388e-89
2.745600000000000000e+04 9.604901864267029388e-89
2.752000000000000000e+04 9.604901864267029388e-89
2.758400000000000000e+04 9.604901864267029388e-89
2.764800000000000000e+04 2.488316447591639628e-89
2.771200000000000000e+04 2.488316447591639628e-89
2.777600000000000000e+04 2.488316447591639628e-89
2.784000000000000000e+04 2.488316447591639628e-89
2.790400000000000000e+04 2.488316447591639628e-89
2.796800000000000000e+04 7.060101353967228265e-90
2.803200000000000000e+04 7.060101353967228265e-90
2.809600000000000000e+04 7.060101353967228265e-90
2.816000000000000000e+04 5.244853544689587669e-90
2.822400000000000000e+04 5.244853544689587669e-90
2.828800000000000000e+04 5.753038671438855570e-91
2.835200000000000000e+04 5.753038671438855570e-91
2.841600000000000000e+04 1.762828851298922465e-91
2.848000000000000000e+04 7.272411123459587596e-93
2.854400000000000000e+04 5.514644888530535720e-93
2.860800000000000000e+04 2.830675477278916656e-93
2.867200000000000000e+04 2.830675477278916656e-93
2.873600000000000000e+04 2.397941535056865817e-93
2.880000000000000000e+04 2.397941535056865817e-93
2.886400000000000000e+04 2.397941535056865817e-93
2.892800000000000000e+04 2.397941535056865817e-93
2.899200000000000000e+04 1.987120947133931840e-93
2.905600000000000000e+04 5.092705648098127671e-94
2.912000000000000000e+04 4.250850870313123558e-94
2.918400000000000000e+04 4.250850870313123558e-94
2.924800000000000000e+04 4.250850870313123558e-94
2.931200000000000000e+04 2.192904333748181007e-94
2.937600000000000000e+04 1.171419044578338103e-94
2.944000000000000000e+04 4.584882728126380699e-95
2.950400000000000000e+04 1.501278800843566610e-95
2.956800000000000000e+04 1.501278800843566610e-95
2.963200000000000000e+04 8.175398310424796014e-96
2.969600000000000000e+04 8.175398310424796014e-96
2.976000000000000000e+04 1.108822691137807817e-96
2.982400000000000000e+04 1.072731980198705171e-96
2.988800000000000000e+04 1.072731980198705171e-96
2.995200000000000000e+04 8.054947432893039695e-97
3.001600000000000000e+04 8.054947432893039695e-97
3.008000000000000000e+04 4.887507051253363495e-97
3.014400000000000000e+04 4.887507051253363495e-97
3.020800000000000000e+04 2.578812420347466418e-97
3.027200000000000000e+04 2.578812420347466418e-97
3.033600000000000000e+04 5.517619534964822353e-98
3.040000000000000000e+04 5.517619534964822353e-98
3.046400000000000000e+04 5.517619534964822353e-98
3.052800000000000000e+04 4.949491446484915519e-98
3.059200000000000000e+04 1.619508594727525217e-99
3.065600000000000000e+04 1.619508594727525217e-99
3.072000000000000000e+04 1.619508594727525217e-99
3.078400000000000000e+04 1.619508594727525217e-99
3.084800000000000000e+04 1.133962125021872719e-99
3.091200000000000000e+04 7.782466843174543889e-100
3.097600000000000000e+04 1.792142342696973802e-100
3.104000000000000000e+04 1.792142342696973802e-100
3.110400000000000000e+04 6.429481669667172425e-101
3.116800000000000000e+04 6.429481669667172425e-101
3.123200000000000000e+04 3.787896352895057385e-101
3.129600000000000000e+04 3.787896352895057385e-101
3.136000000000000000e+04 1.979981236225939011e-101
3.142400000000000000e+04 1.346466256418667765e-101
3.148800000000000000e+04 5.976593140296044102e-102
3.155200000000000000e+04 5.976593140296044102e-102
3.161600000000000000e+04 5.976593140296044102e-102
3.168000000000000000e+04 5.976593140296044102e-102
3.174400000000000000e+04 5.976593140296044102e-102
3.180800000000000000e+04 5.769880100658241138e-103
3.187200000000000000e+04 5.769880100658241138e-103
3.193600000000000000e+04 1.460141413158447948e-103
3.200000000000000000e+04 9.526608265630658038e-104
3.206400000000000000e+04 9.526608265630658038e-104
3.212800000000000000e+04 2.392202799818818552e-104
3.219200000000000000e+04 2.392202799818818552e-104
3.225600000000000000e+04 2.392202799818818552e-104
3.232000000000000000e+04 2.392202799818818552e-104
3.238400000000000000e+04 9.341604108677754524e-105
3.244800000000000000e+04 5.846620346135172311e-105
3.251200000000000000e+04 1.925854703627323275e-105
3.257600000000000000e+04 1.925854703627323275e-105
3.264000000000000000e+04 4.790851623029863240e-106
3.270400000000000000e+04 4.790851623029863240e-106
3.276800000000000000e+04 4.790851623029863240e-106
3.283200000000000000e+04 4.790851623029863240e-106
3.289600000000000000e+04 4.790851623029863240e-106
3.296000000000000000e+04 8.674339276665438924e-107
3.302400000000000000e+04 8.674339276665438924e-107
3.308800000000000000e+04 5.852190782660063109e-107
3.315200000000000000e+04 5.852190782660063109e-107
3.321600000000000000e+04 5.852190782660063109e-107
3.328000000000000000e+04 3.630853208899833030e-107
3.334400000000000000e+04 1.116405337612356366e-107
3.340800000000000000e+04 1.116405337612356366e-107
3.347200000000000000e+04 1.116405337612356366e-107
3.353600000000000000e+04 1.717782804516907856e-108
3.360000000000000000e+04 3.480287105986833104e-109
3.366400000000000000e+04 3.480287105986833104e-109
3.372800000000000000e+04 1.119582179744788456e-109
3.379200000000000000e+04 1.119582179744788456e-109
3.385600000000000000e+04 7.230513447015056207e-110
3.392000000000000000e+04 7.230513447015056207e-110
3.398400000000000000e+04 2.341767488369257121e-110
3.404800000000000000e+04 2.341767488369257121e-110
3.411200000000000000e+04 1.625381287046968344e-110
3.417600000000000000e+04 1.625381287046968344e-110
3.424000000000000000e+04 1.625381287046968344e-110
3.430400000000000000e+04 9.971699062129119754e-112
3.436800000000000000e+04 9.971699062129119754e-112
3.443200000000000000e+04 9.971699062129119754e-112
3.449600000000000000e+04 4.456715579959809686e-112
3.456000000000000000e+04 4.456715579959809686e-112
3.462400000000000000e+04 3.428621155214570559e-112
3.468800000000000000e+04 1.117911771620503472e-113
3.475200000000000000e+04 1.117911771620503472e-113
3.481600000000000000e+04 4.350513555282152666e-115
3.488000000000000000e+04 4.350513555282152666e-115
3.494400000000000000e+04 4.350513555282152666e-115
3.500800000000000000e+04 4.350513555282152666e-115
3.507200000000000000e+04 4.350513555282152666e-115
3.513600000000000000e+04 4.350513555282152666e-115
3.520000000000000000e+04 4.350513555282152666e-115
3.526400000000000000e+04 7.523619817062352876e-116
3.532800000000000000e+04 7.523619817062352876e-116
3.539200000000000000e+04 7.523619817062352876e-116
3.545600000000000000e+04 7.523619817062352876e-116
3.552000000000000000e+04 7.523619817062352876e-116
3.558400000000000000e+04 7.700627213103863891e-117
3.564800000000000000e+04 7.700627213103863891e-117
3.571200000000000000e+04 7.700627213103863891e-117
3.577600000000000000e+04 7.700627213103863891e-117
3.584000000000000000e+04 7.700627213103863891e-117
3.590400000000000000e+04 7.700627213103863891e-117
3.596800000000000000e+04 7.700627213103863891e-117
3.603200000000000000e+04 7.700627213103863891e-117
3.609600000000000000e+04 7.700627213103863891e-117
3.616000000000000000e+04 3.765437700602628010e-117
3.622400000000000000e+04 3.765437700602628010e-117
3.628800000000000000e+04 1.830207009975134859e-117
3.635200000000000000e+04 1.830207009975134859e-117
3.641600000000000000e+04 8.617877959026318104e-118
3.648000000000000000e+04 1.437592482750084400e-118
3.654400000000000000e+04 1.339648103962175892e-118
3.660800000000000000e+04 1.339648103962175892e-118
3.667200000000000000e+04 1.339648103962175892e-118
3.673600000000000000e+04 1.339648103962175892e-118
3.680000000000000000e+04 3.488686621788823948e-119
3.686400000000000000e+04 9.792635344754796685e-120
3.692800000000000000e+04 8.477176391785980635e-120
3.699200000000000000e+04 1.249199386307193442e-120
3.705600000000000000e+04 1.249199386307193442e-120
3.712000000000000000e+04 1.249199386307193442e-120
3.718400000000000000e+04 8.410749108273881482e-121
3.724800000000000000e+04 8.410749108273881482e-121
3.731200000000000000e+04 8.410749108273881482e-121
3.737600000000000000e+04 5.648250744980453924e-121
3.744000000000000000e+04 5.648250744980453924e-121
3.750400000000000000e+04 3.554419249402870014e-121
3.756800000000000000e+04 1.218437035245175009e-122
3.763200000000000000e+04 1.218437035245175009e-122
3.769600000000000000e+04 1.218437035245175009e-122
3.776000000000000000e+04 1.218437035245175009e-122
3.782400000000000000e+04 3.362532084281138986e-123
3.788800000000000000e+04 3.362532084281138986e-123
3.795200000000000000e+04 2.304575782149388119e-123
3.801600000000000000e+04 2.304575782149388119e-123
3.808000000000000000e+04 8.395289517643322668e-124
3.814400000000000000e+04 1.406926048543020771e-124
3.820800000000000000e+04 1.406926048543020771e-124
3.827200000000000000e+04 1.406926048543020771e-124
3.833600000000000000e+04 1.406926048543020771e-124
3.840000000000000000e+04 4.142277625380647462e-125
3.846400000000000000e+04 3.809335658999379977e-125
3.852800000000000000e+04 3.441382553680247018e-125
3.859200000000000000e+04 2.152838252010428099e-125
3.865600000000000000e+04 1.286873989456357461e-126
3.872000000000000000e+04 1.286873989456357461e-126
3.878400000000000000e+04 1.286873989456357461e-126
3.884800000000000000e+04 1.286873989456357461e-126
3.891200000000000000e+04 8.221581169490756295e-127
3.897600000000000000e+04 1.690906984553421040e-128
3.904000000000000000e+04 1.690906984553421040e-128
3.910400000000000000e+04 1.690906984553421040e-128
3.916800000000000000e+04 1.690906984553421040e-128
3.923200000000000000e+04 6.057331664873580626e-129
3.929600000000000000e+04 4.728147022162103438e-129
3.936000000000000000e+04 4.728147022162103438e-129
3.942400000000000000e+04 1.193204164323249947e-129
3.948800000000000000e+04 8.379404094601041267e-130
3.955200000000000000e+04 8.379404094601041267e-130
3.961600000000000000e+04 8.379404094601041267e-130
3.968000000000000000e+04 4.179235917859876712e-131
3.974400000000000000e+04 6.829355758693888701e-132
3.980800000000000000e+04 6.829355758693888701e-132
3.987200000000000000e+04 6.829355758693888701e-132
3.993600000000000000e+04 6.829355758693888701e-132
4.000000000000000000e+04 6.829355758693888701e-132
4.006400000000000000e+04 5.885980108293929008e-132
4.012800000000000000e+04 5.885980108293929008e-132
4.019200000000000000e+04 4.390652433800553125e-132
4.025600000000000000e+04 9.361202015424839264e-133
4.032000000000000000e+04 9.361202015424839264e-133
4.038400000000000000e+04 9.361202015424839264e-133
4.044800000000000000e+04 1.519665054572810863e-133
4.051200000000000000e+04 1.519665054572810863e-133
4.057600000000000000e+04 1.519665054572810863e-133
4.064000000000000000e+04 4.534811868507444890e-134
4.070400000000000000e+04 4.534811868507444890e-134
4.076800000000000000e+04 4.534811868507444890e-134
4.083200000000000000e+04 2.172687678415090534e-134
4.089600000000000000e+04 1.634956062958726580e-134
4.096000000000000000e+04 1.634956062958726580e-134
4.102400000000000000e+04 1.437606572109579148e-134
4.108800000000000000e+04 3.399386107901038459e-135
4.115200000000000000e+04 3.399386107901038459e-135
4.121600000000000000e+04 2.088366146966896229e-135
4.128000000000000000e+04 8.257280210341475594e-136
4.134400000000000000e+04 6.456249095099861042e-136
4.140800000000000000e+04 1.562275905731487653e-136
4.147200000000000000e+04 1.562275905731487653e-136
4.153600000000000000e+04 1.562275905731487653e-136
4.160000000000000000e+04 1.562275905731487653e-136
4.166400000000000000e+04 1.562275905731487653e-136
4.172800000000000000e+04 1.384577957300281326e-136
4.179200000000000000e+04 1.088439257012710113e-137
4.185600000000000000e+04 1.088439257012710113e-137
4.192000000000000000e+04 1.088439257012710113e-137
4.198400000000000000e+04 1.088439257012710113e-137
4.204800000000000000e+04 1.088439257012710113e-137
4.211200000000000000e+04 1.088439257012710113e-137
4.217600000000000000e+04 4.574640445935842521e-138
4.224000000000000000e+04 4.574640445935842521e-138
4.230400000000000000e+04 7.722567503817735385e-139
4.236800000000000000e+04 7.722567503817735385e-139
4.243200000000000000e+04 2.032845569129323083e-139
4.249600000000000000e+04 5.771200267104952191e-140
4.256000000000000000e+04 4.151486408825634919e-140
4.262400000000000000e+04 1.188405840628543078e-140
4.268800000000000000e+04 1.188405840628543078e-140
4.275200000000000000e+04 1.188405840628543078e-140
4.281600000000000000e+04 1.188405840628543078e-140
4.288000000000000000e+04 1.188405840628543078e-140
4.294400000000000000e+04 1.188405840628543078e-140
4.300800000000000000e+04 5.976369201223296671e-141
4.307200000000000000e+04 1.313847007392160313e-141
4.313600000000000000e+04 1.313847007392160313e-141
4.320000000000000000e+04 1.313847007392160313e-141
4.326400000000000000e+04 1.313847007392160313e-141
4.332800000000000000e+04 8.888924880989577492e-142
4.339200000000000000e+04 8.888924880989577492e-142
4.345600000000000000e+04 6.902038264355074487e-142
4.352000000000000000e+04 3.463587743520119086e-143
4.358400000000000000e+04 3.073826502570652646e-143
4.364800000000000000e+04 3.073826502570652646e-143
4.371200000000000000e+04 1.686295888449044105e-143
4.377600000000000000e+04 8.164723809731916219e-144
4.384000000000000000e+04 8.164723809731916219e-144
4.390400000000000000e+04 3.684152390656072497e-144
4.396800000000000000e+04 3.684152390656072497e-144
4.403200000000000000e+04 3.684152390656072497e-144
4.409600000000000000e+04 3.061815958957691041e-144
4.416000000000000000e+04 1.277631791057462488e-145
4.422400000000000000e+04 1.277631791057462488e-145
4.428800000000000000e+04 1.277631791057462488e-145
4.435200000000000000e+04 8.912208328727342063e-147
4.441600000000000000e+04 8.912208328727342063e-147
4.448000000000000000e+04 8.912208328727342063e-147
4.454400000000000000e+04 8.912208328727342063e-147
4.460800000000000000e+04 8.912208328727342063e-147
4.467200000000000000e+04 8.912208328727342063e-147
4.473600000000000000e+04 8.912208328727342063e-147
4.480000000000000000e+04 8.912208328727342063e-147
4.486400000000000000e+04 8.912208328727342063e-147
4.492800000000000000e+04 8.912208328727342063e-147
4.499200000000000000e+04 4.934828583901302014e-147
4.505600000000000000e+04 2.118676820109028503e-147
4.512000000000000000e+04 1.031087996240713291e-148
4.518400000000000000e+04 1.031087996240713291e-148
4.524800000000000000e+04 1.031087996240713291e-148
4.531200000000000000e+04 1.031087996240713291e-148
4.537600000000000000e+04 1.031087996240713291e-148
4.544000000000000000e+04 1.031087996240713291e-148
4.550400000000000000e+04 7.491935038564468036e-149
4.556800000000000000e+04 7.491935038564468036e-149
4.563200000000000000e+04 7.491935038564468036e-149
4.569600000000000000e+04 7.491935038564468036e-149
4.576000000000000000e+04 2.713887811691904878e-150
4.582400000000000000e+04 2.713887811691904878e-150
4.588800000000000000e+04 2.713887811691904878e-150
4.595200000000000000e+04 2.713887811691904878e-150
4.601600000000000000e+04 1.698112727004170248e-150
4.608000000000000000e+04 1.698112727004170248e-150
4.614400000000000000e+04 3.722372716365633450e-152
4.620800000000000000e+04 3.722372716365633450e-152
4.627200000000000000e+04 3.722372716365633450e-152
4.633600000000000000e+04 3.722372716365633450e-152
4.640000000000000000e+04 3.722372716365633450e-152
4.646400000000000000e+04 3.722372716365633450e-152
4.652800000000000000e+04 3.722372716365633450e-152
4.659200000000000000e+04 3.722372716365633450e-152
4.665600000000000000e+04 3.722372716365633450e-152
4.672000000000000000e+04 3.722372716365633450e-152
4.678400000000000000e+04 1.461874758534102838e-153
4.684800000000000000e+04 1.461874758534102838e-153
4.691200000000000000e+04 1.461874758534102838e-153
4.697600000000000000e+04 1.461874758534102838e-153
4.704000000000000000e+04 1.461874758534102838e-153
4.710400000000000000e+04 1.329697623332611490e-153
4.716800000000000000e+04 1.329697623332611490e-153
4.723200000000000000e+04 1.329697623332611490e-153
4.729600000000000000e+04 1.329697623332611490e-153
4.736000000000000000e+04 1.329697623332611490e-153
4.742400000000000000e+04 1.329697623332611490e-153
4.748800000000000000e+04 3.788165678433299034e-154
4.755200000000000000e+04 3.788165678433299034e-154
4.761600000000000000e+04 8.294729047570984992e-155
4.768000000000000000e+04 8.294729047570984992e-155
4.774400000000000000e+04 1.660170315140954114e-156
4.780800000000000000e+04 1.660170315140954114e-156
4.787200000000000000e+04 1.660170315140954114e-156
4.793600000000000000e+04 1.660170315140954114e-156
4.800000000000000000e+04 1.660170315140954114e-156
4.806400000000000000e+04 1.660170315140954114e-156
4.812800000000000000e+04 1.660170315140954114e-156
4.819200000000000000e+04 1.660170315140954114e-156
4.825600000000000000e+04 1.660170315140954114e-156
4.832000000000000000e+04 9.980786344521938841e-157
4.838400000000000000e+04 9.467461928356655338e-157
4.844800000000000000e+04 9.467461928356655338e-157
4.851200000000000000e+04 7.121966302082996142e-157
4.857600000000000000e+04 4.258853447128894455e-157
4.864000000000000000e+04 1.971174334260957128e-157
4.870400000000000000e+04 5.093197313177276813e-158
4.876800000000000000e+04 5.093197313177276813e-158
4.883200000000000000e+04 5.093197313177276813e-158
4.889600000000000000e+04 5.093197313177276813e-158
4.896000000000000000e+04 1.014725274558022375e-158
4.902400000000000000e+04 1.014725274558022375e-158
4.908800000000000000e+04 3.191544170691401306e-159
4.915200000000000000e+04 3.191544170691401306e-159
4.921600000000000000e+04 1.989283772067426278e-159
4.928000000000000000e+04 1.759338237124698595e-159
4.934400000000000000e+04 1.567720067399966141e-159
4.940800000000000000e+04 1.810125174654175553e-160
4.947200000000000000e+04 1.810125174654175553e-160
4.953600000000000000e+04 8.058304232149264782e-163
4.960000000000000000e+04 8.058304232149264782e-163
4.966400000000000000e+04 8.058304232149264782e-163
4.972800000000000000e+04 8.058304232149264782e-163
4.979200000000000000e+04 8.058304232149264782e-163
4.985600000000000000e+04 8.058304232149264782e-163
4.992000000000000000e+04 8.058304232149264782e-163
4.998400000000000000e+04 8.058304232149264782e-163
5.004800000000000000e+04 8.058304232149264782e-163
5.011200000000000000e+04 8.058304232149264782e-163
5.017600000000000000e+04 8.058304232149264782e-163
5.024000000000000000e+04 8.058304232149264782e-163
5.030400000000000000e+04 8.058304232149264782e-163
5.036800000000000000e+04 8.058304232149264782e-163
5.043200000000000000e+04 8.058304232149264782e-163
5.049600000000000000e+04 8.058304232149264782e-163
5.056000000000000000e+04 8.171834803780515490e-164
5.062400000000000000e+04 1.256737465272513551e-164
5.068800000000000000e+04 1.256737465272513551e-164
5.075200000000000000e+04 1.256737465272513551e-164
5.081600000000000000e+04 1.256737465272513551e-164
5.088000000000000000e+04 1.463042283021639467e-165
5.094400000000000000e+04 1.463042283021639467e-165
5.100800000000000000e+04 6.801481694712204902e-166
5.107200000000000000e+04 6.801481694712204902e-166
5.113600000000000000e+04 2.774819625058995790e-166
5.120000000000000000e+04 2.774819625058995790e-166
5.126400000000000000e+04 2.540446073937415177e-169
5.132800000000000000e+04 2.540446073937415177e-169
5.139200000000000000e+04 2.540446073937415177e-169
5.145600000000000000e+04 2.540446073937415177e-169
5.152000000000000000e+04 2.540446073937415177e-169
5.158400000000000000e+04 2.540446073937415177e-169
5.164800000000000000e+04 2.540446073937415177e-169
5.171200000000000000e+04 2.540446073937415177e-169
5.177600000000000000e+04 2.540446073937415177e-169
5.184000000000000000e+04 2.540446073937415177e-169
5.190400000000000000e+04 2.540446073937415177e-169
5.196800000000000000e+04 2.538670146817857693e-169
5.203200000000000000e+04 2.538670146817857693e-169
5.209600000000000000e+04 2.538670146817857693e-169
5.216000000000000000e+04 1.684281615730305598e-169
5.222400000000000000e+04 1.684281615730305598e-169
5.228800000000000000e+04 1.684281615730305598e-169
5.235200000000000000e+04 1.252489749703422387e-169
5.241600000000000000e+04 4.317976823753536451e-170
5.248000000000000000e+04 4.317976823753536451e-170
5.254400000000000000e+04 7.578298347029110231e-171
5.260800000000000000e+04 4.521742856440435786e-171
5.267200000000000000e+04 5.479537700234926015e-172
5.273600000000000000e+04 5.479537700234926015e-172
5.280000000000000000e+04 5.479537700234926015e-172
5.286400000000000000e+04 5.479537700234926015e-172
5.292800000000000000e+04 5.479537700234926015e-172
5.299200000000000000e+04 1.204091940366693578e-172
5.305600000000000000e+04 3.731683193150236190e-174
5.312000000000000000e+04 3.731683193150236190e-174
5.318400000000000000e+04 3.731683193150236190e-174
5.324800000000000000e+04 3.731683193150236190e-174
5.331200000000000000e+04 3.731683193150236190e-174
5.337600000000000000e+04 3.731683193150236190e-174
5.344000000000000000e+04 3.731683193150236190e-174
5.350400000000000000e+04 2.440526850662317570e-174
5.356800000000000000e+04 2.440526850662317570e-174
5.363200000000000000e+04 2.440526850662317570e-174
5.369600000000000000e+04 4.755070897978098520e-175
5.376000000000000000e+04 4.755070897978098520e-175
5.382400000000000000e+04 8.321556955371631142e-176
5.388800000000000000e+04 8.321556955371631142e-176
5.395200000000000000e+04 8.321556955371631142e-176
5.401600000000000000e+04 8.321556955371631142e-176
5.408000000000000000e+04 8.321556955371631142e-176
5.414400000000000000e+04 8.321556955371631142e-176
5.420800000000000000e+04 6.518735336132754326e-176
5.427200000000000000e+04 3.899475073572936600e-176
5.433600000000000000e+04 1.785582013224059856e-176
5.440000000000000000e+04 1.785582013224059856e-176
5.446400000000000000e+04 1.785582013224059856e-176
5.452800000000000000e+04 1.785582013224059856e-176
5.459200000000000000e+04 4.699626928295400671e-177
5.465600000000000000e+04 3.289639492928521778e-177
5.472000000000000000e+04 3.209762272184513840e-177
5.478400000000000000e+04 1.708439495947679173e-178
5.484800000000000000e+04 1.708439495947679173e-178
5.491200000000000000e+04 1.708439495947679173e-178
5.497600000000000000e+04 1.708439495947679173e-178
5.504000000000000000e+04 6.326010230053934899e-179
5.510400000000000000e+04 1.544567483017223079e-180
5.516800000000000000e+04 1.544567483017223079e-180
5.523200000000000000e+04 1.544567483017223079e-180
5.529600000000000000e+04 1.544567483017223079e-180
5.536000000000000000e+04 1.544567483017223079e-180
5.542400000000000000e+04 1.544567483017223079e-180
5.548800000000000000e+04 1.544567483017223079e-180
5.555200000000000000e+04 3.896553233686770003e-181
5.561600000000000000e+04 2.572736268416455087e-181
5.568000000000000000e+04 2.572736268416455087e-181
5.574400000000000000e+04 2.572736268416455087e-181
5.580800000000000000e+04 2.572736268416455087e-181
5.587200000000000000e+04 2.572736268416455087e-181
5.593600000000000000e+04 2.746745675696831711e-182
5.600000000000000000e+04 2.746745675696831711e-182
5.606400000000000000e+04 1.103881241781278230e-182
5.612800000000000000e+04 1.103881241781278230e-182
5.619200000000000000e+04 7.739957296149014638e-183
5.625600000000000000e+04 7.739957296149014638e-183
5.632000000000000000e+04 2.899495742601949394e-183
5.638400000000000000e+04 2.899495742601949394e-183
5.644800000000000000e+04 2.899495742601949394e-183
5.651200000000000000e+04 2.899495742601949394e-183
5.657600000000000000e+04 8.401233301595578040e-184
5.664000000000000000e+04 5.564923699488055022e-185
5.670400000000000000e+04 5.564923699488055022e-185
5.676800000000000000e+04 5.564923699488055022e-185
5.683200000000000000e+04 5.564923699488055022e-185
5.689600000000000000e+04 5.564923699488055022e-185
5.696000000000000000e+04 5.564923699488055022e-185
5.702400000000000000e+04 5.564923699488055022e-185
5.708800000000000000e+04 5.564923699488055022e-185
5.715200000000000000e+04 5.564923699488055022e-185
5.721600000000000000e+04 5.564923699488055022e-185
5.728000000000000000e+04 2.569748968430486120e-185
5.734400000000000000e+04 6.437443810298436155e-187
5.740800000000000000e+04 6.437443810298436155e-187
5.747200000000000000e+04 6.437443810298436155e-187
5.753600000000000000e+04 6.437443810298436155e-187
5.760000000000000000e+04 6.437443810298436155e-187
5.766400000000000000e+04 6.004191962080828748e-187
5.772800000000000000e+04 6.004191962080828748e-187
5.779200000000000000e+04 6.004191962080828748e-187
5.785600000000000000e+04 1.182770899939748870e-187
5.792000000000000000e+04 2.985874404860514639e-188
5.798400000000000000e+04 2.985874404860514639e-188
5.804800000000000000e+04 2.468187544214184515e-188
5.811200000000000000e+04 2.123696512722650177e-189
5.817600000000000000e+04 2.123696512722650177e-189
5.824000000000000000e+04 2.123696512722650177e-189
5.830400000000000000e+04 2.123696512722650177e-189
5.836800000000000000e+04 9.347228644447874235e-190
5.843200000000000000e+04 5.680471770366549569e-190
5.849600000000000000e+04 5.680471770366549569e-190
5.856000000000000000e+04 5.680471770366549569e-190
5.862400000000000000e+04 5.680471770366549569e-190
5.868800000000000000e+04 2.732207585675207788e-190
5.875200000000000000e+04 2.732207585675207788e-190
5.881600000000000000e+04 2.732207585675207788e-190
5.888000000000000000e+04 2.732207585675207788e-190
5.894400000000000000e+04 1.637632584985543645e-192
5.900800000000000000e+04 1.637632584985543645e-192
5.907200000000000000e+04 1.637632584985543645e-192
5.913600000000000000e+04 1.637632584985543645e-192
5.920000000000000000e+04 1.637632584985543645e-192
5.926400000000000000e+04 1.637632584985543645e-192
5.932800000000000000e+04 1.637632584985543645e-192
5.939200000000000000e+04 1.186731278292535946e-192
5.945600000000000000e+04 1.186731278292535946e-192
5.952000000000000000e+04 2.068954108244783355e-193
5.958400000000000000e+04 2.068954108244783355e-193
5.964800000000000000e+04 2.068954108244783355e-193
5.971200000000000000e+04 1.578338033340031356e-193
5.977600000000000000e+04 1.578338033340031356e-193
5.984000000000000000e+04 4.646582356202091847e-194
5.990400000000000000e+04 1.832362994055948723e-194
5.996800000000000000e+04 1.832362994055948723e-194
6.003200000000000000e+04 1.832362994055948723e-194
6.009600000000000000e+04 2.437265701891058434e-195
6.016000000000000000e+04 2.437265701891058434e-195
6.022400000000000000e+04 2.437265701891058434e-195
6.028800000000000000e+04 2.437265701891058434e-195
6.035200000000000000e+04 5.817923711910502361e-196
6.041600000000000000e+04 3.892697979045096929e-197
6.048000000000000000e+04 3.892697979045096929e-197
6.054400000000000000e+04 3.892697979045096929e-197
6.060800000000000000e+04 3.892697979045096929e-197
6.067200000000000000e+04 3.892697979045096929e-197
6.073600000000000000e+04 3.790900865358532283e-197
6.080000000000000000e+04 3.790900865358532283e-197
6.086400000000000000e+04 3.790900865358532283e-197
6.092800000000000000e+04 5.255395476219948569e-199
6.099200000000000000e+04 5.255395476219948569e-199
6.105600000000000000e+04 5.255395476219948569e-199
6.112000000000000000e+04 5.255395476219948569e-199
6.118400000000000000e+04 4.490830768250120510e-199
6.124800000000000000e+04 4.490830768250120510e-199
6.131200000000000000e+04 4.490830768250120510e-199
6.137600000000000000e+04 1.565763016794004423e-199
6.144000000000000000e+04 1.565763016794004423e-199
6.150400000000000000e+04 1.565763016794004423e-199
6.156800000000000000e+04 2.493965899791667406e-200
6.163200000000000000e+04 2.493965899791667406e-200
6.169600000000000000e+04 4.669539792889650167e-201
6.176000000000000000e+04 4.669539792889650167e-201
6.182400000000000000e+04 4.669539792889650167e-201
6.188800000000000000e+04 3.893900653802384857e-201
6.195200000000000000e+04 3.893900653802384857e-201
6.201600000000000000e+04 3.893900653802384857e-201
6.208000000000000000e+04 2.388105861503831271e-201
6.214400000000000000e+04 7.086328763215273506e-202
6.220800000000000000e+04 7.086328763215273506e-202
6.227200000000000000e+04 7.086328763215273506e-202
6.233600000000000000e+04 5.841617641978212976e-204
6.240000000000000000e+04 5.841617641978212976e-204
6.246400000000000000e+04 5.841617641978212976e-204
6.252800000000000000e+04 5.841617641978212976e-204
6.259200000000000000e+04 5.841617641978212976e-204
6.265600000000000000e+04 5.841617641978212976e-204
6.272000000000000000e+04 5.841617641978212976e-204
6.278400000000000000e+04 2.012470525667234029e-204
6.284800000000000000e+04 2.012470525667234029e-204
6.291200000000000000e+04 2.012470525667234029e-204
6.297600000000000000e+04 2.677610548565307183e-205
6.304000000000000000e+04 2.677610548565307183e-205
6.310400000000000000e+04 2.677610548565307183e-205
6.316800000000000000e+04 2.677610548565307183e-205
6.323200000000000000e+04 2.677610548565307183e-205
6.329600000000000000e+04 2.677610548565307183e-205
6.336000000000000000e+04 2.677610548565307183e-205
6.342400000000000000e+04 2.677610548565307183e-205
6.348800000000000000e+04 9.778998329878155131e-206
6.355200000000000000e+04 9.778998329878155131e-206
6.361600000000000000e+04 9.778998329878155131e-206
6.368000000000000000e+04 1.498454867126584866e-206
6.374400000000000000e+04 1.446745630403629252e-206
6.380800000000000000e+04 2.826104175719017981e-207
6.387200000000000000e+04 2.826104175719017981e-207
6.393600000000000000e+04 2.826104175719017981e-207
6.400000000000000000e+04 2.826104175719017981e-207
6.406400000000000000e+04 2.826104175719017981e-207
6.412800000000000000e+04 5.208741800598429917e-208
6.419200000000000000e+04 5.208741800598429917e-208
6.425600000000000000e+04 1.809529700721222230e-208
6.432000000000000000e+04 1.809529700721222230e-208
6.438400000000000000e+04 1.780931669254304170e-208
6.444800000000000000e+04 7.884291590463352598e-209
6.451200000000000000e+04 2.403688328192950660e-209
6.457600000000000000e+04 2.403688328192950660e-209
6.464000000000000000e+04 2.403688328192950660e-209
6.470400000000000000e+04 4.337567267333155945e-210
6.476800000000000000e+04 4.337567267333155945e-210
6.483200000000000000e+04 4.337567267333155945e-210
6.489600000000000000e+04 4.337567267333155945e-210
6.496000000000000000e+04 4.337567267333155945e-210
6.502400000000000000e+04 4.337567267333155945e-210
6.508800000000000000e+04 3.080958727058464027e-212
6.515200000000000000e+04 3.080958727058464027e-212
6.521600000000000000e+04 3.080958727058464027e-212
6.528000000000000000e+04 3.080958727058464027e-212
6.534400000000000000e+04 3.080958727058464027e-212
6.540800000000000000e+04 9.363310052126599180e-213
6.547200000000000000e+04 9.363310052126599180e-213
6.553600000000000000e+04 9.363310052126599180e-213
6.560000000000000000e+04 9.363310052126599180e-213
6.566400000000000000e+04 2.239356545492769251e-213
6.572800000000000000e+04 2.086333858762671057e-213
6.579200000000000000e+04 2.086333858762671057e-213
6.585600000000000000e+04 2.086333858762671057e-213
6.592000000000000000e+04 2.086333858762671057e-213
6.598400000000000000e+04 2.086333858762671057e-213
6.604800000000000000e+04 5.561388303786113512e-214
6.611200000000000000e+04 8.080863507605539800e-215
6.617600000000000000e+04 7.499230827375753560e-215
6.624000000000000000e+04 7.499230827375753560e-215
6.630400000000000000e+04 4.884898649617807178e-215
6.636800000000000000e+04 1.938055071007337880e-215
6.643200000000000000e+04 1.938055071007337880e-215
6.649600000000000000e+04 1.938055071007337880e-215
6.656000000000000000e+04 1.938055071007337880e-215
6.662400000000000000e+04 2.429857426003070798e-216
6.668800000000000000e+04 2.429857426003070798e-216
6.675200000000000000e+04 2.429857426003070798e-216
6.681600000000000000e+04 1.651493225927495491e-216
6.688000000000000000e+04 1.651493225927495491e-216
6.694400000000000000e+04 1.023448563853555964e-216
6.700800000000000000e+04 1.023448563853555964e-216
6.707200000000000000e+04 5.173800275285671697e-217
6.713600000000000000e+04 3.147593620412208117e-217
6.720000000000000000e+04 3.147593620412208117e-217
6.726400000000000000e+04 5.612285387110738425e-218
6.732800000000000000e+04 3.559410452126170801e-218
6.739200000000000000e+04 3.559410452126170801e-218
6.745600000000000000e+04 5.599587361294652796e-219
6.752000000000000000e+04 5.599587361294652796e-219
6.758400000000000000e+04 1.188511143940652749e-219
6.764800000000000000e+04 3.331358991501222958e-221
6.771200000000000000e+04 3.331358991501222958e-221
6.777600000000000000e+04 3.331358991501222958e-221
6.784000000000000000e+04 3.331358991501222958e-221
6.790400000000000000e+04 3.331358991501222958e-221
6.796800000000000000e+04 3.331358991501222958e-221
6.803200000000000000e+04 1.363175272093650816e-221
6.809600000000000000e+04 1.363175272093650816e-221
6.816000000000000000e+04 1.363175272093650816e-221
6.822400000000000000e+04 1.363175272093650816e-221
6.828800000000000000e+04 1.363175272093650816e-221
6.835200000000000000e+04 1.251818919416769702e-221
6.841600000000000000e+04 1.251818919416769702e-221
6.848000000000000000e+04 8.167747793751378453e-222
6.854400000000000000e+04 4.119383961515072351e-222
6.860800000000000000e+04 4.119383961515072351e-222
6.867200000000000000e+04 4.119383961515072351e-222
6.873600000000000000e+04 1.166991767344031331e-222
6.880000000000000000e+04 6.828766474222098359e-224
6.886400000000000000e+04 6.828766474222098359e-224
6.892800000000000000e+04 6.828766474222098359e-224
6.899200000000000000e+04 1.650979880614380874e-224
6.905600000000000000e+04 1.650979880614380874e-224
6.912000000000000000e+04 1.650979880614380874e-224
6.918400000000000000e+04 5.582268405121490488e-225
6.924800000000000000e+04 5.582268405121490488e-225
6.931200000000000000e+04 5.582268405121490488e-225
6.937600000000000000e+04 2.572134296212416273e-225
6.944000000000000000e+04 1.544390450691485765e-225
6.950400000000000000e+04 1.544390450691485765e-225
6.956800000000000000e+04 1.209594964731224198e-226
6.963200000000000000e+04 1.209594964731224198e-226
6.969600000000000000e+04 1.209594964731224198e-226
6.976000000000000000e+04 1.209594964731224198e-226
6.982400000000000000e+04 1.209594964731224198e-226
6.988800000000000000e+04 1.209594964731224198e-226
6.995200000000000000e+04 2.734048240204012949e-227
7.001600000000000000e+04 2.734048240204012949e-227
7.008000000000000000e+04 2.734048240204012949e-227
7.014400000000000000e+04 2.734048240204012949e-227
7.020800000000000000e+04 1.917433393247171960e-227
7.027200000000000000e+04 5.336617616752869322e-228
7.033600000000000000e+04 8.646418706211609281e-229
7.040000000000000000e+04 8.646418706211609281e-229
7.046400000000000000e+04 8.646418706211609281e-229
7.052800000000000000e+04 2.144806807893073113e-229
7.059200000000000000e+04 7.709930545570478215e-230
7.065600000000000000e+04 7.709930545570478215e-230
7.072000000000000000e+04 7.709930545570478215e-230
7.078400000000000000e+04 7.709930545570478215e-230
7.084800000000000000e+04 2.571607692958980943e-230
7.091200000000000000e+04 2.571607692958980943e-230
7.097600000000000000e+04 2.571607692958980943e-230
7.104000000000000000e+04 7.805824287272013294e-231
7.110400000000000000e+04 7.805824287272013294e-231
7.116800000000000000e+04 7.805824287272013294e-231
7.123200000000000000e+04 7.805824287272013294e-231
7.129600000000000000e+04 7.805824287272013294e-231
7.136000000000000000e+04 4.467089511498941551e-232
7.142400000000000000e+04 4.467089511498941551e-232
7.148800000000000000e+04 4.467089511498941551e-232
7.155200000000000000e+04 4.467089511498941551e-232
7.161600000000000000e+04 4.467089511498941551e-232
7.168000000000000000e+04 1.717369218606809060e-232
7.174400000000000000e+04 1.686170551218301916e-232
7.180800000000000000e+04 8.370063166957415619e-233
7.187200000000000000e+04 8.370063166957415619e-233
7.193600000000000000e+04 8.370063166957415619e-233
7.200000000000000000e+04 6.007809929715323519e-233
7.206400000000000000e+04 2.622036743694540575e-233
7.212800000000000000e+04 7.644177895581796688e-235
7.219200000000000000e+04 7.644177895581796688e-235
7.225600000000000000e+04 7.644177895581796688e-235
7.232000000000000000e+04 7.644177895581796688e-235
7.238400000000000000e+04 7.644177895581796688e-235
7.244800000000000000e+04 3.515766145649567854e-235
7.251200000000000000e+04 3.515766145649567854e-235
7.257600000000000000e+04 3.492067696210360369e-235
7.264000000000000000e+04 1.828746517490735357e-235
7.270400000000000000e+04 4.807154593170303050e-236
7.276800000000000000e+04 9.607759097694649320e-237
7.283200000000000000e+04 9.607759097694649320e-237
7.289600000000000000e+04 9.607759097694649320e-237
7.296000000000000000e+04 9.607759097694649320e-237
7.302400000000000000e+04 9.607759097694649320e-237
7.308800000000000000e+04 9.607759097694649320e-237
7.315200000000000000e+04 2.640562655696473159e-237
7.321600000000000000e+04 2.640562655696473159e-237
7.328000000000000000e+04 3.278548295235345882e-239
7.334400000000000000e+04 3.278548295235345882e-239
7.340800000000000000e+04 3.278548295235345882e-239
7.347200000000000000e+04 3.278548295235345882e-239
7.353600000000000000e+04 3.278548295235345882e-239
7.360000000000000000e+04 3.278548295235345882e-239
7.366400000000000000e+04 3.278548295235345882e-239
7.372800000000000000e+04 3.278548295235345882e-239
7.379200000000000000e+04 3.278548295235345882e-239
7.385600000000000000e+04 3.278548295235345882e-239
7.392000000000000000e+04 3.278548295235345882e-239
7.398400000000000000e+04 1.911467018819907739e-239
7.404800000000000000e+04 1.911467018819907739e-239
7.411200000000000000e+04 3.491937028949962877e-240
7.417600000000000000e+04 3.491937028949962877e-240
7.424000000000000000e+04 1.660648827261424755e-240
7.430400000000000000e+04 1.654551992962575174e-242
7.436800000000000000e+04 1.654551992962575174e-242
7.443200000000000000e+04 1.654551992962575174e-242
7.449600000000000000e+04 3.215885208220553654e-243
7.456000000000000000e+04 3.215885208220553654e-243
7.462400000000000000e+04 3.215885208220553654e-243
7.468800000000000000e+04 3.215885208220553654e-243
7.475200000000000000e+04 3.215885208220553654e-243
7.481600000000000000e+04 2.457714429135708543e-243
7.488000000000000000e+04 2.457714429135708543e-243
7.494400000000000000e+04 2.457714429135708543e-243
7.500800000000000000e+04 2.457714429135708543e-243
7.507200000000000000e+04 2.341103085460360353e-243
7.513600000000000000e+04 2.341103085460360353e-243
7.520000000000000000e+04 1.759677871967332085e-243
7.526400000000000000e+04 1.384506771688661794e-243
7.532800000000000000e+04 8.323340575946882446e-245
7.539200000000000000e+04 8.323340575946882446e-245
7.545600000000000000e+04 8.323340575946882446e-245
7.552000000000000000e+04 8.323340575946882446e-245
7.558400000000000000e+04 4.097167137771995280e-245
7.564800000000000000e+04 4.097167137771995280e-245
7.571200000000000000e+04 4.097167137771995280e-245
7.577600000000000000e+04 4.097167137771995280e-245
7.584000000000000000e+04 4.097167137771995280e-245
7.590400000000000000e+04 1.001328839809711460e-247
7.596800000000000000e+04 1.001328839809711460e-247
7.603200000000000000e+04 1.001328839809711460e-247
7.609600000000000000e+04 1.001328839809711460e-247
7.616000000000000000e+04 1.001328839809711460e-247
7.622400000000000000e+04 1.001328839809711460e-247
7.628800000000000000e+04 1.001328839809711460e-247
7.635200000000000000e+04 4.025744635457697700e-248
7.641600000000000000e+04 4.025744635457697700e-248
7.648000000000000000e+04 4.025744635457697700e-248
7.654400000000000000e+04 2.610215416310309860e-248
7.660800000000000000e+04 1.130888355991927600e-248
7.667200000000000000e+04 1.130888355991927600e-248
7.673600000000000000e+04 1.130888355991927600e-248
7.680000000000000000e+04 1.130888355991927600e-248
7.686400000000000000e+04 1.708120548145384772e-250
7.692800000000000000e+04 1.708120548145384772e-250
7.699200000000000000e+04 1.708120548145384772e-250
7.705600000000000000e+04 1.708120548145384772e-250
7.712000000000000000e+04 1.708120548145384772e-250
7.718400000000000000e+04 5.802222112463745915e-251
7.724800000000000000e+04 5.802222112463745915e-251
7.731200000000000000e+04 5.802222112463745915e-251
7.737600000000000000e+04 3.728692802963073892e-251
7.744000000000000000e+04 3.728692802963073892e-251
7.750400000000000000e+04 3.728692802963073892e-251
7.756800000000000000e+04 9.926809693388079456e-253
7.763200000000000000e+04 9.926809693388079456e-253
7.769600000000000000e+04 9.926809693388079456e-253
7.776000000000000000e+04 9.926809693388079456e-253
7.782400000000000000e+04 9.926809693388079456e-253
7.788800000000000000e+04 9.926809693388079456e-253
7.795200000000000000e+04 9.926809693388079456e-253
7.801600000000000000e+04 8.066414517985309311e-253
7.808000000000000000e+04 8.066414517985309311e-253
7.814400000000000000e+04 8.066414517985309311e-253
7.820800000000000000e+04 8.066414517985309311e-253
7.827200000000000000e+04 8.066414517985309311e-253
7.833600000000000000e+04 5.026489543987622120e-253
7.840000000000000000e+04 5.026489543987622120e-253
7.846400000000000000e+04 2.580090849200275631e-254
7.852800000000000000e+04 2.580090849200275631e-254
7.859200000000000000e+04 1.496878479355965948e-254
7.865600000000000000e+04 1.496878479355965948e-254
7.872000000000000000e+04 5.861512599376203743e-255
7.878400000000000000e+04 4.137755417560184135e-256
7.884800000000000000e+04 4.137755417560184135e-256
7.891200000000000000e+04 4.137755417560184135e-256
7.897600000000000000e+04 4.137755417560184135e-256
7.904000000000000000e+04 4.137755417560184135e-256
7.910400000000000000e+04 4.137755417560184135e-256
7.916800000000000000e+04 4.137755417560184135e-256
7.923200000000000000e+04 1.097580780868035533e-256
7.929600000000000000e+04 1.097580780868035533e-256
7.936000000000000000e+04 1.097580780868035533e-256
7.942400000000000000e+04 1.097580780868035533e-256
7.948800000000000000e+04 1.097580780868035533e-256
7.955200000000000000e+04 1.017845835182196093e-256
7.961600000000000000e+04 1.017845835182196093e-256
7.968000000000000000e+04 1.017845835182196093e-256
7.974400000000000000e+04 1.708935106144403443e-258
7.980800000000000000e+04 1.708935106144403443e-258
7.987200000000000000e+04 1.708935106144403443e-258
7.993600000000000000e+04 1.708935106144403443e-258
8.000000000000000000e+04 1.708935106144403443e-258
8.006400000000000000e+04 1.708935106144403443e-258
8.012800000000000000e+04 6.710269737334517565e-259
8.019200000000000000e+04 6.710269737334517565e-259
8.025600000000000000e+04 2.491261030589151976e-259
8.032000000000000000e+04 2.491261030589151976e-259
8.038400000000000000e+04 1.648850362261663095e-259
8.044800000000000000e+04 1.648850362261663095e-259
8.051200000000000000e+04 3.051309132941324845e-260
8.057600000000000000e+04 2.485771499271154685e-260
8.064000000000000000e+04 4.516334280765151128e-263
8.070400000000000000e+04 4.516334280765151128e-263
8.076800000000000000e+04 4.516334280765151128e-263
8.083200000000000000e+04 4.516334280765151128e-263
8.089600000000000000e+04 4.516334280765151128e-263
8.096000000000000000e+04 4.516334280765151128e-263
8.102400000000000000e+04 4.516334280765151128e-263
8.108800000000000000e+04 4.516334280765151128e-263
8.115200000000000000e+04 4.516334280765151128e-263
8.121600000000000000e+04 4.516334280765151128e-263
8.128000000000000000e+04 4.516334280765151128e-263
8.134400000000000000e+04 4.516334280765151128e-263
8.140800000000000000e+04 1.476178837780953535e-263
8.147200000000000000e+04 1.476178837780953535e-263
8.153600000000000000e+04 9.584072827558914146e-264
8.160000000000000000e+04 2.058924490155174775e-264
8.166400000000000000e+04 2.058924490155174775e-264
8.172800000000000000e+04 2.058924490155174775e-264
8.179200000000000000e+04 2.058924490155174775e-264
8.185600000000000000e+04 2.058924490155174775e-264
8.192000000000000000e+04 2.448399059704697759e-265
8.198400000000000000e+04 2.448399059704697759e-265
8.204800000000000000e+04 2.448399059704697759e-265
8.211200000000000000e+04 2.448399059704697759e-265
8.217600000000000000e+04 2.156264109557894179e-267
8.224000000000000000e+04 2.156264109557894179e-267
8.230400000000000000e+04 2.156264109557894179e-267
8.236800000000000000e+04 2.156264109557894179e-267
8.243200000000000000e+04 2.156264109557894179e-267
8.249600000000000000e+04 2.156264109557894179e-267
8.256000000000000000e+04 2.156264109557894179e-267
8.262400000000000000e+04 2.156264109557894179e-267
8.268800000000000000e+04 1.000164677564483280e-267
8.275200000000000000e+04 1.000164677564483280e-267
8.281600000000000000e+04 1.000164677564483280e-267
8.288000000000000000e+04 5.032190261134409592e-268
8.294400000000000000e+04 3.049348522783762270e-268
8.300800000000000000e+04 9.533175373256974609e-269
8.307200000000000000e+04 9.533175373256974609e-269
8.313600000000000000e+04 9.533175373256974609e-269
8.320000000000000000e+04 5.288714053214139379e-270
8.326400000000000000e+04 5.288714053214139379e-270
8.332800000000000000e+04 5.288714053214139379e-270
8.339200000000000000e+04 1.214191208449733339e-270
8.345600000000000000e+04 2.807742752935983748e-271
8.352000000000000000e+04 2.807742752935983748e-271
8.358400000000000000e+04 2.807742752935983748e-271
8.364800000000000000e+04 2.807742752935983748e-271
8.371200000000000000e+04 6.428285081669890163e-272
8.377600000000000000e+04 6.428285081669890163e-272
8.384000000000000000e+04 6.428285081669890163e-272
8.390400000000000000e+04 6.428285081669890163e-272
8.396800000000000000e+04 6.428285081669890163e-272
8.403200000000000000e+04 6.428285081669890163e-272
8.409600000000000000e+04 4.368626814995351317e-272
8.416000000000000000e+04 4.368626814995351317e-272
8.422400000000000000e+04 3.020448202678830592e-272
8.428800000000000000e+04 1.478529018230155842e-272
8.435200000000000000e+04 1.074273425448565817e-272
8.441600000000000000e+04 1.074273425448565817e-272
8.448000000000000000e+04 4.543178344062315391e-273
8.454400000000000000e+04 6.921558172410888269e-274
8.460800000000000000e+04 6.921558172410888269e-274
8.467200000000000000e+04 6.921558172410888269e-274
8.473600000000000000e+04 6.921558172410888269e-274
8.480000000000000000e+04 6.921558172410888269e-274
8.486400000000000000e+04 5.428113091374277499e-274
8.492800000000000000e+04 1.981193132508808347e-274
8.499200000000000000e+04 1.981193132508808347e-274
8.505600000000000000e+04 1.981193132508808347e-274
8.512000000000000000e+04 2.704800467153033336e-275
8.518400000000000000e+04 2.704800467153033336e-275
8.524800000000000000e+04 2.704800467153033336e-275
8.531200000000000000e+04 2.704800467153033336e-275
8.537600000000000000e+04 2.704800467153033336e-275
8.544000000000000000e+04 2.704800467153033336e-275
8.550400000000000000e+04 2.704800467153033336e-275
8.556800000000000000e+04 6.412142791159171149e-276
8.563200000000000000e+04 6.412142791159171149e-276
8.569600000000000000e+04 6.412142791159171149e-276
8.576000000000000000e+04 1.131966319543878890e-276
8.582400000000000000e+04 1.764697918551276019e-277
8.588800000000000000e+04 1.764697918551276019e-277
8.595200000000000000e+04 8.539543018051504423e-278
8.601600000000000000e+04 8.378657562412488737e-278
8.608000000000000000e+04 7.648611900051146920e-278
8.614400000000000000e+04 5.347724812437715427e-280
8.620800000000000000e+04 5.347724812437715427e-280
8.627200000000000000e+04 5.347724812437715427e-280
8.633600000000000000e+04 5.347724812437715427e-280
8.640000000000000000e+04 5.347724812437715427e-280
8.646400000000000000e+04 5.347724812437715427e-280
8.652800000000000000e+04 5.347724812437715427e-280
8.659200000000000000e+04 5.347724812437715427e-280
8.665600000000000000e+04 5.347724812437715427e-280
8.672000000000000000e+04 5.347724812437715427e-280
8.678400000000000000e+04 4.519039558006198378e-280
8.684800000000000000e+04 4.519039558006198378e-280
8.691200000000000000e+04 2.522667577231528035e-280
8.697600000000000000e+04 2.522667577231528035e-280
8.704000000000000000e+04 2.522667577231528035e-280
8.710400000000000000e+04 2.522667577231528035e-280
8.716800000000000000e+04 3.720205243653434784e-283
8.723200000000000000e+04 3.720205243653434784e-283
8.729600000000000000e+04 3.720205243653434784e-283
8.736000000000000000e+04 3.720205243653434784e-283
8.742400000000000000e+04 3.720205243653434784e-283
8.748800000000000000e+04 3.720205243653434784e-283
8.755200000000000000e+04 3.720205243653434784e-283
8.761600000000000000e+04 3.720205243653434784e-283
8.768000000000000000e+04 3.720205243653434784e-283
8.774400000000000000e+04 1.831934650996207041e-283
8.780800000000000000e+04 1.646094505692456574e-283
8.787200000000000000e+04 1.646094505692456574e-283
8.793600000000000000e+04 1.043993653104300355e-284
8.800000000000000000e+04 1.043993653104300355e-284
8.806400000000000000e+04 1.043993653104300355e-284
8.812800000000000000e+04 4.545022796411873134e-285
8.819200000000000000e+04 1.447579920693179197e-286
8.825600000000000000e+04 1.447579920693179197e-286
8.832000000000000000e+04 1.447579920693179197e-286
8.838400000000000000e+04 1.447579920693179197e-286
8.844800000000000000e+04 1.447579920693179197e-286
8.851200000000000000e+04 8.782736900472893847e-287
8.857600000000000000e+04 8.782736900472893847e-287
8.864000000000000000e+04 8.782736900472893847e-287
8.870400000000000000e+04 8.782736900472893847e-287
8.876800000000000000e+04 2.607782883897513095e-288
8.883200000000000000e+04 2.607782883897513095e-288
8.889600000000000000e+04 2.607782883897513095e-288
8.896000000000000000e+04 2.607782883897513095e-288
8.902400000000000000e+04 2.607782883897513095e-288
8.908800000000000000e+04 2.607782883897513095e-288
8.915200000000000000e+04 2.607782883897513095e-288
8.921600000000000000e+04 1.732219674706719893e-288
8.928000000000000000e+04 1.732219674706719893e-288
8.934400000000000000e+04 3.040356852581352007e-289
8.940800000000000000e+04 3.040356852581352007e-289
8.947200000000000000e+04 4.505944991864602041e-290
8.953600000000000000e+04 4.505944991864602041e-290
8.960000000000000000e+04 1.356383040262327833e-290
8.966400000000000000e+04 1.356383040262327833e-290
8.972800000000000000e+04 1.356383040262327833e-290
8.979200000000000000e+04 1.853430069095086930e-291
8.985600000000000000e+04 1.853430069095086930e-291
8.992000000000000000e+04 1.853430069095086930e-291
8.998400000000000000e+04 1.853430069095086930e-291
9.004800000000000000e+04 1.853430069095086930e-291
9.011200000000000000e+04 1.479122115856659677e-291
9.017600000000000000e+04 1.479122115856659677e-291
9.024000000000000000e+04 1.479122115856659677e-291
9.030400000000000000e+04 1.479122115856659677e-291
9.036800000000000000e+04 1.479122115856659677e-291
9.043200000000000000e+04 1.020468351459233279e-291
9.049600000000000000e+04 3.076863381172584909e-293
9.056000000000000000e+04 2.980922745674192966e-293
9.062400000000000000e+04 2.980922745674192966e-293
9.068800000000000000e+04 1.547009201604009606e-293
9.075200000000000000e+04 1.547009201604009606e-293
9.081600000000000000e+04 1.547009201604009606e-293
9.088000000000000000e+04 1.547009201604009606e-293
9.094400000000000000e+04 1.547009201604009606e-293
9.100800000000000000e+04 1.547009201604009606e-293
9.107200000000000000e+04 1.143379970296389452e-293
9.113600000000000000e+04 1.143379970296389452e-293
9.120000000000000000e+04 1.291570251816565729e-294
9.126400000000000000e+04 1.291570251816565729e-294
9.132800000000000000e+04 1.291570251816565729e-294
9.139200000000000000e+04 4.460500113747779545e-295
9.145600000000000000e+04 4.460500113747779545e-295
9.152000000000000000e+04 4.460500113747779545e-295
9.158400000000000000e+04 2.960783500056535558e-297
9.164800000000000000e+04 2.960783500056535558e-297
9.171200000000000000e+04 2.960783500056535558e-297
9.177600000000000000e+04 2.960783500056535558e-297
9.184000000000000000e+04 2.960783500056535558e-297
9.190400000000000000e+04 2.960783500056535558e-297
9.196800000000000000e+04 2.960783500056535558e-297
9.203200000000000000e+04 2.960783500056535558e-297
9.209600000000000000e+04 2.960783500056535558e-297
9.216000000000000000e+04 2.960783500056535558e-297
9.222400000000000000e+04 2.020126408710472909e-297
9.228800000000000000e+04 2.020126408710472909e-297
9.235200000000000000e+04 1.029670031466347941e-297
9.241600000000000000e+04 1.029670031466347941e-297
9.248000000000000000e+04 4.149683200887407371e-299
9.254400000000000000e+04 4.149683200887407371e-299
9.260800000000000000e+04 3.707157779978994121e-299
9.267200000000000000e+04 3.707157779978994121e-299
9.273600000000000000e+04 3.707157779978994121e-299
9.280000000000000000e+04 3.707157779978994121e-299
9.286400000000000000e+04 3.707157779978994121e-299
9.292800000000000000e+04 3.707157779978994121e-299
9.299200000000000000e+04 1.304383023742946082e-300
9.305600000000000000e+04 1.304383023742946082e-300
9.312000000000000000e+04 1.304383023742946082e-300
9.318400000000000000e+04 1.304383023742946082e-300
9.324800000000000000e+04 1.304383023742946082e-300
9.331200000000000000e+04 1.100449371834323959e-300
9.337600000000000000e+04 1.965620033308489447e-301
9.344000000000000000e+04 1.965620033308489447e-301
9.350400000000000000e+04 5.847684246862375744e-302
9.356800000000000000e+04 1.329472240290146680e-302
9.363200000000000000e+04 1.329472240290146680e-302
9.369600000000000000e+04 1.329472240290146680e-302
9.376000000000000000e+04 1.329472240290146680e-302
9.382400000000000000e+04 1.329472240290146680e-302
9.388800000000000000e+04 1.329472240290146680e-302
9.395200000000000000e+04 1.329472240290146680e-302
9.401600000000000000e+04 1.148155356040911896e-303
9.408000000000000000e+04 1.148155356040911896e-303
9.414400000000000000e+04 1.148155356040911896e-303
9.420800000000000000e+04 1.148155356040911896e-303
9.427200000000000000e+04 7.463339206622762075e-304
9.433600000000000000e+04 2.937921475604909368e-305
9.440000000000000000e+04 6.295636403720964923e-307
9.446400000000000000e+04 6.295636403720964923e-307
9.452800000000000000e+04 6.295636403720964923e-307
9.459200000000000000e+04 6.295636403720964923e-307
9.465600000000000000e+04 6.295636403720964923e-307
9.472000000000000000e+04 6.295636403720964923e-307
9.478400000000000000e+04 6.295636403720964923e-307
9.484800000000000000e+04 6.295636403720964923e-307
9.491200000000000000e+04 6.295636403720964923e-307
9.497600000000000000e+04 6.295636403720964923e-307
9.504000000000000000e+04 5.345710413126740973e-307
9.510400000000000000e+04 5.345710413126740973e-307
9.516800000000000000e+04 1.522354807671035177e-307
9.523200000000000000e+04 1.427768338082800438e-307
9.529600000000000000e+04 5.440869557283544724e-308
9.536000000000000000e+04 3.197686503915526984e-309
9.542400000000000000e+04 3.197686503915526984e-309
9.548800000000000000e+04 3.197686503915526984e-309
9.555200000000000000e+04 3.197686503915526984e-309
9.561600000000000000e+04 3.197686503915526984e-309
9.568000000000000000e+04 3.197686503915526984e-309
9.574400000000000000e+04 3.197686503915526984e-309
9.580800000000000000e+04 3.197686503915526984e-309
9.587200000000000000e+04 1.628130032259869919e-309
9.593600000000000000e+04 1.628130032259869919e-309
9.600000000000000000e+04 1.628130032259869919e-309
9.606400000000000000e+04 8.000733067646879275e-310
9.612800000000000000e+04 8.000733067646879275e-310
9.619200000000000000e+04 7.172107146884008835e-310
9.625600000000000000e+04 6.560387539345539047e-310
9.632000000000000000e+04 1.781787262743947097e-310
9.638400000000000000e+04 1.781787262743947097e-310
9.644800000000000000e+04 8.458634358041814115e-311
9.651200000000000000e+04 1.407221255222124261e-311
9.657600000000000000e+04 1.407221255222124261e-311
9.664000000000000000e+04 1.407221255222124261e-311
9.670400000000000000e+04 8.870591509719869759e-312
9.676800000000000000e+04 8.870591509719869759e-312
9.683200000000000000e+04 3.450299135097505260e-312
9.689600000000000000e+04 4.934438267115508467e-313
9.696000000000000000e+04 4.934438267115508467e-313
9.702400000000000000e+04 4.934438267115508467e-313
9.708800000000000000e+04 4.934438267115508467e-313
9.715200000000000000e+04 4.934438267115508467e-313
9.721600000000000000e+04 4.934438267115508467e-313
9.728000000000000000e+04 1.002207022082956460e-313
9.734400000000000000e+04 3.332569441190291614e-314
9.740800000000000000e+04 3.332569441190291614e-314
9.747200000000000000e+04 3.332569441190291614e-314
9.753600000000000000e+04 3.332569441190291614e-314
9.760000000000000000e+04 3.332569441190291614e-314
9.766400000000000000e+04 1.409162656736579669e-315
9.772800000000000000e+04 1.409162656736579669e-315
9.779200000000000000e+04 1.409162656736579669e-315
9.785600000000000000e+04 1.409162656736579669e-315
9.792000000000000000e+04 1.116392610792334888e-316
9.798400000000000000e+04 1.116392610792334888e-316
9.804800000000000000e+04 2.870183461435887009e-317
9.811200000000000000e+04 2.870183461435887009e-317
9.817600000000000000e+04 2.870183461435887009e-317
9.824000000000000000e+04 2.693774358194394883e-318
9.830400000000000000e+04 2.693774358194394883e-318
9.836800000000000000e+04 2.111270961747565207e-318
9.843200000000000000e+04 2.111270961747565207e-318
9.849600000000000000e+04 1.165599671668668847e-319
9.856000000000000000e+04 1.165599671668668847e-319
9.862400000000000000e+04 1.165599671668668847e-319
9.868800000000000000e+04 1.165599671668668847e-319
9.875200000000000000e+04 1.165599671668668847e-319
9.881600000000000000e+04 3.244529096239466056e-320
9.888000000000000000e+04 3.244529096239466056e-320
9.894400000000000000e+04 4.728208230700729428e-321
9.900800000000000000e+04 4.728208230700729428e-321
9.907200000000000000e+04 4.728208230700729428e-321
9.913600000000000000e+04 4.728208230700729428e-321
9.920000000000000000e+04 4.728208230700729428e-321
9.926400000000000000e+04 4.728208230700729428e-321
9.932800000000000000e+04 1.492078250440564563e-321
9.939200000000000000e+04 1.492078250440564563e-321
9.945600000000000000e+04 1.492078250440564563e-321
9.952000000000000000e+04 3.952525166729972353e-323
9.958400000000000000e+04 3.952525166729972353e-323
9.964800000000000000e+04 3.952525166729972353e-323
9.971200000000000000e+04 3.952525166729972353e-323
9.977600000000000000e+04 3.952525166729972353e-323
9.984000000000000000e+04 3.952525166729972353e-323
9.990400000000000000e+04 3.952525166729972353e-323
9.996800000000000000e+04 2.964393875047479265e-323
1.000320000000000000e+05 0.000000000000000000e+00
