6.400000000000000000e+01 9.003235478793369939e-02
1.280000000000000000e+02 6.650570981186071373e-02
1.920000000000000000e+02 6.650570981186071373e-02
2.560000000000000000e+02 1.946324810542733597e-02
3.200000000000000000e+02 1.946324810542733597e-02
3.840000000000000000e+02 1.946324810542733597e-02
4.480000000000000000e+02 1.946324810542733597e-02
5.120000000000000000e+02 1.946324810542733597e-02
5.760000000000000000e+02 1.841649751478020847e-02
6.400000000000000000e+02 1.330463485162948489e-03
7.040000000000000000e+02 1.330463485162948489e-03
7.680000000000000000e+02 1.330463485162948489e-03
8.320000000000000000e+02 1.330463485162948489e-03
8.960000000000000000e+02 1.330463485162948489e-03
9.600000000000000000e+02 1.330463485162948489e-03
1.024000000000000000e+03 1.234847806384755265e-03
1.088000000000000000e+03 1.695861477416610807e-04
1.152000000000000000e+03 1.695861477416610807e-04
1.216000000000000000e+03 7.359419094011406209e-05
1.280000000000000000e+03 7.359419094011406209e-05
1.344000000000000000e+03 7.359419094011406209e-05
1.408000000000000000e+03 6.394788553235283856e-05
1.472000000000000000e+03 6.394788553235283856e-05
1.536000000000000000e+03 6.394788553235283856e-05
1.600000000000000000e+03 5.064972741862856949e-05
1.664000000000000000e+03 3.625145823194976524e-06
1.728000000000000000e+03 3.625145823194976524e-06
1.792000000000000000e+03 3.625145823194976524e-06
1.856000000000000000e+03 1.263375734009868686e-06
1.920000000000000000e+03 8.885672903648122050e-07
1.984000000000000000e+03 8.885672903648122050e-07
2.048000000000000000e+03 8.885672903648122050e-07
2.112000000000000000e+03 8.885672903648122050e-07
2.176000000000000000e+03 8.885672903648122050e-07
2.240000000000000000e+03 8.885672903648122050e-07
2.304000000000000000e+03 2.431464169491606353e-07
2.368000000000000000e+03 6.411313695715379832e-08
2.432000000000000000e+03 5.567345221279642470e-08
2.496000000000000000e+03 3.372263723600925700e-08
2.560000000000000000e+03 8.469054525350708890e-09
2.624000000000000000e+03 8.469054525350708890e-09
2.688000000000000000e+03 8.469054525350708890e-09
2.752000000000000000e+03 8.469054525350708890e-09
2.816000000000000000e+03 8.469054525350708890e-09
2.880000000000000000e+03 2.492032271261128771e-09
2.944000000000000000e+03 1.683138517643652842e-09
3.008000000000000000e+03 9.597387004841804893e-10
3.072000000000000000e+03 9.024959113920120171e-10
3.136000000000000000e+03 3.672224539736022183e-11
3.200000000000000000e+03 3.672224539736022183e-11
3.264000000000000000e+03 3.672224539736022183e-11
3.328000000000000000e+03 3.672224539736022183e-11
3.392000000000000000e+03 3.672224539736022183e-11
3.456000000000000000e+03 3.672224539736022183e-11
3.520000000000000000e+03 1.289323775294581272e-12
3.584000000000000000e+03 1.289323775294581272e-12
3.648000000000000000e+03 1.128767418179427303e-12
3.712000000000000000e+03 1.128767418179427303e-12
3.776000000000000000e+03 1.128767418179427303e-12
3.840000000000000000e+03 1.128767418179427303e-12
3.904000000000000000e+03 1.128767418179427303e-12
3.968000000000000000e+03 6.589949777885018243e-13
4.032000000000000000e+03 4.480996768661209192e-13
4.096000000000000000e+03 4.480996768661209192e-13
4.160000000000000000e+03 1.524950506500378210e-13
4.224000000000000000e+03 1.524950506500378210e-13
4.288000000000000000e+03 6.657573299062672656e-14
4.352000000000000000e+03 6.657573299062672656e-14
4.416000000000000000e+03 6.657573299062672656e-14
4.480000000000000000e+03 1.571392010108114130e-14
4.544000000000000000e+03 1.571392010108114130e-14
4.608000000000000000e+03 1.571392010108114130e-14
4.672000000000000000e+03 1.571392010108114130e-14
4.736000000000000000e+03 8.999418138026089906e-16
4.800000000000000000e+03 8.999418138026089906e-16
4.864000000000000000e+03 8.999418138026089906e-16
4.928000000000000000e+03 2.754782525217547728e-16
4.992000000000000000e+03 2.754782525217547728e-16
5.056000000000000000e+03 2.754782525217547728e-16
5.120000000000000000e+03 2.754782525217547728e-16
5.184000000000000000e+03 1.691803460360378056e-16
5.248000000000000000e+03 1.691803460360378056e-16
5.312000000000000000e+03 1.197586606800189974e-16
5.376000000000000000e+03 1.197586606800189974e-16
5.440000000000000000e+03 6.797569507483535954e-17
5.504000000000000000e+03 2.168886219038859840e-18
5.568000000000000000e+03 2.168886219038859840e-18
5.632000000000000000e+03 2.168886219038859840e-18
5.696000000000000000e+03 2.168886219038859840e-18
5.760000000000000000e+03 5.925902347870548834e-19
5.824000000000000000e+03 5.925902347870548834e-19
5.888000000000000000e+03 5.925902347870548834e-19
5.952000000000000000e+03 1.735119617916303870e-19
6.016000000000000000e+03 1.107756531763055227e-20
6.080000000000000000e+03 1.107756531763055227e-20
6.144000000000000000e+03 1.107756531763055227e-20
6.208000000000000000e+03 1.107756531763055227e-20
6.272000000000000000e+03 1.107756531763055227e-20
6.336000000000000000e+03 1.107756531763055227e-20
6.400000000000000000e+03 1.107756531763055227e-20
6.464000000000000000e+03 1.096979846274081751e-20
6.528000000000000000e+03 4.384712748142564035e-21
6.592000000000000000e+03 4.173450102090607691e-21
6.656000000000000000e+03 4.173450102090607691e-21
6.720000000000000000e+03 9.354249633036573973e-22
6.784000000000000000e+03 9.354249633036573973e-22
6.848000000000000000e+03 2.826447075775491031e-23
6.912000000000000000e+03 2.826447075775491031e-23
6.976000000000000000e+03 2.826447075775491031e-23
7.040000000000000000e+03 2.826447075775491031e-23
7.104000000000000000e+03 2.826447075775491031e-23
7.168000000000000000e+03 2.513513360871077191e-23
7.232000000000000000e+03 1.618478119429722219e-23
7.296000000000000000e+03 1.438153428727555606e-23
7.360000000000000000e+03 4.562230997797955228e-24
7.424000000000000000e+03 3.688215810453226508e-24
7.488000000000000000e+03 2.364100009308353331e-24
7.552000000000000000e+03 2.297314601233965709e-24
7.616000000000000000e+03 1.323016820080467518e-24
7.680000000000000000e+03 1.323016820080467518e-24
7.744000000000000000e+03 6.409695117102940151e-25
7.808000000000000000e+03 3.928872748446315108e-26
7.872000000000000000e+03 3.928872748446315108e-26
7.936000000000000000e+03 3.928872748446315108e-26
8.000000000000000000e+03 3.928872748446315108e-26
8.064000000000000000e+03 3.928872748446315108e-26
8.128000000000000000e+03 3.928872748446315108e-26
8.192000000000000000e+03 7.499053193786056944e-27
8.256000000000000000e+03 5.564113511493267930e-28
8.320000000000000000e+03 5.564113511493267930e-28
8.384000000000000000e+03 5.564113511493267930e-28
8.448000000000000000e+03 7.599257789381640195e-29
8.512000000000000000e+03 7.599257789381640195e-29
8.576000000000000000e+03 7.599257789381640195e-29
8.640000000000000000e+03 7.599257789381640195e-29
8.704000000000000000e+03 7.599257789381640195e-29
8.768000000000000000e+03 7.599257789381640195e-29
8.832000000000000000e+03 7.599257789381640195e-29
8.896000000000000000e+03 7.599257789381640195e-29
8.960000000000000000e+03 2.597195495827205988e-29
9.024000000000000000e+03 7.415095956157113716e-30
9.088000000000000000e+03 7.415095956157113716e-30
9.152000000000000000e+03 3.505301170644903732e-30
9.216000000000000000e+03 1.486073468209838066e-30
9.280000000000000000e+03 1.140825271315890401e-30
9.344000000000000000e+03 1.140825271315890401e-30
9.408000000000000000e+03 1.140825271315890401e-30
9.472000000000000000e+03 4.885141225658195902e-31
9.536000000000000000e+03 3.283206052369273683e-31
9.600000000000000000e+03 3.203229041192517694e-31
9.664000000000000000e+03 3.203229041192517694e-31
9.728000000000000000e+03 3.203229041192517694e-31
9.792000000000000000e+03 1.013079760241954044e-31
9.856000000000000000e+03 1.047869397228938553e-32
9.920000000000000000e+03 1.047869397228938553e-32
9.984000000000000000e+03 9.668387570324982700e-34
1.004800000000000000e+04 9.668387570324982700e-34
1.011200000000000000e+04 9.668387570324982700e-34
1.017600000000000000e+04 9.668387570324982700e-34
1.024000000000000000e+04 9.668387570324982700e-34
1.030400000000000000e+04 9.668387570324982700e-34
1.036800000000000000e+04 9.668387570324982700e-34
1.043200000000000000e+04 9.668387570324982700e-34
1.049600000000000000e+04 9.668387570324982700e-34
1.056000000000000000e+04 9.668387570324982700e-34
1.062400000000000000e+04 9.668387570324982700e-34
1.068800000000000000e+04 2.436629249190035561e-34
1.075200000000000000e+04 2.436629249190035561e-34
1.081600000000000000e+04 2.436629249190035561e-34
1.088000000000000000e+04 2.499790241034608093e-35
1.094400000000000000e+04 2.499790241034608093e-35
1.100800000000000000e+04 2.499790241034608093e-35
1.107200000000000000e+04 8.583382700502446560e-37
1.113600000000000000e+04 8.583382700502446560e-37
1.120000000000000000e+04 8.583382700502446560e-37
1.126400000000000000e+04 8.583382700502446560e-37
1.132800000000000000e+04 8.583382700502446560e-37
1.139200000000000000e+04 8.583382700502446560e-37
1.145600000000000000e+04 8.583382700502446560e-37
1.152000000000000000e+04 3.357249947430805231e-38
1.158400000000000000e+04 3.357249947430805231e-38
1.164800000000000000e+04 3.357249947430805231e-38
1.171200000000000000e+04 3.357249947430805231e-38
1.177600000000000000e+04 3.357249947430805231e-38
1.184000000000000000e+04 3.357249947430805231e-38
1.190400000000000000e+04 3.357249947430805231e-38
1.196800000000000000e+04 3.357249947430805231e-38
1.203200000000000000e+04 3.357249947430805231e-38
1.209600000000000000e+04 1.841515196382411990e-39
1.216000000000000000e+04 1.841515196382411990e-39
1.222400000000000000e+04 9.030521332873720593e-40
1.228800000000000000e+04 9.030521332873720593e-40
1.235200000000000000e+04 9.030521332873720593e-40
1.241600000000000000e+04 9.030521332873720593e-40
1.248000000000000000e+04 9.030521332873720593e-40
1.254400000000000000e+04 9.030521332873720593e-40
1.260800000000000000e+04 8.731880339354799755e-40
1.267200000000000000e+04 2.082093524200150961e-40
1.273600000000000000e+04 2.082093524200150961e-40
1.280000000000000000e+04 4.529829636192916478e-41
1.286400000000000000e+04 4.529829636192916478e-41
1.292800000000000000e+04 1.237985110630534997e-41
1.299200000000000000e+04 5.667240696238443559e-43
1.305600000000000000e+04 5.667240696238443559e-43
1.312000000000000000e+04 5.667240696238443559e-43
1.318400000000000000e+04 5.667240696238443559e-43
1.324800000000000000e+04 5.667240696238443559e-43
1.331200000000000000e+04 5.667240696238443559e-43
1.337600000000000000e+04 5.667240696238443559e-43
1.344000000000000000e+04 5.667240696238443559e-43
1.350400000000000000e+04 1.122619375355224497e-43
1.356800000000000000e+04 1.122619375355224497e-43
1.363200000000000000e+04 1.122619375355224497e-43
1.369600000000000000e+04 1.122619375355224497e-43
1.376000000000000000e+04 1.122619375355224497e-43
1.382400000000000000e+04 7.373551720975328535e-44
1.388800000000000000e+04 7.373551720975328535e-44
1.395200000000000000e+04 3.975894487272457650e-44
1.401600000000000000e+04 1.299277653223504193e-44
1.408000000000000000e+04 1.299277653223504193e-44
1.414400000000000000e+04 8.454880650025697027e-45
1.420800000000000000e+04 3.162757299088709991e-45
1.427200000000000000e+04 8.153921092957264462e-48
1.433600000000000000e+04 8.153921092957264462e-48
1.440000000000000000e+04 8.153921092957264462e-48
1.446400000000000000e+04 8.153921092957264462e-48
1.452800000000000000e+04 8.153921092957264462e-48
1.459200000000000000e+04 8.153921092957264462e-48
1.465600000000000000e+04 2.246942424958075347e-48
1.472000000000000000e+04 2.246942424958075347e-48
1.478400000000000000e+04 2.246942424958075347e-48
1.484800000000000000e+04 2.246942424958075347e-48
1.491200000000000000e+04 2.246942424958075347e-48
1.497600000000000000e+04 2.246942424958075347e-48
1.504000000000000000e+04 5.957323275545035011e-49
1.510400000000000000e+04 5.957323275545035011e-49
1.516800000000000000e+04 5.957323275545035011e-49
1.523200000000000000e+04 5.957323275545035011e-49
1.529600000000000000e+04 5.957323275545035011e-49
1.536000000000000000e+04 4.283684982094958125e-49
1.542400000000000000e+04 4.283684982094958125e-49
1.548800000000000000e+04 1.362358599766372638e-50
1.555200000000000000e+04 1.362358599766372638e-50
1.561600000000000000e+04 4.364435526605442833e-51
1.568000000000000000e+04 4.364435526605442833e-51
1.574400000000000000e+04 4.364435526605442833e-51
1.580800000000000000e+04 4.364435526605442833e-51
1.587200000000000000e+04 4.364435526605442833e-51
1.593600000000000000e+04 1.426126443253975025e-51
1.600000000000000000e+04 1.426126443253975025e-51
1.606400000000000000e+04 1.426126443253975025e-51
1.612800000000000000e+04 5.242781403560801357e-52
1.619200000000000000e+04 3.415450715990839508e-53
1.625600000000000000e+04 3.415450715990839508e-53
1.632000000000000000e+04 3.415450715990839508e-53
1.638400000000000000e+04 3.415450715990839508e-53
1.644800000000000000e+04 3.415450715990839508e-53
1.651200000000000000e+04 3.415450715990839508e-53
1.657600000000000000e+04 3.415450715990839508e-53
1.664000000000000000e+04 3.415450715990839508e-53
1.670400000000000000e+04 3.415450715990839508e-53
1.676800000000000000e+04 3.200318504029576413e-53
1.683200000000000000e+04 3.200318504029576413e-53
1.689600000000000000e+04 4.244856089336433358e-54
1.696000000000000000e+04 4.244856089336433358e-54
1.702400000000000000e+04 4.244856089336433358e-54
1.708800000000000000e+04 4.244856089336433358e-54
1.715200000000000000e+04 4.244856089336433358e-54
1.721600000000000000e+04 4.819404972828063341e-56
1.728000000000000000e+04 4.819404972828063341e-56
1.734400000000000000e+04 4.819404972828063341e-56
1.740800000000000000e+04 4.819404972828063341e-56
1.747200000000000000e+04 4.819404972828063341e-56
1.753600000000000000e+04 2.715296204848962968e-56
1.760000000000000000e+04 2.715296204848962968e-56
1.766400000000000000e+04 2.715296204848962968e-56
1.772800000000000000e+04 2.435989134574318443e-56
1.779200000000000000e+04 2.678077857227893558e-58
1.785600000000000000e+04 2.678077857227893558e-58
1.792000000000000000e+04 2.678077857227893558e-58
1.798400000000000000e+04 2.678077857227893558e-58
1.804800000000000000e+04 2.678077857227893558e-58
1.811200000000000000e+04 2.678077857227893558e-58
1.817600000000000000e+04 2.678077857227893558e-58
1.824000000000000000e+04 2.678077857227893558e-58
1.830400000000000000e+04 2.678077857227893558e-58
1.836800000000000000e+04 1.917309574970677129e-58
1.843200000000000000e+04 1.917309574970677129e-58
1.849600000000000000e+04 1.917309574970677129e-58
1.856000000000000000e+04 1.917309574970677129e-58
1.862400000000000000e+04 7.201248195197009247e-59
1.868800000000000000e+04 2.866705307658314293e-59
1.875200000000000000e+04 2.409337155434012829e-59
1.881600000000000000e+04 4.989310563862984104e-61
1.888000000000000000e+04 4.989310563862984104e-61
1.894400000000000000e+04 4.989310563862984104e-61
1.900800000000000000e+04 4.989310563862984104e-61
1.907200000000000000e+04 4.989310563862984104e-61
1.913600000000000000e+04 4.989310563862984104e-61
1.920000000000000000e+04 4.989310563862984104e-61
1.926400000000000000e+04 4.747086234316301483e-61
1.932800000000000000e+04 4.747086234316301483e-61
1.939200000000000000e+04 4.125205523258364912e-61
1.945600000000000000e+04 4.125205523258364912e-61
1.952000000000000000e+04 9.998951827209226652e-62
1.958400000000000000e+04 9.998951827209226652e-62
1.964800000000000000e+04 5.425457094193988192e-62
1.971200000000000000e+04 5.425457094193988192e-62
1.977600000000000000e+04 5.425457094193988192e-62
1.984000000000000000e+04 1.021042293925978850e-62
1.990400000000000000e+04 1.021042293925978850e-62
1.996800000000000000e+04 1.021042293925978850e-62
2.003200000000000000e+04 6.762676965731268408e-63
2.009600000000000000e+04 6.762676965731268408e-63
2.016000000000000000e+04 8.018558671029814543e-64
2.022400000000000000e+04 8.018558671029814543e-64
2.028800000000000000e+04 8.018558671029814543e-64
2.035200000000000000e+04 7.644069955618553963e-64
2.041600000000000000e+04 7.644069955618553963e-64
2.048000000000000000e+04 4.909272697776776920e-65
2.054400000000000000e+04 4.909272697776776920e-65
2.060800000000000000e+04 4.909272697776776920e-65
2.067200000000000000e+04 4.909272697776776920e-65
2.073600000000000000e+04 2.106335911738761215e-65
2.080000000000000000e+04 1.444996014114617489e-65
2.086400000000000000e+04 1.444996014114617489e-65
2.092800000000000000e+04 1.444996014114617489e-65
2.099200000000000000e+04 9.513790244202863346e-66
2.105600000000000000e+04 7.833822695088125270e-67
2.112000000000000000e+04 7.833822695088125270e-67
2.118400000000000000e+04 7.833822695088125270e-67
2.124800000000000000e+04 7.833822695088125270e-67
2.131200000000000000e+04 7.833822695088125270e-67
2.137600000000000000e+04 2.039439750419300151e-67
2.144000000000000000e+04 2.032212684764354768e-67
2.150400000000000000e+04 3.568998649366694677e-68
2.156800000000000000e+04 3.568998649366694677e-68
2.163200000000000000e+04 2.473289643901116334e-68
2.169600000000000000e+04 2.473289643901116334e-68
2.176000000000000000e+04 2.473289643901116334e-68
2.182400000000000000e+04 2.473289643901116334e-68
2.188800000000000000e+04 2.473289643901116334e-68
2.195200000000000000e+04 4.380443859935242365e-69
2.201600000000000000e+04 1.744653904996605770e-69
2.208000000000000000e+04 1.744653904996605770e-69
2.214400000000000000e+04 1.744653904996605770e-69
2.220800000000000000e+04 2.746564341181939348e-70
2.227200000000000000e+04 2.662523001294798057e-70
2.233600000000000000e+04 2.662523001294798057e-70
2.240000000000000000e+04 8.349951764690226749e-71
2.246400000000000000e+04 8.349951764690226749e-71
2.252800000000000000e+04 8.349951764690226749e-71
2.259200000000000000e+04 8.349951764690226749e-71
2.265600000000000000e+04 6.497378748377642624e-71
2.272000000000000000e+04 1.540100644840966325e-72
2.278400000000000000e+04 1.540100644840966325e-72
2.284800000000000000e+04 1.540100644840966325e-72
2.291200000000000000e+04 1.540100644840966325e-72
2.297600000000000000e+04 1.540100644840966325e-72
2.304000000000000000e+04 1.540100644840966325e-72
2.310400000000000000e+04 1.540100644840966325e-72
2.316800000000000000e+04 1.540100644840966325e-72
2.323200000000000000e+04 1.540100644840966325e-72
2.329600000000000000e+04 1.540100644840966325e-72
2.336000000000000000e+04 2.866073640287866887e-73
2.342400000000000000e+04 4.345293649015034447e-74
2.348800000000000000e+04 4.345293649015034447e-74
2.355200000000000000e+04 4.345293649015034447e-74
2.361600000000000000e+04 3.778059475491107219e-74
2.368000000000000000e+04 3.778059475491107219e-74
2.374400000000000000e+04 2.460125494909929392e-74
2.380800000000000000e+04 2.460125494909929392e-74
2.387200000000000000e+04 2.460125494909929392e-74
2.393600000000000000e+04 4.799405913211205603e-75
2.400000000000000000e+04 4.799405913211205603e-75
2.406400000000000000e+04 4.799405913211205603e-75
2.412800000000000000e+04 6.695879804611735718e-76
2.419200000000000000e+04 6.695879804611735718e-76
2.425600000000000000e+04 6.695879804611735718e-76
2.432000000000000000e+04 4.158312198034086133e-76
2.438400000000000000e+04 4.158312198034086133e-76
2.444800000000000000e+04 1.409256298471098683e-77
2.451200000000000000e+04 1.409256298471098683e-77
2.457600000000000000e+04 1.409256298471098683e-77
2.464000000000000000e+04 3.876406302594756752e-78
2.470400000000000000e+04 3.876406302594756752e-78
2.476800000000000000e+04 3.876406302594756752e-78
2.483200000000000000e+04 3.876406302594756752e-78
2.489600000000000000e+04 3.302304479947397185e-78
2.496000000000000000e+04 1.507075881968170767e-78
2.502400000000000000e+04 1.305815348189677546e-78
2.508800000000000000e+04 1.212759848862877172e-78
2.515200000000000000e+04 8.356991548773430446e-79
2.521600000000000000e+04 5.609214112511058275e-80
2.528000000000000000e+04 5.609214112511058275e-80
2.534400000000000000e+04 8.175734974894617387e-81
2.540800000000000000e+04 8.175734974894617387e-81
2.547200000000000000e+04 8.175734974894617387e-81
2.553600000000000000e+04 8.175734974894617387e-81
2.560000000000000000e+04 8.175734974894617387e-81
2.566400000000000000e+04 6.067820501418727442e-81
2.572800000000000000e+04 2.185111207015214893e-81
2.579200000000000000e+04 2.185111207015214893e-81
2.585600000000000000e+04 2.185111207015214893e-81
2.592000000000000000e+04 1.504325964488549460e-81
2.598400000000000000e+04 1.504325964488549460e-81
2.604800000000000000e+04 1.504325964488549460e-81
2.611200000000000000e+04 3.926004985873989598e-82
2.617600000000000000e+04 9.351769906270360183e-83
2.624000000000000000e+04 9.351769906270360183e-83
2.630400000000000000e+04 9.351769906270360183e-83
2.636800000000000000e+04 6.882664892315735138e-83
2.643200000000000000e+04 6.882664892315735138e-83
2.649600000000000000e+04 2.675221254213642248e-83
2.656000000000000000e+04 4.096659687492624469e-85
2.662400000000000000e+04 4.096659687492624469e-85
2.668800000000000000e+04 4.096659687492624469e-85
2.675200000000000000e+04 4.096659687492624469e-85
2.681600000000000000e+04 4.096659687492624469e-85
2.688000000000000000e+04 4.096659687492624469e-85
2.694400000000000000e+04 4.096659687492624469e-85
2.700800000000000000e+04 4.096659687492624469e-85
2.707200000000000000e+04 3.467442364751520380e-85
2.713600000000000000e+04 3.467442364751520380e-85
2.720000000000000000e+04 3.467442364751520380e-85
2.726400000000000000e+04 2.519514386194913230e-85
2.732800000000000000e+04 2.519514386194913230e-85
2.739200000000000000e+04 6.250291448574396458e-87
2.745600000000000000e+04 6.250291448574396458e-87
2.752000000000000000e+04 6.250291448574396458e-87
2.758400000000000000e+04 6.250291448574396458e-87
2.764800000000000000e+04 6.250291448574396458e-87
2.771200000000000000e+04 3.053468949294222906e-87
2.777600000000000000e+04 2.496288075220158601e-88
2.784000000000000000e+04 2.496288075220158601e-88
2.790400000000000000e+04 1.951043523970237318e-88
2.796800000000000000e+04 1.951043523970237318e-88
2.803200000000000000e+04 1.951043523970237318e-88
2.809600000000000000e+04 1.098164772662260336e-89
2.816000000000000000e+04 1.098164772662260336e-89
2.822400000000000000e+04 1.098164772662260336e-89
2.828800000000000000e+04 1.098164772662260336e-89
2.835200000000000000e+04 1.098164772662260336e-89
2.841600000000000000e+04 1.098164772662260336e-89
2.848000000000000000e+04 2.681692109150134821e-90
2.854400000000000000e+04 2.681692109150134821e-90
2.860800000000000000e+04 1.619258612988778359e-90
2.867200000000000000e+04 1.619258612988778359e-90
2.873600000000000000e+04 1.341764795564535102e-90
2.880000000000000000e+04 1.295188162495107981e-90
2.886400000000000000e+04 1.295188162495107981e-90
2.892800000000000000e+04 6.463705758890381570e-91
2.899200000000000000e+04 6.463705758890381570e-91
2.905600000000000000e+04 3.907855487556140234e-91
2.912000000000000000e+04 1.362106235881945058e-91
2.918400000000000000e+04 1.362106235881945058e-91
2.924800000000000000e+04 1.050223955926821022e-91
2.931200000000000000e+04 6.154166503428574696e-92
2.937600000000000000e+04 2.108116877261740154e-92
2.944000000000000000e+04 8.619927628720384674e-93
2.950400000000000000e+04 8.619927628720384674e-93
2.956800000000000000e+04 5.561062473476482649e-93
2.963200000000000000e+04 5.561062473476482649e-93
2.969600000000000000e+04 1.717722943532966740e-94
2.976000000000000000e+04 1.717722943532966740e-94
2.982400000000000000e+04 1.717722943532966740e-94
2.988800000000000000e+04 1.717722943532966740e-94
2.995200000000000000e+04 1.717722943532966740e-94
3.001600000000000000e+04 1.717722943532966740e-94
3.008000000000000000e+04 2.705520343788166006e-95
3.014400000000000000e+04 2.705520343788166006e-95
3.020800000000000000e+04 2.705520343788166006e-95
3.027200000000000000e+04 2.705520343788166006e-95
3.033600000000000000e+04 2.705520343788166006e-95
3.040000000000000000e+04 2.113651396070178018e-95
3.046400000000000000e+04 1.914948150420995309e-95
3.052800000000000000e+04 1.914948150420995309e-95
3.059200000000000000e+04 6.219139598506707434e-96
3.065600000000000000e+04 5.145603995004549802e-96
3.072000000000000000e+04 4.456792119903859718e-96
3.078400000000000000e+04 4.456792119903859718e-96
3.084800000000000000e+04 1.818431716499802385e-96
3.091200000000000000e+04 9.490687998079630694e-97
3.097600000000000000e+04 1.912547181914272570e-97
3.104000000000000000e+04 1.912547181914272570e-97
3.110400000000000000e+04 1.912547181914272570e-97
3.116800000000000000e+04 1.314468392647669310e-97
3.123200000000000000e+04 1.314468392647669310e-97
3.129600000000000000e+04 4.529559200554788945e-98
3.136000000000000000e+04 4.281539491379478897e-98
3.142400000000000000e+04 2.173853008354945424e-98
3.148800000000000000e+04 5.461767679795735196e-99
3.155200000000000000e+04 5.461767679795735196e-99
3.161600000000000000e+04 5.461767679795735196e-99
3.168000000000000000e+04 5.461767679795735196e-99
3.174400000000000000e+04 5.461767679795735196e-99
3.180800000000000000e+04 4.925714253092126186e-100
3.187200000000000000e+04 9.389701648714656425e-101
3.193600000000000000e+04 9.389701648714656425e-101
3.200000000000000000e+04 9.389701648714656425e-101
3.206400000000000000e+04 9.389701648714656425e-101
3.212800000000000000e+04 9.389701648714656425e-101
3.219200000000000000e+04 9.389701648714656425e-101
3.225600000000000000e+04 4.795959298077427107e-103
3.232000000000000000e+04 4.795959298077427107e-103
3.238400000000000000e+04 4.795959298077427107e-103
3.244800000000000000e+04 4.795959298077427107e-103
3.251200000000000000e+04 4.795959298077427107e-103
3.257600000000000000e+04 4.795959298077427107e-103
3.264000000000000000e+04 4.795959298077427107e-103
3.270400000000000000e+04 4.795959298077427107e-103
3.276800000000000000e+04 4.795959298077427107e-103
3.283200000000000000e+04 4.795959298077427107e-103
3.289600000000000000e+04 2.008467957172116308e-103
3.296000000000000000e+04 1.440847719744276629e-103
3.302400000000000000e+04 1.440847719744276629e-103
3.308800000000000000e+04 6.595425443011437980e-104
3.315200000000000000e+04 4.157949699127438377e-105
3.321600000000000000e+04 4.157949699127438377e-105
3.328000000000000000e+04 4.157949699127438377e-105
3.334400000000000000e+04 4.157949699127438377e-105
3.340800000000000000e+04 8.866259776006319504e-106
3.347200000000000000e+04 8.866259776006319504e-106
3.353600000000000000e+04 8.866259776006319504e-106
3.360000000000000000e+04 8.866259776006319504e-106
3.366400000000000000e+04 8.866259776006319504e-106
3.372800000000000000e+04 8.866259776006319504e-106
3.379200000000000000e+04 8.866259776006319504e-106
3.385600000000000000e+04 4.509123135743823614e-106
3.392000000000000000e+04 2.089506872469211142e-106
3.398400000000000000e+04 2.089506872469211142e-106
3.404800000000000000e+04 2.089506872469211142e-106
3.411200000000000000e+04 1.309105062523367550e-107
3.417600000000000000e+04 1.309105062523367550e-107
3.424000000000000000e+04 1.309105062523367550e-107
3.430400000000000000e+04 4.456295452566093106e-108
3.436800000000000000e+04 4.456295452566093106e-108
3.443200000000000000e+04 4.456295452566093106e-108
3.449600000000000000e+04 4.456295452566093106e-108
3.456000000000000000e+04 4.456295452566093106e-108
3.462400000000000000e+04 4.456295452566093106e-108
3.468800000000000000e+04 1.629871865685437807e-109
3.475200000000000000e+04 1.629871865685437807e-109
3.481600000000000000e+04 1.629871865685437807e-109
3.488000000000000000e+04 1.169583795358801338e-109
3.494400000000000000e+04 1.169583795358801338e-109
3.500800000000000000e+04 1.169583795358801338e-109
3.507200000000000000e+04 1.062888340184236834e-109
3.513600000000000000e+04 6.648588147880162073e-111
3.520000000000000000e+04 5.674142967241119547e-111
3.526400000000000000e+04 5.381681040100026213e-111
3.532800000000000000e+04 5.381681040100026213e-111
3.539200000000000000e+04 5.381681040100026213e-111
3.545600000000000000e+04 5.338912173700243989e-111
3.552000000000000000e+04 3.291543592301121052e-111
3.558400000000000000e+04 3.615352100389195361e-112
3.564800000000000000e+04 1.501946659542195337e-113
3.571200000000000000e+04 1.501946659542195337e-113
3.577600000000000000e+04 1.501946659542195337e-113
3.584000000000000000e+04 1.501946659542195337e-113
3.590400000000000000e+04 1.501946659542195337e-113
3.596800000000000000e+04 1.501946659542195337e-113
3.603200000000000000e+04 1.501946659542195337e-113
3.609600000000000000e+04 1.501946659542195337e-113
3.616000000000000000e+04 1.501946659542195337e-113
3.622400000000000000e+04 1.331919955062586217e-113
3.628800000000000000e+04 1.331919955062586217e-113
3.635200000000000000e+04 4.173100862030305513e-114
3.641600000000000000e+04 1.049731937861249903e-114
3.648000000000000000e+04 1.049731937861249903e-114
3.654400000000000000e+04 4.050750264751747482e-115
3.660800000000000000e+04 1.076366528141655080e-115
3.667200000000000000e+04 1.076366528141655080e-115
3.673600000000000000e+04 1.076366528141655080e-115
3.680000000000000000e+04 9.881042427359727859e-116
3.686400000000000000e+04 9.881042427359727859e-116
3.692800000000000000e+04 9.881042427359727859e-116
3.699200000000000000e+04 9.881042427359727859e-116
3.705600000000000000e+04 2.692067715942733420e-116
3.712000000000000000e+04 2.692067715942733420e-116
3.718400000000000000e+04 1.389836640854353879e-116
3.724800000000000000e+04 1.389836640854353879e-116
3.731200000000000000e+04 1.695850539133715896e-117
3.737600000000000000e+04 1.649408565532150341e-117
3.744000000000000000e+04 1.649408565532150341e-117
3.750400000000000000e+04 1.993344723225615267e-119
3.756800000000000000e+04 1.993344723225615267e-119
3.763200000000000000e+04 1.993344723225615267e-119
3.769600000000000000e+04 1.993344723225615267e-119
3.776000000000000000e+04 1.993344723225615267e-119
3.782400000000000000e+04 1.993344723225615267e-119
3.788800000000000000e+04 1.993344723225615267e-119
3.795200000000000000e+04 1.993344723225615267e-119
3.801600000000000000e+04 5.391935309753097675e-120
3.808000000000000000e+04 5.391935309753097675e-120
3.814400000000000000e+04 5.391935309753097675e-120
3.820800000000000000e+04 5.391935309753097675e-120
3.827200000000000000e+04 8.618533624599414332e-121
3.833600000000000000e+04 8.618533624599414332e-121
3.840000000000000000e+04 8.618533624599414332e-121
3.846400000000000000e+04 8.618533624599414332e-121
3.852800000000000000e+04 1.136167308561855466e-121
3.859200000000000000e+04 1.136167308561855466e-121
3.865600000000000000e+04 4.552182375255594118e-123
3.872000000000000000e+04 4.552182375255594118e-123
3.878400000000000000e+04 4.552182375255594118e-123
3.884800000000000000e+04 4.552182375255594118e-123
3.891200000000000000e+04 4.552182375255594118e-123
3.897600000000000000e+04 4.552182375255594118e-123
3.904000000000000000e+04 4.552182375255594118e-123
3.910400000000000000e+04 4.552182375255594118e-123
3.916800000000000000e+04 4.552182375255594118e-123
3.923200000000000000e+04 2.421336557321788593e-123
3.929600000000000000e+04 2.421336557321788593e-123
3.936000000000000000e+04 1.667078849564233690e-123
3.942400000000000000e+04 1.315776772922386724e-123
3.948800000000000000e+04 1.072009700395310203e-124
3.955200000000000000e+04 1.072009700395310203e-124
3.961600000000000000e+04 2.086598581420562064e-126
3.968000000000000000e+04 2.086598581420562064e-126
3.974400000000000000e+04 2.086598581420562064e-126
3.980800000000000000e+04 2.086598581420562064e-126
3.987200000000000000e+04 2.086598581420562064e-126
3.993600000000000000e+04 2.086598581420562064e-126
4.000000000000000000e+04 2.086598581420562064e-126
4.006400000000000000e+04 2.086598581420562064e-126
4.012800000000000000e+04 2.086598581420562064e-126
4.019200000000000000e+04 2.086598581420562064e-126
4.025600000000000000e+04 1.368555361225393640e-127
4.032000000000000000e+04 1.368555361225393640e-127
4.038400000000000000e+04 1.368555361225393640e-127
4.044800000000000000e+04 8.115392106819849260e-128
4.051200000000000000e+04 8.115392106819849260e-128
4.057600000000000000e+04 5.882778540392937055e-128
4.064000000000000000e+04 1.596718831902943513e-128
4.070400000000000000e+04 1.163221480291755801e-128
4.076800000000000000e+04 1.163221480291755801e-128
4.083200000000000000e+04 6.888869484550589688e-129
4.089600000000000000e+04 6.888869484550589688e-129
4.096000000000000000e+04 6.888869484550589688e-129
4.102400000000000000e+04 3.263924120857535221e-129
4.108800000000000000e+04 3.263924120857535221e-129
4.115200000000000000e+04 3.263924120857535221e-129
4.121600000000000000e+04 2.133772857074137779e-130
4.128000000000000000e+04 2.133772857074137779e-130
4.134400000000000000e+04 2.133772857074137779e-130
4.140800000000000000e+04 2.133772857074137779e-130
4.147200000000000000e+04 2.133772857074137779e-130
4.153600000000000000e+04 9.826216770425405287e-131
4.160000000000000000e+04 5.411204956190920011e-132
4.166400000000000000e+04 5.411204956190920011e-132
4.172800000000000000e+04 5.411204956190920011e-132
4.179200000000000000e+04 5.411204956190920011e-132
4.185600000000000000e+04 5.411204956190920011e-132
4.192000000000000000e+04 5.411204956190920011e-132
4.198400000000000000e+04 1.239808681928704615e-132
4.204800000000000000e+04 1.239808681928704615e-132
4.211200000000000000e+04 7.647470143717429016e-133
4.217600000000000000e+04 7.647470143717429016e-133
4.224000000000000000e+04 7.647470143717429016e-133
4.230400000000000000e+04 3.793612312648492538e-134
4.236800000000000000e+04 3.793612312648492538e-134
4.243200000000000000e+04 3.793612312648492538e-134
4.249600000000000000e+04 3.793612312648492538e-134
4.256000000000000000e+04 3.793612312648492538e-134
4.262400000000000000e+04 3.793612312648492538e-134
4.268800000000000000e+04 2.604738751909464541e-134
4.275200000000000000e+04 6.441487151981811029e-135
4.281600000000000000e+04 6.441487151981811029e-135
4.288000000000000000e+04 6.441487151981811029e-135
4.294400000000000000e+04 2.874897468031238231e-135
4.300800000000000000e+04 2.874897468031238231e-135
4.307200000000000000e+04 2.706724468572578412e-135
4.313600000000000000e+04 7.349112389972195520e-137
4.320000000000000000e+04 7.349112389972195520e-137
4.326400000000000000e+04 7.349112389972195520e-137
4.332800000000000000e+04 7.349112389972195520e-137
4.339200000000000000e+04 7.349112389972195520e-137
4.345600000000000000e+04 7.349112389972195520e-137
4.352000000000000000e+04 6.250148789072822486e-139
4.358400000000000000e+04 6.250148789072822486e-139
4.364800000000000000e+04 6.250148789072822486e-139
4.371200000000000000e+04 6.250148789072822486e-139
4.377600000000000000e+04 6.250148789072822486e-139
4.384000000000000000e+04 6.250148789072822486e-139
4.390400000000000000e+04 6.250148789072822486e-139
4.396800000000000000e+04 6.250148789072822486e-139
4.403200000000000000e+04 6.250148789072822486e-139
4.409600000000000000e+04 6.250148789072822486e-139
4.416000000000000000e+04 5.068130170703178127e-139
4.422400000000000000e+04 1.742638851095252267e-139
4.428800000000000000e+04 9.169289944991466166e-140
4.435200000000000000e+04 9.169289944991466166e-140
4.441600000000000000e+04 9.169289944991466166e-140
4.448000000000000000e+04 4.645015407556047305e-141
4.454400000000000000e+04 4.645015407556047305e-141
4.460800000000000000e+04 4.645015407556047305e-141
4.467200000000000000e+04 4.645015407556047305e-141
4.473600000000000000e+04 4.645015407556047305e-141
4.480000000000000000e+04 1.301245975063665698e-141
4.486400000000000000e+04 1.301245975063665698e-141
4.492800000000000000e+04 4.582821687571479560e-142
4.499200000000000000e+04 4.582821687571479560e-142
4.505600000000000000e+04 4.582821687571479560e-142
4.512000000000000000e+04 3.290329091444150599e-142
4.518400000000000000e+04 5.593472839056533912e-143
4.524800000000000000e+04 5.593472839056533912e-143
4.531200000000000000e+04 5.571961617019679689e-144
4.537600000000000000e+04 5.571961617019679689e-144
4.544000000000000000e+04 1.480408246077514646e-144
4.550400000000000000e+04 1.480408246077514646e-144
4.556800000000000000e+04 1.480408246077514646e-144
4.563200000000000000e+04 1.480408246077514646e-144
4.569600000000000000e+04 1.480408246077514646e-144
4.576000000000000000e+04 1.359805986250633845e-144
4.582400000000000000e+04 1.359805986250633845e-144
4.588800000000000000e+04 1.359805986250633845e-144
4.595200000000000000e+04 3.905284469878692413e-145
4.601600000000000000e+04 2.593539006504340366e-145
4.608000000000000000e+04 9.267416700249407084e-146
4.614400000000000000e+04 6.036626123716803213e-147
4.620800000000000000e+04 6.036626123716803213e-147
4.627200000000000000e+04 6.036626123716803213e-147
4.633600000000000000e+04 6.036626123716803213e-147
4.640000000000000000e+04 6.036626123716803213e-147
4.646400000000000000e+04 4.375304746121761383e-147
4.652800000000000000e+04 4.375304746121761383e-147
4.659200000000000000e+04 1.214347650710752899e-147
4.665600000000000000e+04 1.214347650710752899e-147
4.672000000000000000e+04 1.123259812863321467e-148
4.678400000000000000e+04 1.123259812863321467e-148
4.684800000000000000e+04 7.483550755671603990e-149
4.691200000000000000e+04 7.483550755671603990e-149
4.697600000000000000e+04 1.465860915086478569e-149
4.704000000000000000e+04 1.465860915086478569e-149
4.710400000000000000e+04 1.465860915086478569e-149
4.716800000000000000e+04 6.682189935104313220e-150
4.723200000000000000e+04 1.554320310317684683e-150
4.729600000000000000e+04 1.554320310317684683e-150
4.736000000000000000e+04 1.554320310317684683e-150
4.742400000000000000e+04 1.554320310317684683e-150
4.748800000000000000e+04 1.554320310317684683e-150
4.755200000000000000e+04 5.985461059300706399e-151
4.761600000000000000e+04 5.985461059300706399e-151
4.768000000000000000e+04 4.976965848998110604e-151
4.774400000000000000e+04 4.976965848998110604e-151
4.780800000000000000e+04 3.671751492994402276e-151
4.787200000000000000e+04 5.202205081881182133e-152
4.793600000000000000e+04 5.202205081881182133e-152
4.800000000000000000e+04 5.012522527382264754e-152
4.806400000000000000e+04 5.012522527382264754e-152
4.812800000000000000e+04 4.769334668686514285e-153
4.819200000000000000e+04 4.769334668686514285e-153
4.825600000000000000e+04 3.886390915711490707e-153
4.832000000000000000e+04 3.886390915711490707e-153
4.838400000000000000e+04 3.886390915711490707e-153
4.844800000000000000e+04 3.886390915711490707e-153
4.851200000000000000e+04 2.353098903930041341e-153
4.857600000000000000e+04 1.954279957334934292e-153
4.864000000000000000e+04 9.615353332654408437e-154
4.870400000000000000e+04 6.326045359109229208e-154
4.876800000000000000e+04 4.376210049825309940e-154
4.883200000000000000e+04 1.790248930959558481e-154
4.889600000000000000e+04 1.326247033667771183e-154
4.896000000000000000e+04 1.326247033667771183e-154
4.902400000000000000e+04 1.326247033667771183e-154
4.908800000000000000e+04 7.759105041551401878e-155
4.915200000000000000e+04 4.417822459715346099e-155
4.921600000000000000e+04 4.417822459715346099e-155
4.928000000000000000e+04 3.080457184552289417e-156
4.934400000000000000e+04 3.011027444538760829e-156
4.940800000000000000e+04 1.409161344878451115e-156
4.947200000000000000e+04 1.409161344878451115e-156
4.953600000000000000e+04 1.409161344878451115e-156
4.960000000000000000e+04 7.950294821147907139e-157
4.966400000000000000e+04 1.413249722944630443e-158
4.972800000000000000e+04 1.413249722944630443e-158
4.979200000000000000e+04 1.413249722944630443e-158
4.985600000000000000e+04 1.413249722944630443e-158
4.992000000000000000e+04 1.413249722944630443e-158
4.998400000000000000e+04 1.413249722944630443e-158
5.004800000000000000e+04 1.413249722944630443e-158
5.011200000000000000e+04 1.413249722944630443e-158
5.017600000000000000e+04 1.413249722944630443e-158
5.024000000000000000e+04 1.397446031879755640e-158
5.030400000000000000e+04 9.326758064301747409e-159
5.036800000000000000e+04 6.175102056812706452e-159
5.043200000000000000e+04 4.073689063884210836e-159
5.049600000000000000e+04 4.073689063884210836e-159
5.056000000000000000e+04 5.917888162133584484e-160
5.062400000000000000e+04 4.037851247801792487e-160
5.068800000000000000e+04 4.037851247801792487e-160
5.075200000000000000e+04 2.560163454427771697e-160
5.081600000000000000e+04 1.239605991442785660e-160
5.088000000000000000e+04 1.239605991442785660e-160
5.094400000000000000e+04 3.107261611743464549e-161
5.100800000000000000e+04 3.107261611743464549e-161
5.107200000000000000e+04 1.968603807240346982e-161
5.113600000000000000e+04 1.968603807240346982e-161
5.120000000000000000e+04 1.262859062629268771e-161
5.126400000000000000e+04 1.262859062629268771e-161
5.132800000000000000e+04 1.262859062629268771e-161
5.139200000000000000e+04 1.699958502141517578e-163
5.145600000000000000e+04 1.699958502141517578e-163
5.152000000000000000e+04 1.699958502141517578e-163
5.158400000000000000e+04 1.699958502141517578e-163
5.164800000000000000e+04 1.699958502141517578e-163
5.171200000000000000e+04 1.699958502141517578e-163
5.177600000000000000e+04 1.699958502141517578e-163
5.184000000000000000e+04 1.699958502141517578e-163
5.190400000000000000e+04 9.570337603462336489e-164
5.196800000000000000e+04 1.476728502745309278e-165
5.203200000000000000e+04 1.476728502745309278e-165
5.209600000000000000e+04 1.476728502745309278e-165
5.216000000000000000e+04 1.476728502745309278e-165
5.222400000000000000e+04 1.455454424554390755e-165
5.228800000000000000e+04 2.809399342289329004e-166
5.235200000000000000e+04 2.809399342289329004e-166
5.241600000000000000e+04 2.809399342289329004e-166
5.248000000000000000e+04 2.809399342289329004e-166
5.254400000000000000e+04 2.809399342289329004e-166
5.260800000000000000e+04 2.809399342289329004e-166
5.267200000000000000e+04 2.809399342289329004e-166
5.273600000000000000e+04 1.057433505752548734e-166
5.280000000000000000e+04 1.057433505752548734e-166
5.286400000000000000e+04 6.679841154727034327e-167
5.292800000000000000e+04 6.679841154727034327e-167
5.299200000000000000e+04 1.231780255642776189e-167
5.305600000000000000e+04 1.231780255642776189e-167
5.312000000000000000e+04 2.020637997484997487e-168
5.318400000000000000e+04 2.020637997484997487e-168
5.324800000000000000e+04 2.020637997484997487e-168
5.331200000000000000e+04 2.020637997484997487e-168
5.337600000000000000e+04 2.020637997484997487e-168
5.344000000000000000e+04 2.020637997484997487e-168
5.350400000000000000e+04 2.020637997484997487e-168
5.356800000000000000e+04 2.457028717836241759e-169
5.363200000000000000e+04 2.457028717836241759e-169
5.369600000000000000e+04 2.457028717836241759e-169
5.376000000000000000e+04 2.149570969319165590e-169
5.382400000000000000e+04 4.181906051368170909e-170
5.388800000000000000e+04 4.181906051368170909e-170
5.395200000000000000e+04 4.181906051368170909e-170
5.401600000000000000e+04 1.310227290500912273e-170
5.408000000000000000e+04 2.496050975097437747e-171
5.414400000000000000e+04 2.496050975097437747e-171
5.420800000000000000e+04 2.496050975097437747e-171
5.427200000000000000e+04 2.496050975097437747e-171
5.433600000000000000e+04 2.496050975097437747e-171
5.440000000000000000e+04 1.369546210686470728e-171
5.446400000000000000e+04 8.562449319665502463e-172
5.452800000000000000e+04 8.562449319665502463e-172
5.459200000000000000e+04 8.562449319665502463e-172
5.465600000000000000e+04 8.562449319665502463e-172
5.472000000000000000e+04 4.613711577780499284e-173
5.478400000000000000e+04 4.613711577780499284e-173
5.484800000000000000e+04 4.613711577780499284e-173
5.491200000000000000e+04 4.613711577780499284e-173
5.497600000000000000e+04 2.421526886853135717e-173
5.504000000000000000e+04 7.605650685954375805e-174
5.510400000000000000e+04 2.517637974188741919e-174
5.516800000000000000e+04 2.517637974188741919e-174
5.523200000000000000e+04 2.517637974188741919e-174
5.529600000000000000e+04 2.517637974188741919e-174
5.536000000000000000e+04 2.517637974188741919e-174
5.542400000000000000e+04 4.142971400913465426e-175
5.548800000000000000e+04 3.248071721415438211e-175
5.555200000000000000e+04 1.962132781295117417e-175
5.561600000000000000e+04 1.962132781295117417e-175
5.568000000000000000e+04 3.019871619298189655e-176
5.574400000000000000e+04 3.019871619298189655e-176
5.580800000000000000e+04 3.019871619298189655e-176
5.587200000000000000e+04 3.019871619298189655e-176
5.593600000000000000e+04 3.019871619298189655e-176
5.600000000000000000e+04 1.018126533550314336e-176
5.606400000000000000e+04 4.267712298116091801e-177
5.612800000000000000e+04 1.798924580683345632e-177
5.619200000000000000e+04 1.798924580683345632e-177
5.625600000000000000e+04 1.798924580683345632e-177
5.632000000000000000e+04 1.342613966655720970e-177
5.638400000000000000e+04 1.286457041490150222e-177
5.644800000000000000e+04 1.286457041490150222e-177
5.651200000000000000e+04 1.286457041490150222e-177
5.657600000000000000e+04 8.744888669700873409e-178
5.664000000000000000e+04 1.742788504678533129e-178
5.670400000000000000e+04 1.742788504678533129e-178
5.676800000000000000e+04 1.742788504678533129e-178
5.683200000000000000e+04 1.742788504678533129e-178
5.689600000000000000e+04 4.927553493044960771e-179
5.696000000000000000e+04 4.927553493044960771e-179
5.702400000000000000e+04 3.316490837539493340e-179
5.708800000000000000e+04 1.403285970635693637e-179
5.715200000000000000e+04 1.258095391590294191e-180
5.721600000000000000e+04 1.258095391590294191e-180
5.728000000000000000e+04 1.258095391590294191e-180
5.734400000000000000e+04 1.258095391590294191e-180
5.740800000000000000e+04 1.258095391590294191e-180
5.747200000000000000e+04 2.438112550507365544e-181
5.753600000000000000e+04 1.738498029419988546e-181
5.760000000000000000e+04 1.738498029419988546e-181
5.766400000000000000e+04 1.738498029419988546e-181
5.772800000000000000e+04 2.985935916422176242e-182
5.779200000000000000e+04 1.794474662797265546e-182
5.785600000000000000e+04 1.794474662797265546e-182
5.792000000000000000e+04 1.794474662797265546e-182
5.798400000000000000e+04 2.309048297649608273e-183
5.804800000000000000e+04 2.309048297649608273e-183
5.811200000000000000e+04 2.309048297649608273e-183
5.817600000000000000e+04 1.398245744233419708e-183
5.824000000000000000e+04 1.398245744233419708e-183
5.830400000000000000e+04 4.637973726519586866e-184
5.836800000000000000e+04 4.163040876563244811e-184
5.843200000000000000e+04 4.163040876563244811e-184
5.849600000000000000e+04 1.668421659051700605e-184
5.856000000000000000e+04 5.716450509318061893e-185
5.862400000000000000e+04 5.716450509318061893e-185
5.868800000000000000e+04 5.716450509318061893e-185
5.875200000000000000e+04 4.872096059722980522e-186
5.881600000000000000e+04 4.872096059722980522e-186
5.888000000000000000e+04 4.872096059722980522e-186
5.894400000000000000e+04 4.872096059722980522e-186
5.900800000000000000e+04 2.627727549914303872e-186
5.907200000000000000e+04 2.627727549914303872e-186
5.913600000000000000e+04 3.934262637973937005e-187
5.920000000000000000e+04 3.810388031277358645e-187
5.926400000000000000e+04 3.810388031277358645e-187
5.932800000000000000e+04 3.810388031277358645e-187
5.939200000000000000e+04 7.517277133843805718e-188
5.945600000000000000e+04 7.517277133843805718e-188
5.952000000000000000e+04 3.346398851921651896e-188
5.958400000000000000e+04 3.346398851921651896e-188
5.964800000000000000e+04 2.898970208856165602e-188
5.971200000000000000e+04 2.898970208856165602e-188
5.977600000000000000e+04 2.861941318480482281e-188
5.984000000000000000e+04 2.861941318480482281e-188
5.990400000000000000e+04 9.285318374242411457e-189
5.996800000000000000e+04 9.285318374242411457e-189
6.003200000000000000e+04 3.089294264305220337e-189
6.009600000000000000e+04 1.906843431629225155e-189
6.016000000000000000e+04 1.734523574373781430e-189
6.022400000000000000e+04 1.734523574373781430e-189
6.028800000000000000e+04 1.306092103167034706e-190
6.035200000000000000e+04 1.306092103167034706e-190
6.041600000000000000e+04 9.604251354660668632e-191
6.048000000000000000e+04 9.604251354660668632e-191
6.054400000000000000e+04 9.604251354660668632e-191
6.060800000000000000e+04 4.536275658928391437e-191
6.067200000000000000e+04 4.536275658928391437e-191
6.073600000000000000e+04 2.173096256274937335e-192
6.080000000000000000e+04 2.173096256274937335e-192
6.086400000000000000e+04 2.173096256274937335e-192
6.092800000000000000e+04 2.173096256274937335e-192
6.099200000000000000e+04 2.173096256274937335e-192
6.105600000000000000e+04 1.460299044842376298e-193
6.112000000000000000e+04 1.460299044842376298e-193
6.118400000000000000e+04 1.460299044842376298e-193
6.124800000000000000e+04 1.460299044842376298e-193
6.131200000000000000e+04 1.460299044842376298e-193
6.137600000000000000e+04 1.460299044842376298e-193
6.144000000000000000e+04 1.460299044842376298e-193
6.150400000000000000e+04 1.187781167417557449e-193
6.156800000000000000e+04 1.187781167417557449e-193
6.163200000000000000e+04 1.187781167417557449e-193
6.169600000000000000e+04 1.156791764415500132e-193
6.176000000000000000e+04 1.354356762349246731e-194
6.182400000000000000e+04 1.354356762349246731e-194
6.188800000000000000e+04 1.354356762349246731e-194
6.195200000000000000e+04 1.354356762349246731e-194
6.201600000000000000e+04 7.505094683023969442e-195
6.208000000000000000e+04 7.505094683023969442e-195
6.214400000000000000e+04 7.505094683023969442e-195
6.220800000000000000e+04 5.443372744912854029e-195
6.227200000000000000e+04 3.162227868069711306e-195
6.233600000000000000e+04 1.782794174453770288e-196
6.240000000000000000e+04 1.782794174453770288e-196
6.246400000000000000e+04 1.384469752017445850e-197
6.252800000000000000e+04 1.384469752017445850e-197
6.259200000000000000e+04 1.384469752017445850e-197
6.265600000000000000e+04 1.384469752017445850e-197
6.272000000000000000e+04 1.384469752017445850e-197
6.278400000000000000e+04 1.384469752017445850e-197
6.284800000000000000e+04 1.384469752017445850e-197
6.291200000000000000e+04 1.384469752017445850e-197
6.297600000000000000e+04 9.665930197439577603e-199
6.304000000000000000e+04 9.665930197439577603e-199
6.310400000000000000e+04 1.024428719986364609e-200
6.316800000000000000e+04 1.024428719986364609e-200
6.323200000000000000e+04 1.024428719986364609e-200
6.329600000000000000e+04 1.024428719986364609e-200
6.336000000000000000e+04 1.024428719986364609e-200
6.342400000000000000e+04 1.024428719986364609e-200
6.348800000000000000e+04 1.024428719986364609e-200
6.355200000000000000e+04 1.024428719986364609e-200
6.361600000000000000e+04 8.625583776710450684e-201
6.368000000000000000e+04 8.625583776710450684e-201
6.374400000000000000e+04 8.625583776710450684e-201
6.380800000000000000e+04 8.625583776710450684e-201
6.387200000000000000e+04 8.625583776710450684e-201
6.393600000000000000e+04 8.625583776710450684e-201
6.400000000000000000e+04 6.681287790101704877e-201
6.406400000000000000e+04 6.681287790101704877e-201
6.412800000000000000e+04 2.676180452427242073e-201
6.419200000000000000e+04 2.676180452427242073e-201
6.425600000000000000e+04 3.580077941680574003e-202
6.432000000000000000e+04 3.580077941680574003e-202
6.438400000000000000e+04 3.580077941680574003e-202
6.444800000000000000e+04 3.580077941680574003e-202
6.451200000000000000e+04 2.242865646012085478e-202
6.457600000000000000e+04 2.242865646012085478e-202
6.464000000000000000e+04 2.238413783326407324e-202
6.470400000000000000e+04 1.289322270656549230e-202
6.476800000000000000e+04 2.862330274074260301e-204
6.483200000000000000e+04 2.862330274074260301e-204
6.489600000000000000e+04 2.862330274074260301e-204
6.496000000000000000e+04 2.862330274074260301e-204
6.502400000000000000e+04 2.862330274074260301e-204
6.508800000000000000e+04 2.862330274074260301e-204
6.515200000000000000e+04 2.862330274074260301e-204
6.521600000000000000e+04 1.629426461173632652e-204
6.528000000000000000e+04 1.629426461173632652e-204
6.534400000000000000e+04 3.431130825092855071e-205
6.540800000000000000e+04 2.044377094163533034e-205
6.547200000000000000e+04 2.044377094163533034e-205
6.553600000000000000e+04 2.044377094163533034e-205
6.560000000000000000e+04 1.870673332573848167e-205
6.566400000000000000e+04 1.870673332573848167e-205
6.572800000000000000e+04 6.875857517195841627e-206
6.579200000000000000e+04 6.875857517195841627e-206
6.585600000000000000e+04 4.476862127515820040e-207
6.592000000000000000e+04 3.001685904817500781e-207
6.598400000000000000e+04 3.001685904817500781e-207
6.604800000000000000e+04 3.001685904817500781e-207
6.611200000000000000e+04 3.001685904817500781e-207
6.617600000000000000e+04 1.563229407963985915e-208
6.624000000000000000e+04 1.563229407963985915e-208
6.630400000000000000e+04 1.563229407963985915e-208
6.636800000000000000e+04 1.563229407963985915e-208
6.643200000000000000e+04 1.563229407963985915e-208
6.649600000000000000e+04 1.563229407963985915e-208
6.656000000000000000e+04 1.563229407963985915e-208
6.662400000000000000e+04 8.417352796045991481e-209
6.668800000000000000e+04 7.725758164360644406e-209
6.675200000000000000e+04 6.327173126799404567e-210
6.681600000000000000e+04 2.805756556651926520e-210
6.688000000000000000e+04 2.805756556651926520e-210
6.694400000000000000e+04 2.805756556651926520e-210
6.700800000000000000e+04 2.805756556651926520e-210
6.707200000000000000e+04 2.805756556651926520e-210
6.713600000000000000e+04 2.795713005135832518e-211
6.720000000000000000e+04 2.795713005135832518e-211
6.726400000000000000e+04 2.795713005135832518e-211
6.732800000000000000e+04 2.637673077356103175e-211
6.739200000000000000e+04 1.595488869248350686e-213
6.745600000000000000e+04 1.595488869248350686e-213
6.752000000000000000e+04 1.595488869248350686e-213
6.758400000000000000e+04 1.595488869248350686e-213
6.764800000000000000e+04 1.595488869248350686e-213
6.771200000000000000e+04 1.595488869248350686e-213
6.777600000000000000e+04 1.595488869248350686e-213
6.784000000000000000e+04 1.595488869248350686e-213
6.790400000000000000e+04 1.595488869248350686e-213
6.796800000000000000e+04 1.595488869248350686e-213
6.803200000000000000e+04 1.447772320695569045e-213
6.809600000000000000e+04 1.447772320695569045e-213
6.816000000000000000e+04 1.447772320695569045e-213
6.822400000000000000e+04 1.447772320695569045e-213
6.828800000000000000e+04 4.357092659555290326e-214
6.835200000000000000e+04 7.600290593475995840e-215
6.841600000000000000e+04 7.600290593475995840e-215
6.848000000000000000e+04 2.133847076240778724e-215
6.854400000000000000e+04 2.133847076240778724e-215
6.860800000000000000e+04 2.133847076240778724e-215
6.867200000000000000e+04 2.133847076240778724e-215
6.873600000000000000e+04 2.133847076240778724e-215
6.880000000000000000e+04 2.133847076240778724e-215
6.886400000000000000e+04 1.580370968017846023e-216
6.892800000000000000e+04 1.064466496897075073e-216
6.899200000000000000e+04 1.064466496897075073e-216
6.905600000000000000e+04 7.512132698138615041e-217
6.912000000000000000e+04 8.831923151566275504e-218
6.918400000000000000e+04 8.831923151566275504e-218
6.924800000000000000e+04 1.668192067822336168e-218
6.931200000000000000e+04 1.668192067822336168e-218
6.937600000000000000e+04 1.668192067822336168e-218
6.944000000000000000e+04 1.668192067822336168e-218
6.950400000000000000e+04 1.668192067822336168e-218
6.956800000000000000e+04 1.668192067822336168e-218
6.963200000000000000e+04 1.668192067822336168e-218
6.969600000000000000e+04 1.695381385288430892e-219
6.976000000000000000e+04 1.695381385288430892e-219
6.982400000000000000e+04 1.695381385288430892e-219
6.988800000000000000e+04 1.695381385288430892e-219
6.995200000000000000e+04 1.088422377102199990e-219
7.001600000000000000e+04 1.088422377102199990e-219
7.008000000000000000e+04 1.088422377102199990e-219
7.014400000000000000e+04 1.938760665093334241e-220
7.020800000000000000e+04 1.938760665093334241e-220
7.027200000000000000e+04 4.739467094966710909e-221
7.033600000000000000e+04 4.739467094966710909e-221
7.040000000000000000e+04 4.739467094966710909e-221
7.046400000000000000e+04 4.739467094966710909e-221
7.052800000000000000e+04 4.739467094966710909e-221
7.059200000000000000e+04 4.739467094966710909e-221
7.065600000000000000e+04 4.739467094966710909e-221
7.072000000000000000e+04 4.739467094966710909e-221
7.078400000000000000e+04 1.130119167680996966e-221
7.084800000000000000e+04 5.231205772228292976e-223
7.091200000000000000e+04 5.231205772228292976e-223
7.097600000000000000e+04 5.231205772228292976e-223
7.104000000000000000e+04 3.553899171288724395e-223
7.110400000000000000e+04 3.553899171288724395e-223
7.116800000000000000e+04 1.113973659447936587e-223
7.123200000000000000e+04 9.211399102014166116e-224
7.129600000000000000e+04 9.211399102014166116e-224
7.136000000000000000e+04 7.448437301367233004e-224
7.142400000000000000e+04 7.448437301367233004e-224
7.148800000000000000e+04 5.525869773090848143e-224
7.155200000000000000e+04 5.525869773090848143e-224
7.161600000000000000e+04 2.081863636070608820e-224
7.168000000000000000e+04 2.081863636070608820e-224
7.174400000000000000e+04 1.215768914702653200e-224
7.180800000000000000e+04 1.215768914702653200e-224
7.187200000000000000e+04 3.557539936946104570e-225
7.193600000000000000e+04 3.557539936946104570e-225
7.200000000000000000e+04 1.081602104527883019e-226
7.206400000000000000e+04 1.081602104527883019e-226
7.212800000000000000e+04 1.081602104527883019e-226
7.219200000000000000e+04 1.081602104527883019e-226
7.225600000000000000e+04 1.482576022671193005e-227
7.232000000000000000e+04 1.482576022671193005e-227
7.238400000000000000e+04 1.482576022671193005e-227
7.244800000000000000e+04 1.482576022671193005e-227
7.251200000000000000e+04 1.482576022671193005e-227
7.257600000000000000e+04 1.482576022671193005e-227
7.264000000000000000e+04 5.156553227740434593e-229
7.270400000000000000e+04 5.156553227740434593e-229
7.276800000000000000e+04 5.156553227740434593e-229
7.283200000000000000e+04 5.156553227740434593e-229
7.289600000000000000e+04 4.325278117512952174e-229
7.296000000000000000e+04 4.325278117512952174e-229
7.302400000000000000e+04 3.098069166326580381e-229
7.308800000000000000e+04 1.825283890644774312e-229
7.315200000000000000e+04 1.825283890644774312e-229
7.321600000000000000e+04 8.543364422510096520e-230
7.328000000000000000e+04 8.543364422510096520e-230
7.334400000000000000e+04 2.397181633768610996e-230
7.340800000000000000e+04 2.960088165954799483e-231
7.347200000000000000e+04 2.960088165954799483e-231
7.353600000000000000e+04 2.960088165954799483e-231
7.360000000000000000e+04 2.481954696380381845e-231
7.366400000000000000e+04 1.318542414032228416e-231
7.372800000000000000e+04 9.934864331695165644e-232
7.379200000000000000e+04 2.732685215574481908e-233
7.385600000000000000e+04 2.732685215574481908e-233
7.392000000000000000e+04 2.732685215574481908e-233
7.398400000000000000e+04 2.732685215574481908e-233
7.404800000000000000e+04 2.732685215574481908e-233
7.411200000000000000e+04 2.732685215574481908e-233
7.417600000000000000e+04 2.732685215574481908e-233
7.424000000000000000e+04 4.732209274832304781e-234
7.430400000000000000e+04 4.732209274832304781e-234
7.436800000000000000e+04 4.732209274832304781e-234
7.443200000000000000e+04 4.732209274832304781e-234
7.449600000000000000e+04 4.732209274832304781e-234
7.456000000000000000e+04 4.732209274832304781e-234
7.462400000000000000e+04 1.892871683655883949e-234
7.468800000000000000e+04 1.892871683655883949e-234
7.475200000000000000e+04 1.892871683655883949e-234
7.481600000000000000e+04 2.287305668082130284e-235
7.488000000000000000e+04 3.011916046245409217e-236
7.494400000000000000e+04 3.011916046245409217e-236
7.500800000000000000e+04 3.011916046245409217e-236
7.507200000000000000e+04 3.011916046245409217e-236
7.513600000000000000e+04 3.011916046245409217e-236
7.520000000000000000e+04 3.011916046245409217e-236
7.526400000000000000e+04 3.011916046245409217e-236
7.532800000000000000e+04 9.225823365024209560e-237
7.539200000000000000e+04 9.225823365024209560e-237
7.545600000000000000e+04 9.225823365024209560e-237
7.552000000000000000e+04 9.225823365024209560e-237
7.558400000000000000e+04 9.041419028984451085e-237
7.564800000000000000e+04 9.041419028984451085e-237
7.571200000000000000e+04 2.018966645947172171e-237
7.577600000000000000e+04 2.018966645947172171e-237
7.584000000000000000e+04 6.271749103300882524e-238
7.590400000000000000e+04 6.271749103300882524e-238
7.596800000000000000e+04 6.271749103300882524e-238
7.603200000000000000e+04 6.271749103300882524e-238
7.609600000000000000e+04 6.271749103300882524e-238
7.616000000000000000e+04 1.840762111911588574e-238
7.622400000000000000e+04 3.239252723259056675e-239
7.628800000000000000e+04 3.239252723259056675e-239
7.635200000000000000e+04 3.239252723259056675e-239
7.641600000000000000e+04 3.239252723259056675e-239
7.648000000000000000e+04 3.239252723259056675e-239
7.654400000000000000e+04 3.239252723259056675e-239
7.660800000000000000e+04 2.453969877693540066e-239
7.667200000000000000e+04 1.422293750011361905e-239
7.673600000000000000e+04 7.185624813145733526e-240
7.680000000000000000e+04 7.185624813145733526e-240
7.686400000000000000e+04 7.185624813145733526e-240
7.692800000000000000e+04 7.185624813145733526e-240
7.699200000000000000e+04 1.868248206636143186e-240
7.705600000000000000e+04 1.868248206636143186e-240
7.712000000000000000e+04 1.868248206636143186e-240
7.718400000000000000e+04 2.364532800141958258e-241
7.724800000000000000e+04 2.364532800141958258e-241
7.731200000000000000e+04 1.758159355274740686e-241
7.737600000000000000e+04 1.758159355274740686e-241
7.744000000000000000e+04 7.519809029778845132e-242
7.750400000000000000e+04 7.519809029778845132e-242
7.756800000000000000e+04 7.519809029778845132e-242
7.763200000000000000e+04 1.452417436546700169e-242
7.769600000000000000e+04 2.536656438505313661e-243
7.776000000000000000e+04 2.536656438505313661e-243
7.782400000000000000e+04 2.536656438505313661e-243
7.788800000000000000e+04 2.536656438505313661e-243
7.795200000000000000e+04 2.536656438505313661e-243
7.801600000000000000e+04 2.536656438505313661e-243
7.808000000000000000e+04 2.292229335454583171e-243
7.814400000000000000e+04 2.292229335454583171e-243
7.820800000000000000e+04 4.076364890539362086e-244
7.827200000000000000e+04 2.671378184082927534e-244
7.833600000000000000e+04 3.798846896804897875e-245
7.840000000000000000e+04 3.798846896804897875e-245
7.846400000000000000e+04 3.798846896804897875e-245
7.852800000000000000e+04 3.223988039593090214e-245
7.859200000000000000e+04 3.223988039593090214e-245
7.865600000000000000e+04 3.223988039593090214e-245
7.872000000000000000e+04 3.223988039593090214e-245
7.878400000000000000e+04 1.084745603231893948e-245
7.884800000000000000e+04 1.013644536139523481e-245
7.891200000000000000e+04 6.697064320719429553e-247
7.897600000000000000e+04 6.697064320719429553e-247
7.904000000000000000e+04 6.674104394490822742e-248
7.910400000000000000e+04 6.674104394490822742e-248
7.916800000000000000e+04 6.674104394490822742e-248
7.923200000000000000e+04 6.674104394490822742e-248
7.929600000000000000e+04 6.674104394490822742e-248
7.936000000000000000e+04 6.674104394490822742e-248
7.942400000000000000e+04 6.674104394490822742e-248
7.948800000000000000e+04 1.422382377907804795e-249
7.955200000000000000e+04 1.422382377907804795e-249
7.961600000000000000e+04 1.422382377907804795e-249
7.968000000000000000e+04 1.422382377907804795e-249
7.974400000000000000e+04 1.422382377907804795e-249
7.980800000000000000e+04 1.422382377907804795e-249
7.987200000000000000e+04 1.422382377907804795e-249
7.993600000000000000e+04 1.422382377907804795e-249
8.000000000000000000e+04 1.422382377907804795e-249
8.006400000000000000e+04 1.057429009628878448e-249
8.012800000000000000e+04 5.708418097519136507e-250
8.019200000000000000e+04 1.894036932888384712e-250
8.025600000000000000e+04 3.617488565956525395e-251
8.032000000000000000e+04 3.069138374496870383e-251
8.038400000000000000e+04 3.069138374496870383e-251
8.044800000000000000e+04 3.069138374496870383e-251
8.051200000000000000e+04 3.069138374496870383e-251
8.057600000000000000e+04 8.266347873334059177e-253
8.064000000000000000e+04 8.266347873334059177e-253
8.070400000000000000e+04 8.266347873334059177e-253
8.076800000000000000e+04 8.266347873334059177e-253
8.083200000000000000e+04 8.266347873334059177e-253
8.089600000000000000e+04 5.244349973813675934e-253
8.096000000000000000e+04 5.244349973813675934e-253
8.102400000000000000e+04 4.783574108464213574e-253
8.108800000000000000e+04 2.154654957651192880e-254
8.115200000000000000e+04 2.154654957651192880e-254
8.121600000000000000e+04 2.154654957651192880e-254
8.128000000000000000e+04 2.154654957651192880e-254
8.134400000000000000e+04 1.028594831775618038e-254
8.140800000000000000e+04 1.028594831775618038e-254
8.147200000000000000e+04 1.028594831775618038e-254
8.153600000000000000e+04 6.062175911379501696e-255
8.160000000000000000e+04 3.872954992385581987e-255
8.166400000000000000e+04 3.872954992385581987e-255
8.172800000000000000e+04 1.316210378894777674e-255
8.179200000000000000e+04 1.316210378894777674e-255
8.185600000000000000e+04 7.228761589146950320e-257
8.192000000000000000e+04 7.228761589146950320e-257
8.198400000000000000e+04 7.228761589146950320e-257
8.204800000000000000e+04 7.228761589146950320e-257
8.211200000000000000e+04 7.228761589146950320e-257
8.217600000000000000e+04 7.228761589146950320e-257
8.224000000000000000e+04 7.228761589146950320e-257
8.230400000000000000e+04 1.006983237393102504e-257
8.236800000000000000e+04 1.006983237393102504e-257
8.243200000000000000e+04 5.993225468022248354e-258
8.249600000000000000e+04 5.993225468022248354e-258
8.256000000000000000e+04 1.397635914053898644e-258
8.262400000000000000e+04 1.397635914053898644e-258
8.268800000000000000e+04 1.397635914053898644e-258
8.275200000000000000e+04 1.397635914053898644e-258
8.281600000000000000e+04 2.799336456637814870e-259
8.288000000000000000e+04 2.799336456637814870e-259
8.294400000000000000e+04 1.575874770402855690e-260
8.300800000000000000e+04 1.575874770402855690e-260
8.307200000000000000e+04 1.575874770402855690e-260
8.313600000000000000e+04 1.575874770402855690e-260
8.320000000000000000e+04 1.575874770402855690e-260
8.326400000000000000e+04 1.575874770402855690e-260
8.332800000000000000e+04 1.575874770402855690e-260
8.339200000000000000e+04 1.575874770402855690e-260
8.345600000000000000e+04 1.277873447517447014e-260
8.352000000000000000e+04 4.680152497869490929e-264
8.358400000000000000e+04 4.680152497869490929e-264
8.364800000000000000e+04 4.680152497869490929e-264
8.371200000000000000e+04 4.680152497869490929e-264
8.377600000000000000e+04 4.680152497869490929e-264
8.384000000000000000e+04 4.680152497869490929e-264
8.390400000000000000e+04 4.680152497869490929e-264
8.396800000000000000e+04 4.680152497869490929e-264
8.403200000000000000e+04 4.680152497869490929e-264
8.409600000000000000e+04 4.680152497869490929e-264
8.416000000000000000e+04 4.680152497869490929e-264
8.422400000000000000e+04 4.680152497869490929e-264
8.428800000000000000e+04 4.680152497869490929e-264
8.435200000000000000e+04 7.209099728288231172e-265
8.441600000000000000e+04 7.209099728288231172e-265
8.448000000000000000e+04 5.211530249568160180e-265
8.454400000000000000e+04 5.211530249568160180e-265
8.460800000000000000e+04 5.211530249568160180e-265
8.467200000000000000e+04 5.211530249568160180e-265
8.473600000000000000e+04 5.211530249568160180e-265
8.480000000000000000e+04 5.385677025790394501e-266
8.486400000000000000e+04 5.385677025790394501e-266
8.492800000000000000e+04 5.385677025790394501e-266
8.499200000000000000e+04 5.385677025790394501e-266
8.505600000000000000e+04 5.385677025790394501e-266
8.512000000000000000e+04 4.060783245962102149e-267
8.518400000000000000e+04 4.060783245962102149e-267
8.524800000000000000e+04 2.117095416160533817e-267
8.531200000000000000e+04 2.117095416160533817e-267
8.537600000000000000e+04 1.945837836591461029e-268
8.544000000000000000e+04 1.945837836591461029e-268
8.550400000000000000e+04 1.945837836591461029e-268
8.556800000000000000e+04 1.945837836591461029e-268
8.563200000000000000e+04 1.945837836591461029e-268
8.569600000000000000e+04 1.945837836591461029e-268
8.576000000000000000e+04 1.945837836591461029e-268
8.582400000000000000e+04 7.422139389792413517e-269
8.588800000000000000e+04 7.422139389792413517e-269
8.595200000000000000e+04 4.642735056625010867e-270
8.601600000000000000e+04 4.642735056625010867e-270
8.608000000000000000e+04 4.642735056625010867e-270
8.614400000000000000e+04 4.642735056625010867e-270
8.620800000000000000e+04 4.642735056625010867e-270
8.627200000000000000e+04 4.193031962827988110e-271
8.633600000000000000e+04 4.193031962827988110e-271
8.640000000000000000e+04 4.193031962827988110e-271
8.646400000000000000e+04 4.193031962827988110e-271
8.652800000000000000e+04 4.193031962827988110e-271
8.659200000000000000e+04 7.358411880765085263e-272
8.665600000000000000e+04 6.061643393098249650e-272
8.672000000000000000e+04 2.981275321943284913e-272
8.678400000000000000e+04 2.981275321943284913e-272
8.684800000000000000e+04 2.981275321943284913e-272
8.691200000000000000e+04 1.876094245962608339e-272
8.697600000000000000e+04 9.580259768145987646e-273
8.704000000000000000e+04 9.580259768145987646e-273
8.710400000000000000e+04 7.554776336052958860e-273
8.716800000000000000e+04 7.554776336052958860e-273
8.723200000000000000e+04 6.294067521739921776e-273
8.729600000000000000e+04 2.504720687622439920e-273
8.736000000000000000e+04 2.350225250769093156e-273
8.742400000000000000e+04 1.324397559443993445e-274
8.748800000000000000e+04 1.324397559443993445e-274
8.755200000000000000e+04 1.324397559443993445e-274
8.761600000000000000e+04 1.324397559443993445e-274
8.768000000000000000e+04 1.324397559443993445e-274
8.774400000000000000e+04 4.645624677504970768e-275
8.780800000000000000e+04 1.945504798914366390e-275
8.787200000000000000e+04 1.945504798914366390e-275
8.793600000000000000e+04 1.945504798914366390e-275
8.800000000000000000e+04 1.945504798914366390e-275
8.806400000000000000e+04 9.049221375761975379e-277
8.812800000000000000e+04 9.049221375761975379e-277
8.819200000000000000e+04 9.049221375761975379e-277
8.825600000000000000e+04 9.049221375761975379e-277
8.832000000000000000e+04 4.422725053582717921e-277
8.838400000000000000e+04 4.422725053582717921e-277
8.844800000000000000e+04 1.192545676369686048e-277
8.851200000000000000e+04 1.192545676369686048e-277
8.857600000000000000e+04 1.192545676369686048e-277
8.864000000000000000e+04 1.192545676369686048e-277
8.870400000000000000e+04 1.192545676369686048e-277
8.876800000000000000e+04 1.192545676369686048e-277
8.883200000000000000e+04 1.192545676369686048e-277
8.889600000000000000e+04 1.192545676369686048e-277
8.896000000000000000e+04 1.062511509884799128e-277
8.902400000000000000e+04 8.716019584017915796e-279
8.908800000000000000e+04 2.019790976259954921e-279
8.915200000000000000e+04 2.019790976259954921e-279
8.921600000000000000e+04 2.019790976259954921e-279
8.928000000000000000e+04 2.019790976259954921e-279
8.934400000000000000e+04 2.019790976259954921e-279
8.940800000000000000e+04 2.019790976259954921e-279
8.947200000000000000e+04 2.019790976259954921e-279
8.953600000000000000e+04 1.897894301153016890e-279
8.960000000000000000e+04 3.936208203767937428e-281
8.966400000000000000e+04 3.936208203767937428e-281
8.972800000000000000e+04 1.515333912372829612e-281
8.979200000000000000e+04 1.515333912372829612e-281
8.985600000000000000e+04 1.515333912372829612e-281
8.992000000000000000e+04 1.515333912372829612e-281
8.998400000000000000e+04 1.515333912372829612e-281
9.004800000000000000e+04 1.515333912372829612e-281
9.011200000000000000e+04 1.515333912372829612e-281
9.017600000000000000e+04 1.515333912372829612e-281
9.024000000000000000e+04 1.515333912372829612e-281
9.030400000000000000e+04 1.213072153929323659e-281
9.036800000000000000e+04 1.336021161702818590e-282
9.043200000000000000e+04 1.336021161702818590e-282
9.049600000000000000e+04 1.336021161702818590e-282
9.056000000000000000e+04 1.301276626093480749e-283
9.062400000000000000e+04 1.301276626093480749e-283
9.068800000000000000e+04 1.301276626093480749e-283
9.075200000000000000e+04 1.301276626093480749e-283
9.081600000000000000e+04 1.301276626093480749e-283
9.088000000000000000e+04 1.301276626093480749e-283
9.094400000000000000e+04 1.301276626093480749e-283
9.100800000000000000e+04 4.293451477563609319e-284
9.107200000000000000e+04 4.033356879602843078e-284
9.113600000000000000e+04 4.514393608123035447e-285
9.120000000000000000e+04 4.255874210674006198e-285
9.126400000000000000e+04 4.255874210674006198e-285
9.132800000000000000e+04 4.255874210674006198e-285
9.139200000000000000e+04 4.255874210674006198e-285
9.145600000000000000e+04 4.098439746908317096e-285
9.152000000000000000e+04 1.719775067235151855e-285
9.158400000000000000e+04 3.458941255893060949e-286
9.164800000000000000e+04 2.427910990137297165e-286
9.171200000000000000e+04 2.427910990137297165e-286
9.177600000000000000e+04 4.778615675797765720e-287
9.184000000000000000e+04 4.778615675797765720e-287
9.190400000000000000e+04 4.778615675797765720e-287
9.196800000000000000e+04 4.778615675797765720e-287
9.203200000000000000e+04 4.387406173457958146e-287
9.209600000000000000e+04 3.605333661292942432e-288
9.216000000000000000e+04 3.605333661292942432e-288
9.222400000000000000e+04 3.605333661292942432e-288
9.228800000000000000e+04 3.042139203620324421e-288
9.235200000000000000e+04 3.042139203620324421e-288
9.241600000000000000e+04 3.042139203620324421e-288
9.248000000000000000e+04 4.270142524831928610e-289
9.254400000000000000e+04 4.270142524831928610e-289
9.260800000000000000e+04 4.270142524831928610e-289
9.267200000000000000e+04 4.270142524831928610e-289
9.273600000000000000e+04 6.421355048896701677e-290
9.280000000000000000e+04 5.078228483165799760e-290
9.286400000000000000e+04 1.346039714398209543e-290
9.292800000000000000e+04 1.346039714398209543e-290
9.299200000000000000e+04 6.085264290981741959e-291
9.305600000000000000e+04 6.085264290981741959e-291
9.312000000000000000e+04 2.229818661250399356e-291
9.318400000000000000e+04 2.229818661250399356e-291
9.324800000000000000e+04 1.907430380125988177e-291
9.331200000000000000e+04 8.138739609284294772e-292
9.337600000000000000e+04 8.138739609284294772e-292
9.344000000000000000e+04 1.525527064967251382e-292
9.350400000000000000e+04 1.525527064967251382e-292
9.356800000000000000e+04 1.525527064967251382e-292
9.363200000000000000e+04 1.428274011115402636e-292
9.369600000000000000e+04 8.886991109787850029e-293
9.376000000000000000e+04 1.582090734664813484e-293
9.382400000000000000e+04 1.092689638402290072e-293
9.388800000000000000e+04 1.092689638402290072e-293
9.395200000000000000e+04 1.282713672007393193e-296
9.401600000000000000e+04 1.282713672007393193e-296
9.408000000000000000e+04 1.282713672007393193e-296
9.414400000000000000e+04 1.282713672007393193e-296
9.420800000000000000e+04 1.282713672007393193e-296
9.427200000000000000e+04 1.282713672007393193e-296
9.433600000000000000e+04 1.282713672007393193e-296
9.440000000000000000e+04 1.282713672007393193e-296
9.446400000000000000e+04 3.463672789314623464e-298
9.452800000000000000e+04 3.463672789314623464e-298
9.459200000000000000e+04 3.463672789314623464e-298
9.465600000000000000e+04 3.463672789314623464e-298
9.472000000000000000e+04 3.463672789314623464e-298
9.478400000000000000e+04 3.463672789314623464e-298
9.484800000000000000e+04 3.463672789314623464e-298
9.491200000000000000e+04 3.463672789314623464e-298
9.497600000000000000e+04 3.463672789314623464e-298
9.504000000000000000e+04 3.463672789314623464e-298
9.510400000000000000e+04 1.876035717492307212e-298
9.516800000000000000e+04 7.104302207951157709e-299
9.523200000000000000e+04 7.104302207951157709e-299
9.529600000000000000e+04 7.104302207951157709e-299
9.536000000000000000e+04 7.104302207951157709e-299
9.542400000000000000e+04 5.645840667884994270e-299
9.548800000000000000e+04 5.645840667884994270e-299
9.555200000000000000e+04 2.943289419866678517e-299
9.561600000000000000e+04 1.440106047291655744e-299
9.568000000000000000e+04 6.070042356324025194e-300
9.574400000000000000e+04 6.070042356324025194e-300
9.580800000000000000e+04 1.174566619314827469e-300
9.587200000000000000e+04 1.174566619314827469e-300
9.593600000000000000e+04 1.174566619314827469e-300
9.600000000000000000e+04 3.751658762334164593e-303
9.606400000000000000e+04 3.751658762334164593e-303
9.612800000000000000e+04 3.751658762334164593e-303
9.619200000000000000e+04 3.751658762334164593e-303
9.625600000000000000e+04 3.751658762334164593e-303
9.632000000000000000e+04 3.751658762334164593e-303
9.638400000000000000e+04 3.751658762334164593e-303
9.644800000000000000e+04 3.751658762334164593e-303
9.651200000000000000e+04 3.751658762334164593e-303
9.657600000000000000e+04 3.751658762334164593e-303
9.664000000000000000e+04 3.751658762334164593e-303
9.670400000000000000e+04 3.751658762334164593e-303
9.676800000000000000e+04 3.751658762334164593e-303
9.683200000000000000e+04 3.751658762334164593e-303
9.689600000000000000e+04 3.751658762334164593e-303
9.696000000000000000e+04 1.328621675734722310e-303
9.702400000000000000e+04 1.328621675734722310e-303
9.708800000000000000e+04 1.328621675734722310e-303
9.715200000000000000e+04 5.648173284095697716e-304
9.721600000000000000e+04 5.648173284095697716e-304
9.728000000000000000e+04 1.225167351895762748e-304
9.734400000000000000e+04 1.225167351895762748e-304
9.740800000000000000e+04 1.225167351895762748e-304
9.747200000000000000e+04 7.105702113408468615e-305
9.753600000000000000e+04 1.743668952852514581e-305
9.760000000000000000e+04 1.743668952852514581e-305
9.766400000000000000e+04 8.764909719624339707e-306
9.772800000000000000e+04 7.807049592180519662e-306
9.779200000000000000e+04 3.520187880447676508e-306
9.785600000000000000e+04 3.520187880447676508e-306
9.792000000000000000e+04 3.520187880447676508e-306
9.798400000000000000e+04 3.520187880447676508e-306
9.804800000000000000e+04 1.762753526366975628e-306
9.811200000000000000e+04 6.070064976446285401e-307
9.817600000000000000e+04 6.070064976446285401e-307
9.824000000000000000e+04 1.563829301627023541e-307
9.830400000000000000e+04 1.563829301627023541e-307
9.836800000000000000e+04 1.563829301627023541e-307
9.843200000000000000e+04 1.563829301627023541e-307
9.849600000000000000e+04 9.168191078062606994e-309
9.856000000000000000e+04 9.168191078062606994e-309
9.862400000000000000e+04 9.168191078062606994e-309
9.868800000000000000e+04 2.709988844529609324e-309
9.875200000000000000e+04 2.709988844529609324e-309
9.881600000000000000e+04 1.138320414911098096e-309
9.888000000000000000e+04 1.090487679980071945e-309
9.894400000000000000e+04 1.090487679980071945e-309
9.900800000000000000e+04 1.090487679980071945e-309
9.907200000000000000e+04 6.008928105378019623e-310
9.913600000000000000e+04 2.103368114457414879e-310
9.920000000000000000e+04 1.090589649896734204e-310
9.926400000000000000e+04 1.090589649896734204e-310
9.932800000000000000e+04 2.132968474996748870e-311
9.939200000000000000e+04 2.132968474996748870e-311
9.945600000000000000e+04 9.546527250016583598e-312
9.952000000000000000e+04 3.581332787715650608e-312
9.958400000000000000e+04 2.207316004237701612e-312
9.964800000000000000e+04 2.207316004237701612e-312
9.971200000000000000e+04 2.207316004237701612e-312
9.977600000000000000e+04 1.369655534575943237e-312
9.984000000000000000e+04 1.369655534575943237e-312
9.990400000000000000e+04 1.369655534575943237e-312
9.996800000000000000e+04 9.615050680662101275e-313
1.000320000000000000e+05 9.615050680662101275e-313
