6.400000000000000000e+01 6.241181786732689224e-02
1.280000000000000000e+02 6.241181786732689224e-02
1.920000000000000000e+02 6.241181786732689224e-02
2.560000000000000000e+02 6.241181786732689224e-02
3.200000000000000000e+02 6.241181786732689224e-02
3.840000000000000000e+02 8.254366924297072000e-03
4.480000000000000000e+02 8.254366924297072000e-03
5.120000000000000000e+02 8.254366924297072000e-03
5.760000000000000000e+02 2.361261235319342920e-03
6.400000000000000000e+02 1.453475415959978130e-03
7.040000000000000000e+02 1.483988076525469442e-04
7.680000000000000000e+02 1.483988076525469442e-04
8.320000000000000000e+02 1.483988076525469442e-04
8.960000000000000000e+02 1.483988076525469442e-04
9.600000000000000000e+02 1.483988076525469442e-04
1.024000000000000000e+03 1.483988076525469442e-04
1.088000000000000000e+03 3.514436807211228646e-05
1.152000000000000000e+03 3.514436807211228646e-05
1.216000000000000000e+03 3.514436807211228646e-05
1.280000000000000000e+03 3.514436807211228646e-05
1.344000000000000000e+03 3.186032176674529761e-05
1.408000000000000000e+03 1.935041862513633881e-05
1.472000000000000000e+03 9.114162717058442822e-06
1.536000000000000000e+03 2.825815880239546124e-06
1.600000000000000000e+03 2.825815880239546124e-06
1.664000000000000000e+03 2.825815880239546124e-06
1.728000000000000000e+03 2.757071272447745017e-07
1.792000000000000000e+03 2.757071272447745017e-07
1.856000000000000000e+03 2.757071272447745017e-07
1.920000000000000000e+03 1.664781793228640293e-07
1.984000000000000000e+03 1.664781793228640293e-07
2.048000000000000000e+03 1.664781793228640293e-07
2.112000000000000000e+03 6.479204491113963288e-08
2.176000000000000000e+03 6.479204491113963288e-08
2.240000000000000000e+03 1.687191123832516238e-08
2.304000000000000000e+03 1.687191123832516238e-08
2.368000000000000000e+03 1.754874790672915147e-09
2.432000000000000000e+03 1.709011875009022114e-09
2.496000000000000000e+03 1.709011875009022114e-09
2.560000000000000000e+03 1.709011875009022114e-09
2.624000000000000000e+03 7.276629864433115802e-10
2.688000000000000000e+03 7.055354437129023671e-11
2.752000000000000000e+03 7.055354437129023671e-11
2.816000000000000000e+03 7.055354437129023671e-11
2.880000000000000000e+03 6.924746325426743217e-11
2.944000000000000000e+03 6.481341608261019297e-11
3.008000000000000000e+03 2.004211700710468671e-11
3.072000000000000000e+03 2.004211700710468671e-11
3.136000000000000000e+03 2.004211700710468671e-11
3.200000000000000000e+03 1.143076023993170884e-12
3.264000000000000000e+03 1.143076023993170884e-12
3.328000000000000000e+03 1.143076023993170884e-12
3.392000000000000000e+03 1.143076023993170884e-12
3.456000000000000000e+03 1.143076023993170884e-12
3.520000000000000000e+03 1.143076023993170884e-12
3.584000000000000000e+03 6.613412848248722750e-13
3.648000000000000000e+03 6.613412848248722750e-13
3.712000000000000000e+03 6.613412848248722750e-13
3.776000000000000000e+03 2.057741862506779144e-13
3.840000000000000000e+03 5.619775977209883774e-14
3.904000000000000000e+03 5.619775977209883774e-14
3.968000000000000000e+03 1.265520488691229757e-14
4.032000000000000000e+03 1.265520488691229757e-14
4.096000000000000000e+03 1.265520488691229757e-14
4.160000000000000000e+03 5.357278565828421112e-15
4.224000000000000000e+03 5.357278565828421112e-15
4.288000000000000000e+03 1.795950040946772239e-15
4.352000000000000000e+03 1.492472537345110966e-16
4.416000000000000000e+03 1.492472537345110966e-16
4.480000000000000000e+03 1.492472537345110966e-16
4.544000000000000000e+03 1.492472537345110966e-16
4.608000000000000000e+03 1.492472537345110966e-16
4.672000000000000000e+03 1.492472537345110966e-16
4.736000000000000000e+03 1.492472537345110966e-16
4.800000000000000000e+03 3.487985193856378146e-17
4.864000000000000000e+03 3.487985193856378146e-17
4.928000000000000000e+03 3.487985193856378146e-17
4.992000000000000000e+03 3.097914244697255303e-18
5.056000000000000000e+03 3.097914244697255303e-18
5.120000000000000000e+03 3.097914244697255303e-18
5.184000000000000000e+03 3.097914244697255303e-18
5.248000000000000000e+03 2.091591794076733607e-18
5.312000000000000000e+03 2.091591794076733607e-18
5.376000000000000000e+03 2.091591794076733607e-18
5.440000000000000000e+03 2.091591794076733607e-18
5.504000000000000000e+03 2.091591794076733607e-18
5.568000000000000000e+03 5.480903801235638291e-19
5.632000000000000000e+03 4.267772884150360948e-19
5.696000000000000000e+03 6.907544078760077431e-20
5.760000000000000000e+03 2.515098047742801580e-20
5.824000000000000000e+03 6.025339218063550947e-21
5.888000000000000000e+03 6.025339218063550947e-21
5.952000000000000000e+03 5.188113755274601829e-22
6.016000000000000000e+03 5.188113755274601829e-22
6.080000000000000000e+03 5.188113755274601829e-22
6.144000000000000000e+03 5.188113755274601829e-22
6.208000000000000000e+03 5.188113755274601829e-22
6.272000000000000000e+03 1.239165212320682798e-22
6.336000000000000000e+03 7.890144666920984950e-23
6.400000000000000000e+03 7.890144666920984950e-23
6.464000000000000000e+03 7.890144666920984950e-23
6.528000000000000000e+03 7.890144666920984950e-23
6.592000000000000000e+03 7.890144666920984950e-23
6.656000000000000000e+03 6.920191866518576915e-23
6.720000000000000000e+03 4.195185489142885299e-23
6.784000000000000000e+03 1.235318759134070409e-23
6.848000000000000000e+03 1.952116344306724517e-24
6.912000000000000000e+03 1.952116344306724517e-24
6.976000000000000000e+03 5.613258116340933923e-25
7.040000000000000000e+03 5.613258116340933923e-25
7.104000000000000000e+03 5.613258116340933923e-25
7.168000000000000000e+03 5.613258116340933923e-25
7.232000000000000000e+03 5.613258116340933923e-25
7.296000000000000000e+03 5.613258116340933923e-25
7.360000000000000000e+03 5.613258116340933923e-25
7.424000000000000000e+03 5.613258116340933923e-25
7.488000000000000000e+03 1.773880591925906686e-25
7.552000000000000000e+03 5.924980188421279338e-27
7.616000000000000000e+03 5.924980188421279338e-27
7.680000000000000000e+03 5.924980188421279338e-27
7.744000000000000000e+03 5.924980188421279338e-27
7.808000000000000000e+03 2.708211401051902748e-27
7.872000000000000000e+03 2.708211401051902748e-27
7.936000000000000000e+03 2.708211401051902748e-27
8.000000000000000000e+03 2.708211401051902748e-27
8.064000000000000000e+03 2.708211401051902748e-27
8.128000000000000000e+03 4.823895584613760824e-28
8.192000000000000000e+03 4.823895584613760824e-28
8.256000000000000000e+03 4.823895584613760824e-28
8.320000000000000000e+03 3.472742476776443660e-28
8.384000000000000000e+03 3.472742476776443660e-28
8.448000000000000000e+03 4.724730257261685444e-29
8.512000000000000000e+03 4.724730257261685444e-29
8.576000000000000000e+03 4.724730257261685444e-29
8.640000000000000000e+03 2.576698272874526108e-29
8.704000000000000000e+03 2.576698272874526108e-29
8.768000000000000000e+03 4.897885718634356132e-30
8.832000000000000000e+03 4.897885718634356132e-30
8.896000000000000000e+03 8.804418120423057255e-31
8.960000000000000000e+03 5.230869355657523349e-31
9.024000000000000000e+03 1.986041187575987844e-31
9.088000000000000000e+03 2.294145275627024038e-32
9.152000000000000000e+03 2.294145275627024038e-32
9.216000000000000000e+03 2.294145275627024038e-32
9.280000000000000000e+03 2.294145275627024038e-32
9.344000000000000000e+03 2.294145275627024038e-32
9.408000000000000000e+03 1.027405963764699751e-32
9.472000000000000000e+03 1.027405963764699751e-32
9.536000000000000000e+03 1.027405963764699751e-32
9.600000000000000000e+03 9.005400870776478352e-33
9.664000000000000000e+03 9.005400870776478352e-33
9.728000000000000000e+03 5.929439400423667948e-33
9.792000000000000000e+03 4.089791108714371688e-33
9.856000000000000000e+03 4.089791108714371688e-33
9.920000000000000000e+03 4.436496354697548936e-34
9.984000000000000000e+03 4.436496354697548936e-34
1.004800000000000000e+04 4.119852215240020548e-34
1.011200000000000000e+04 4.119852215240020548e-34
1.017600000000000000e+04 4.119852215240020548e-34
1.024000000000000000e+04 4.119852215240020548e-34
1.030400000000000000e+04 7.312962644801696509e-37
1.036800000000000000e+04 7.312962644801696509e-37
1.043200000000000000e+04 7.312962644801696509e-37
1.049600000000000000e+04 7.312962644801696509e-37
1.056000000000000000e+04 7.312962644801696509e-37
1.062400000000000000e+04 7.312962644801696509e-37
1.068800000000000000e+04 7.312962644801696509e-37
1.075200000000000000e+04 7.312962644801696509e-37
1.081600000000000000e+04 7.312962644801696509e-37
1.088000000000000000e+04 7.312962644801696509e-37
1.094400000000000000e+04 7.312962644801696509e-37
1.100800000000000000e+04 7.312962644801696509e-37
1.107200000000000000e+04 2.464390904108636723e-37
1.113600000000000000e+04 2.464390904108636723e-37
1.120000000000000000e+04 1.496443024120456036e-37
1.126400000000000000e+04 1.496443024120456036e-37
1.132800000000000000e+04 1.496443024120456036e-37
1.139200000000000000e+04 9.843466480352540306e-38
1.145600000000000000e+04 7.996007637180645417e-38
1.152000000000000000e+04 1.543545166522760280e-38
1.158400000000000000e+04 1.543545166522760280e-38
1.164800000000000000e+04 1.543545166522760280e-38
1.171200000000000000e+04 9.085190281435177919e-39
1.177600000000000000e+04 5.814480995173908101e-39
1.184000000000000000e+04 5.814480995173908101e-39
1.190400000000000000e+04 1.344460591981606552e-39
1.196800000000000000e+04 1.160439657090823070e-39
1.203200000000000000e+04 1.045936849641695326e-40
1.209600000000000000e+04 2.891500222176825829e-41
1.216000000000000000e+04 1.119677030568748115e-41
1.222400000000000000e+04 1.119677030568748115e-41
1.228800000000000000e+04 1.119677030568748115e-41
1.235200000000000000e+04 1.119677030568748115e-41
1.241600000000000000e+04 1.119677030568748115e-41
1.248000000000000000e+04 1.119677030568748115e-41
1.254400000000000000e+04 3.388908568615324863e-42
1.260800000000000000e+04 3.388908568615324863e-42
1.267200000000000000e+04 2.993682618453900926e-42
1.273600000000000000e+04 1.695012271480177206e-42
1.280000000000000000e+04 1.695012271480177206e-42
1.286400000000000000e+04 1.405796621128833192e-42
1.292800000000000000e+04 8.424650408016658463e-44
1.299200000000000000e+04 8.424650408016658463e-44
1.305600000000000000e+04 3.558260794772596632e-44
1.312000000000000000e+04 3.558260794772596632e-44
1.318400000000000000e+04 3.558260794772596632e-44
1.324800000000000000e+04 3.558260794772596632e-44
1.331200000000000000e+04 3.558260794772596632e-44
1.337600000000000000e+04 1.566177112261272071e-44
1.344000000000000000e+04 1.566177112261272071e-44
1.350400000000000000e+04 3.970345990456851115e-45
1.356800000000000000e+04 2.416566143433675137e-45
1.363200000000000000e+04 1.542211713153881970e-45
1.369600000000000000e+04 1.177971643467154761e-45
1.376000000000000000e+04 1.177971643467154761e-45
1.382400000000000000e+04 1.177971643467154761e-45
1.388800000000000000e+04 1.177971643467154761e-45
1.395200000000000000e+04 7.577437794449418299e-46
1.401600000000000000e+04 7.577437794449418299e-46
1.408000000000000000e+04 7.577437794449418299e-46
1.414400000000000000e+04 9.087402008773985284e-47
1.420800000000000000e+04 5.829730914973345775e-47
1.427200000000000000e+04 5.829730914973345775e-47
1.433600000000000000e+04 4.895828640110033229e-47
1.440000000000000000e+04 2.438888258914095463e-47
1.446400000000000000e+04 7.179756508681483298e-48
1.452800000000000000e+04 7.179756508681483298e-48
1.459200000000000000e+04 2.832566004407144698e-48
1.465600000000000000e+04 2.832566004407144698e-48
1.472000000000000000e+04 2.566949636656232011e-49
1.478400000000000000e+04 2.566949636656232011e-49
1.484800000000000000e+04 2.566949636656232011e-49
1.491200000000000000e+04 2.566949636656232011e-49
1.497600000000000000e+04 2.566949636656232011e-49
1.504000000000000000e+04 1.077736305471991751e-49
1.510400000000000000e+04 1.077736305471991751e-49
1.516800000000000000e+04 9.714006334773336697e-50
1.523200000000000000e+04 5.050030293073508908e-50
1.529600000000000000e+04 5.050030293073508908e-50
1.536000000000000000e+04 9.503288797067858181e-51
1.542400000000000000e+04 6.905318196522105319e-51
1.548800000000000000e+04 6.242649358082060503e-51
1.555200000000000000e+04 6.058309022398490399e-51
1.561600000000000000e+04 2.817748035587090096e-51
1.568000000000000000e+04 2.817748035587090096e-51
1.574400000000000000e+04 2.817748035587090096e-51
1.580800000000000000e+04 1.940919873972228590e-51
1.587200000000000000e+04 5.433790427260087240e-52
1.593600000000000000e+04 5.433790427260087240e-52
1.600000000000000000e+04 3.358214324029155888e-52
1.606400000000000000e+04 3.358214324029155888e-52
1.612800000000000000e+04 1.228858946879615314e-52
1.619200000000000000e+04 2.391738890334862191e-53
1.625600000000000000e+04 2.391738890334862191e-53
1.632000000000000000e+04 2.391738890334862191e-53
1.638400000000000000e+04 2.391738890334862191e-53
1.644800000000000000e+04 9.749902366150858286e-55
1.651200000000000000e+04 9.749902366150858286e-55
1.657600000000000000e+04 9.749902366150858286e-55
1.664000000000000000e+04 9.749902366150858286e-55
1.670400000000000000e+04 3.101171734592375720e-55
1.676800000000000000e+04 3.101171734592375720e-55
1.683200000000000000e+04 2.857746971747090013e-55
1.689600000000000000e+04 2.857746971747090013e-55
1.696000000000000000e+04 5.843454756495297426e-56
1.702400000000000000e+04 5.843454756495297426e-56
1.708800000000000000e+04 5.843454756495297426e-56
1.715200000000000000e+04 3.500451605813928513e-56
1.721600000000000000e+04 3.500451605813928513e-56
1.728000000000000000e+04 3.500451605813928513e-56
1.734400000000000000e+04 3.500451605813928513e-56
1.740800000000000000e+04 1.988386361308343785e-56
1.747200000000000000e+04 7.573167646047840097e-58
1.753600000000000000e+04 7.573167646047840097e-58
1.760000000000000000e+04 7.573167646047840097e-58
1.766400000000000000e+04 7.573167646047840097e-58
1.772800000000000000e+04 4.239241725192169446e-58
1.779200000000000000e+04 4.239241725192169446e-58
1.785600000000000000e+04 4.239241725192169446e-58
1.792000000000000000e+04 1.519860599875556038e-59
1.798400000000000000e+04 1.519860599875556038e-59
1.804800000000000000e+04 6.304790789979497656e-60
1.811200000000000000e+04 6.304790789979497656e-60
1.817600000000000000e+04 6.304790789979497656e-60
1.824000000000000000e+04 6.304790789979497656e-60
1.830400000000000000e+04 6.304790789979497656e-60
1.836800000000000000e+04 2.724814673862642381e-60
1.843200000000000000e+04 1.681349383377430156e-60
1.849600000000000000e+04 6.043712117236162775e-61
1.856000000000000000e+04 6.043712117236162775e-61
1.862400000000000000e+04 6.043712117236162775e-61
1.868800000000000000e+04 5.942901718571517044e-61
1.875200000000000000e+04 5.942901718571517044e-61
1.881600000000000000e+04 5.942901718571517044e-61
1.888000000000000000e+04 9.427992305785473268e-62
1.894400000000000000e+04 9.427992305785473268e-62
1.900800000000000000e+04 9.427992305785473268e-62
1.907200000000000000e+04 9.427992305785473268e-62
1.913600000000000000e+04 4.237002667227170822e-62
1.920000000000000000e+04 1.055168933763249993e-62
1.926400000000000000e+04 1.055168933763249993e-62
1.932800000000000000e+04 1.055168933763249993e-62
1.939200000000000000e+04 7.237091487963410066e-63
1.945600000000000000e+04 9.736637631160279286e-64
1.952000000000000000e+04 9.736637631160279286e-64
1.958400000000000000e+04 9.736637631160279286e-64
1.964800000000000000e+04 9.736637631160279286e-64
1.971200000000000000e+04 6.663713378918707530e-64
1.977600000000000000e+04 2.673188824894946906e-64
1.984000000000000000e+04 7.024564817620973184e-65
1.990400000000000000e+04 3.952818868350747668e-65
1.996800000000000000e+04 3.952818868350747668e-65
2.003200000000000000e+04 3.952818868350747668e-65
2.009600000000000000e+04 3.952818868350747668e-65
2.016000000000000000e+04 3.952818868350747668e-65
2.022400000000000000e+04 3.952818868350747668e-65
2.028800000000000000e+04 1.047865991869992153e-66
2.035200000000000000e+04 1.047865991869992153e-66
2.041600000000000000e+04 4.276355581157344104e-67
2.048000000000000000e+04 4.276355581157344104e-67
2.054400000000000000e+04 4.276355581157344104e-67
2.060800000000000000e+04 4.276355581157344104e-67
2.067200000000000000e+04 4.276355581157344104e-67
2.073600000000000000e+04 2.328726106134056786e-67
2.080000000000000000e+04 2.328726106134056786e-67
2.086400000000000000e+04 7.360365705383364263e-68
2.092800000000000000e+04 1.782693028568910836e-68
2.099200000000000000e+04 1.782693028568910836e-68
2.105600000000000000e+04 1.782693028568910836e-68
2.112000000000000000e+04 1.782693028568910836e-68
2.118400000000000000e+04 1.550886808830634305e-68
2.124800000000000000e+04 9.789249982683390648e-69
2.131200000000000000e+04 9.789249982683390648e-69
2.137600000000000000e+04 9.789249982683390648e-69
2.144000000000000000e+04 2.094204273418126425e-69
2.150400000000000000e+04 2.094204273418126425e-69
2.156800000000000000e+04 2.094204273418126425e-69
2.163200000000000000e+04 8.262153539659292983e-70
2.169600000000000000e+04 4.583622888681566464e-70
2.176000000000000000e+04 2.874744526824082865e-70
2.182400000000000000e+04 2.574747633295893243e-70
2.188800000000000000e+04 1.053543474938813350e-70
2.195200000000000000e+04 1.053543474938813350e-70
2.201600000000000000e+04 9.388363317704065854e-71
2.208000000000000000e+04 1.691922770719712660e-71
2.214400000000000000e+04 8.446649131251967111e-72
2.220800000000000000e+04 2.620522502150106421e-72
2.227200000000000000e+04 2.620522502150106421e-72
2.233600000000000000e+04 2.620522502150106421e-72
2.240000000000000000e+04 2.620522502150106421e-72
2.246400000000000000e+04 1.649691248336858451e-72
2.252800000000000000e+04 1.490249938790894302e-72
2.259200000000000000e+04 4.877729357268328833e-73
2.265600000000000000e+04 2.103077973771681566e-73
2.272000000000000000e+04 2.103077973771681566e-73
2.278400000000000000e+04 1.180563577385138135e-73
2.284800000000000000e+04 1.180563577385138135e-73
2.291200000000000000e+04 2.877594857214382628e-75
2.297600000000000000e+04 9.150536596561654357e-76
2.304000000000000000e+04 9.150536596561654357e-76
2.310400000000000000e+04 9.150536596561654357e-76
2.316800000000000000e+04 9.150536596561654357e-76
2.323200000000000000e+04 9.150536596561654357e-76
2.329600000000000000e+04 6.254775748292911857e-76
2.336000000000000000e+04 6.254775748292911857e-76
2.342400000000000000e+04 6.254775748292911857e-76
2.348800000000000000e+04 1.992951490569353268e-76
2.355200000000000000e+04 1.525240748688478584e-76
2.361600000000000000e+04 1.781426568601411835e-77
2.368000000000000000e+04 1.781426568601411835e-77
2.374400000000000000e+04 1.781426568601411835e-77
2.380800000000000000e+04 1.781426568601411835e-77
2.387200000000000000e+04 1.781426568601411835e-77
2.393600000000000000e+04 1.781426568601411835e-77
2.400000000000000000e+04 4.567157548326536290e-78
2.406400000000000000e+04 4.567157548326536290e-78
2.412800000000000000e+04 4.567157548326536290e-78
2.419200000000000000e+04 2.480434275051469875e-78
2.425600000000000000e+04 5.174232303152961199e-79
2.432000000000000000e+04 5.174232303152961199e-79
2.438400000000000000e+04 1.229026638361801188e-79
2.444800000000000000e+04 1.229026638361801188e-79
2.451200000000000000e+04 6.728755692927759105e-80
2.457600000000000000e+04 6.728755692927759105e-80
2.464000000000000000e+04 2.790099631830618634e-80
2.470400000000000000e+04 2.790099631830618634e-80
2.476800000000000000e+04 3.765485516140642292e-82
2.483200000000000000e+04 3.765485516140642292e-82
2.489600000000000000e+04 3.765485516140642292e-82
2.496000000000000000e+04 3.765485516140642292e-82
2.502400000000000000e+04 3.765485516140642292e-82
2.508800000000000000e+04 3.765485516140642292e-82
2.515200000000000000e+04 2.023833106864822244e-82
2.521600000000000000e+04 2.023833106864822244e-82
2.528000000000000000e+04 2.023833106864822244e-82
2.534400000000000000e+04 2.023833106864822244e-82
2.540800000000000000e+04 8.163446522086310225e-83
2.547200000000000000e+04 8.163446522086310225e-83
2.553600000000000000e+04 8.163446522086310225e-83
2.560000000000000000e+04 2.049538880557961775e-83
2.566400000000000000e+04 1.158683200718079011e-83
2.572800000000000000e+04 3.878214056250545856e-84
2.579200000000000000e+04 3.878214056250545856e-84
2.585600000000000000e+04 1.505679417727149218e-84
2.592000000000000000e+04 1.505679417727149218e-84
2.598400000000000000e+04 2.119754760819976243e-85
2.604800000000000000e+04 1.244712008662482487e-85
2.611200000000000000e+04 1.244712008662482487e-85
2.617600000000000000e+04 1.244712008662482487e-85
2.624000000000000000e+04 1.244712008662482487e-85
2.630400000000000000e+04 1.244712008662482487e-85
2.636800000000000000e+04 1.244712008662482487e-85
2.643200000000000000e+04 1.244712008662482487e-85
2.649600000000000000e+04 9.041235029887285586e-86
2.656000000000000000e+04 4.661843797350044876e-87
2.662400000000000000e+04 4.661843797350044876e-87
2.668800000000000000e+04 4.661843797350044876e-87
2.675200000000000000e+04 4.661843797350044876e-87
2.681600000000000000e+04 4.661843797350044876e-87
2.688000000000000000e+04 4.661843797350044876e-87
2.694400000000000000e+04 4.661843797350044876e-87
2.700800000000000000e+04 1.060892918903002953e-87
2.707200000000000000e+04 1.060892918903002953e-87
2.713600000000000000e+04 1.060892918903002953e-87
2.720000000000000000e+04 8.791675266370985020e-88
2.726400000000000000e+04 4.347047671210740165e-89
2.732800000000000000e+04 1.583136995338997561e-89
2.739200000000000000e+04 1.583136995338997561e-89
2.745600000000000000e+04 1.583136995338997561e-89
2.752000000000000000e+04 1.583136995338997561e-89
2.758400000000000000e+04 1.583136995338997561e-89
2.764800000000000000e+04 1.583136995338997561e-89
2.771200000000000000e+04 8.047902702114645404e-90
2.777600000000000000e+04 1.812620303545247956e-90
2.784000000000000000e+04 1.812620303545247956e-90
2.790400000000000000e+04 1.812620303545247956e-90
2.796800000000000000e+04 1.812620303545247956e-90
2.803200000000000000e+04 1.812620303545247956e-90
2.809600000000000000e+04 1.298158433093512820e-90
2.816000000000000000e+04 1.298158433093512820e-90
2.822400000000000000e+04 3.654295110148741148e-91
2.828800000000000000e+04 8.775587665841852669e-92
2.835200000000000000e+04 8.775587665841852669e-92
2.841600000000000000e+04 2.080614857214370529e-92
2.848000000000000000e+04 2.080614857214370529e-92
2.854400000000000000e+04 6.200112428216145917e-93
2.860800000000000000e+04 6.200112428216145917e-93
2.867200000000000000e+04 2.591384417478007061e-93
2.873600000000000000e+04 2.591384417478007061e-93
2.880000000000000000e+04 9.733227345869971654e-94
2.886400000000000000e+04 9.733227345869971654e-94
2.892800000000000000e+04 9.733227345869971654e-94
2.899200000000000000e+04 1.667109254896476884e-94
2.905600000000000000e+04 1.667109254896476884e-94
2.912000000000000000e+04 1.667109254896476884e-94
2.918400000000000000e+04 1.667109254896476884e-94
2.924800000000000000e+04 1.667109254896476884e-94
2.931200000000000000e+04 8.586224471670807543e-95
2.937600000000000000e+04 5.383138755001321357e-95
2.944000000000000000e+04 5.383138755001321357e-95
2.950400000000000000e+04 5.383138755001321357e-95
2.956800000000000000e+04 1.356264763528289624e-95
2.963200000000000000e+04 1.356264763528289624e-95
2.969600000000000000e+04 4.009607089837740734e-96
2.976000000000000000e+04 4.009607089837740734e-96
2.982400000000000000e+04 4.009607089837740734e-96
2.988800000000000000e+04 4.009607089837740734e-96
2.995200000000000000e+04 4.009607089837740734e-96
3.001600000000000000e+04 5.668035680657811532e-98
3.008000000000000000e+04 4.804346304993103891e-98
3.014400000000000000e+04 4.804346304993103891e-98
3.020800000000000000e+04 4.804346304993103891e-98
3.027200000000000000e+04 4.804346304993103891e-98
3.033600000000000000e+04 4.804346304993103891e-98
3.040000000000000000e+04 4.804346304993103891e-98
3.046400000000000000e+04 3.657196188473080563e-98
3.052800000000000000e+04 2.317263161331527441e-98
3.059200000000000000e+04 2.317263161331527441e-98
3.065600000000000000e+04 2.317263161331527441e-98
3.072000000000000000e+04 8.683109758166163548e-99
3.078400000000000000e+04 8.683109758166163548e-99
3.084800000000000000e+04 1.822813938856002757e-99
3.091200000000000000e+04 1.822813938856002757e-99
3.097600000000000000e+04 1.822813938856002757e-99
3.104000000000000000e+04 1.822813938856002757e-99
3.110400000000000000e+04 1.822813938856002757e-99
3.116800000000000000e+04 1.796078096104503606e-100
3.123200000000000000e+04 7.594141747983752054e-101
3.129600000000000000e+04 7.594141747983752054e-101
3.136000000000000000e+04 7.594141747983752054e-101
3.142400000000000000e+04 1.193600892824913356e-101
3.148800000000000000e+04 1.193600892824913356e-101
3.155200000000000000e+04 1.193600892824913356e-101
3.161600000000000000e+04 1.193600892824913356e-101
3.168000000000000000e+04 2.518994581140183078e-102
3.174400000000000000e+04 2.518994581140183078e-102
3.180800000000000000e+04 2.171093905564028881e-102
3.187200000000000000e+04 2.171093905564028881e-102
3.193600000000000000e+04 2.171093905564028881e-102
3.200000000000000000e+04 2.171093905564028881e-102
3.206400000000000000e+04 1.235671680991420105e-102
3.212800000000000000e+04 4.949618745635218288e-103
3.219200000000000000e+04 4.949618745635218288e-103
3.225600000000000000e+04 3.873090616311925595e-103
3.232000000000000000e+04 2.281489431885349436e-103
3.238400000000000000e+04 1.447684467436265215e-103
3.244800000000000000e+04 1.447684467436265215e-103
3.251200000000000000e+04 1.203803140073554364e-105
3.257600000000000000e+04 1.203803140073554364e-105
3.264000000000000000e+04 1.203803140073554364e-105
3.270400000000000000e+04 1.203803140073554364e-105
3.276800000000000000e+04 1.203803140073554364e-105
3.283200000000000000e+04 6.138291767570955703e-106
3.289600000000000000e+04 2.794311157035139517e-106
3.296000000000000000e+04 2.794311157035139517e-106
3.302400000000000000e+04 2.794311157035139517e-106
3.308800000000000000e+04 2.794311157035139517e-106
3.315200000000000000e+04 2.661483893815940259e-106
3.321600000000000000e+04 2.661483893815940259e-106
3.328000000000000000e+04 1.078181333689282738e-107
3.334400000000000000e+04 1.078181333689282738e-107
3.340800000000000000e+04 1.078181333689282738e-107
3.347200000000000000e+04 1.078181333689282738e-107
3.353600000000000000e+04 8.140316668987098771e-108
3.360000000000000000e+04 8.140316668987098771e-108
3.366400000000000000e+04 8.140316668987098771e-108
3.372800000000000000e+04 1.245182620481644194e-108
3.379200000000000000e+04 1.245182620481644194e-108
3.385600000000000000e+04 1.245182620481644194e-108
3.392000000000000000e+04 1.245182620481644194e-108
3.398400000000000000e+04 1.245182620481644194e-108
3.404800000000000000e+04 1.245182620481644194e-108
3.411200000000000000e+04 1.245182620481644194e-108
3.417600000000000000e+04 3.203888002235895017e-109
3.424000000000000000e+04 3.203888002235895017e-109
3.430400000000000000e+04 2.602835357038776868e-109
3.436800000000000000e+04 9.547972918406047831e-110
3.443200000000000000e+04 8.593302127556450443e-111
3.449600000000000000e+04 8.593302127556450443e-111
3.456000000000000000e+04 8.593302127556450443e-111
3.462400000000000000e+04 8.593302127556450443e-111
3.468800000000000000e+04 7.116433364246983987e-111
3.475200000000000000e+04 3.440697850177030818e-111
3.481600000000000000e+04 8.266026404882138745e-112
3.488000000000000000e+04 6.488203728386101550e-112
3.494400000000000000e+04 6.488203728386101550e-112
3.500800000000000000e+04 6.488203728386101550e-112
3.507200000000000000e+04 3.173441713854731766e-112
3.513600000000000000e+04 1.469065779987335882e-112
3.520000000000000000e+04 1.469065779987335882e-112
3.526400000000000000e+04 4.575486678556086104e-113
3.532800000000000000e+04 4.575486678556086104e-113
3.539200000000000000e+04 4.575486678556086104e-113
3.545600000000000000e+04 1.734491607291473515e-113
3.552000000000000000e+04 1.734491607291473515e-113
3.558400000000000000e+04 2.125398345065592331e-114
3.564800000000000000e+04 1.338370322192219077e-114
3.571200000000000000e+04 9.593317124211310667e-115
3.577600000000000000e+04 9.593317124211310667e-115
3.584000000000000000e+04 8.220345200968783391e-115
3.590400000000000000e+04 1.200462868157357629e-115
3.596800000000000000e+04 1.200462868157357629e-115
3.603200000000000000e+04 1.200462868157357629e-115
3.609600000000000000e+04 1.154278471041781486e-115
3.616000000000000000e+04 4.023350330182729096e-117
3.622400000000000000e+04 4.023350330182729096e-117
3.628800000000000000e+04 3.506824932008855315e-117
3.635200000000000000e+04 3.506824932008855315e-117
3.641600000000000000e+04 3.506824932008855315e-117
3.648000000000000000e+04 2.570067997724849342e-117
3.654400000000000000e+04 2.570067997724849342e-117
3.660800000000000000e+04 2.570067997724849342e-117
3.667200000000000000e+04 1.999965865616760955e-117
3.673600000000000000e+04 1.999965865616760955e-117
3.680000000000000000e+04 4.795219236743247367e-118
3.686400000000000000e+04 4.795219236743247367e-118
3.692800000000000000e+04 1.733830487736784372e-118
3.699200000000000000e+04 1.733830487736784372e-118
3.705600000000000000e+04 1.733830487736784372e-118
3.712000000000000000e+04 9.791048960197178572e-119
3.718400000000000000e+04 9.791048960197178572e-119
3.724800000000000000e+04 7.729997468361789547e-120
3.731200000000000000e+04 7.729997468361789547e-120
3.737600000000000000e+04 7.729997468361789547e-120
3.744000000000000000e+04 6.195491067065628235e-120
3.750400000000000000e+04 2.189266408828240987e-120
3.756800000000000000e+04 2.189266408828240987e-120
3.763200000000000000e+04 2.189266408828240987e-120
3.769600000000000000e+04 2.189266408828240987e-120
3.776000000000000000e+04 2.508860464716436440e-121
3.782400000000000000e+04 2.508860464716436440e-121
3.788800000000000000e+04 9.709675484677808521e-122
3.795200000000000000e+04 9.709675484677808521e-122
3.801600000000000000e+04 3.849689290451756617e-122
3.808000000000000000e+04 3.849689290451756617e-122
3.814400000000000000e+04 3.849689290451756617e-122
3.820800000000000000e+04 3.849689290451756617e-122
3.827200000000000000e+04 3.849689290451756617e-122
3.833600000000000000e+04 7.750734925290883897e-123
3.840000000000000000e+04 2.860446000190375386e-123
3.846400000000000000e+04 2.860446000190375386e-123
3.852800000000000000e+04 2.860446000190375386e-123
3.859200000000000000e+04 2.860446000190375386e-123
3.865600000000000000e+04 1.240020160596777865e-123
3.872000000000000000e+04 1.066588764000415784e-123
3.878400000000000000e+04 6.513652824747996001e-124
3.884800000000000000e+04 6.513652824747996001e-124
3.891200000000000000e+04 5.345944453771262974e-124
3.897600000000000000e+04 7.012867603722166267e-125
3.904000000000000000e+04 7.012867603722166267e-125
3.910400000000000000e+04 5.370062930849349171e-125
3.916800000000000000e+04 1.001936390719806347e-125
3.923200000000000000e+04 1.001936390719806347e-125
3.929600000000000000e+04 1.001936390719806347e-125
3.936000000000000000e+04 1.429302362444287758e-126
3.942400000000000000e+04 1.429302362444287758e-126
3.948800000000000000e+04 1.429302362444287758e-126
3.955200000000000000e+04 1.429302362444287758e-126
3.961600000000000000e+04 1.063196010248154235e-126
3.968000000000000000e+04 1.015754265200373474e-126
3.974400000000000000e+04 3.202106005948563928e-127
3.980800000000000000e+04 3.202106005948563928e-127
3.987200000000000000e+04 3.202106005948563928e-127
3.993600000000000000e+04 3.593268088223847753e-128
4.000000000000000000e+04 3.593268088223847753e-128
4.006400000000000000e+04 3.593268088223847753e-128
4.012800000000000000e+04 3.593268088223847753e-128
4.019200000000000000e+04 3.593268088223847753e-128
4.025600000000000000e+04 4.821383714946713502e-129
4.032000000000000000e+04 4.821383714946713502e-129
4.038400000000000000e+04 4.821383714946713502e-129
4.044800000000000000e+04 4.546535486045081404e-129
4.051200000000000000e+04 4.546535486045081404e-129
4.057600000000000000e+04 4.546535486045081404e-129
4.064000000000000000e+04 4.198820367872530087e-129
4.070400000000000000e+04 2.227705468411193585e-129
4.076800000000000000e+04 7.108013983842792303e-130
4.083200000000000000e+04 1.099353028707996792e-130
4.089600000000000000e+04 1.048560696247319620e-130
4.096000000000000000e+04 1.048560696247319620e-130
4.102400000000000000e+04 1.696777752823919739e-131
4.108800000000000000e+04 1.696777752823919739e-131
4.115200000000000000e+04 1.696777752823919739e-131
4.121600000000000000e+04 1.696777752823919739e-131
4.128000000000000000e+04 1.696777752823919739e-131
4.134400000000000000e+04 4.543190907668390113e-132
4.140800000000000000e+04 4.543190907668390113e-132
4.147200000000000000e+04 4.543190907668390113e-132
4.153600000000000000e+04 4.543190907668390113e-132
4.160000000000000000e+04 3.286362453033995856e-133
4.166400000000000000e+04 3.286362453033995856e-133
4.172800000000000000e+04 1.497900077054493846e-133
4.179200000000000000e+04 5.589253843810250907e-134
4.185600000000000000e+04 5.589253843810250907e-134
4.192000000000000000e+04 5.589253843810250907e-134
4.198400000000000000e+04 5.589253843810250907e-134
4.204800000000000000e+04 5.589253843810250907e-134
4.211200000000000000e+04 5.589253843810250907e-134
4.217600000000000000e+04 1.213356496697899042e-134
4.224000000000000000e+04 1.213356496697899042e-134
4.230400000000000000e+04 1.213356496697899042e-134
4.236800000000000000e+04 1.388775714029670317e-135
4.243200000000000000e+04 1.388775714029670317e-135
4.249600000000000000e+04 1.388775714029670317e-135
4.256000000000000000e+04 1.070782669291012240e-135
4.262400000000000000e+04 2.059858730729094049e-137
4.268800000000000000e+04 2.059858730729094049e-137
4.275200000000000000e+04 2.059858730729094049e-137
4.281600000000000000e+04 2.059858730729094049e-137
4.288000000000000000e+04 2.059858730729094049e-137
4.294400000000000000e+04 2.059858730729094049e-137
4.300800000000000000e+04 2.059858730729094049e-137
4.307200000000000000e+04 2.059858730729094049e-137
4.313600000000000000e+04 1.133431440711281001e-137
4.320000000000000000e+04 1.133431440711281001e-137
4.326400000000000000e+04 1.045264864182146353e-137
4.332800000000000000e+04 5.145541889783069784e-139
4.339200000000000000e+04 5.145541889783069784e-139
4.345600000000000000e+04 5.145541889783069784e-139
4.352000000000000000e+04 5.145541889783069784e-139
4.358400000000000000e+04 3.072221785501947405e-139
4.364800000000000000e+04 3.072221785501947405e-139
4.371200000000000000e+04 3.072221785501947405e-139
4.377600000000000000e+04 3.072221785501947405e-139
4.384000000000000000e+04 5.823325457675777078e-140
4.390400000000000000e+04 5.823325457675777078e-140
4.396800000000000000e+04 1.005959447228236691e-140
4.403200000000000000e+04 1.005959447228236691e-140
4.409600000000000000e+04 1.005959447228236691e-140
4.416000000000000000e+04 1.005959447228236691e-140
4.422400000000000000e+04 1.005959447228236691e-140
4.428800000000000000e+04 1.540212716021510131e-141
4.435200000000000000e+04 1.540212716021510131e-141
4.441600000000000000e+04 2.946000396032887403e-142
4.448000000000000000e+04 2.946000396032887403e-142
4.454400000000000000e+04 2.946000396032887403e-142
4.460800000000000000e+04 2.946000396032887403e-142
4.467200000000000000e+04 2.946000396032887403e-142
4.473600000000000000e+04 2.946000396032887403e-142
4.480000000000000000e+04 2.946000396032887403e-142
4.486400000000000000e+04 1.572066707171846426e-142
4.492800000000000000e+04 6.591695112615757065e-143
4.499200000000000000e+04 6.591695112615757065e-143
4.505600000000000000e+04 6.591695112615757065e-143
4.512000000000000000e+04 5.663998027674817415e-143
4.518400000000000000e+04 1.210170569153137642e-143
4.524800000000000000e+04 8.271901610202581838e-145
4.531200000000000000e+04 8.271901610202581838e-145
4.537600000000000000e+04 8.271901610202581838e-145
4.544000000000000000e+04 2.334810546273916747e-146
4.550400000000000000e+04 2.334810546273916747e-146
4.556800000000000000e+04 2.334810546273916747e-146
4.563200000000000000e+04 2.334810546273916747e-146
4.569600000000000000e+04 2.334810546273916747e-146
4.576000000000000000e+04 2.334810546273916747e-146
4.582400000000000000e+04 2.334810546273916747e-146
4.588800000000000000e+04 2.334810546273916747e-146
4.595200000000000000e+04 1.950549660687864578e-146
4.601600000000000000e+04 1.950549660687864578e-146
4.608000000000000000e+04 4.855842200161317223e-147
4.614400000000000000e+04 2.780151738586398802e-147
4.620800000000000000e+04 2.780151738586398802e-147
4.627200000000000000e+04 1.955394403929937379e-147
4.633600000000000000e+04 1.955394403929937379e-147
4.640000000000000000e+04 1.152608648833465469e-148
4.646400000000000000e+04 1.152608648833465469e-148
4.652800000000000000e+04 1.152608648833465469e-148
4.659200000000000000e+04 1.152608648833465469e-148
4.665600000000000000e+04 1.152608648833465469e-148
4.672000000000000000e+04 2.211521170187782153e-149
4.678400000000000000e+04 2.211521170187782153e-149
4.684800000000000000e+04 2.211521170187782153e-149
4.691200000000000000e+04 2.211521170187782153e-149
4.697600000000000000e+04 2.211521170187782153e-149
4.704000000000000000e+04 1.462964503640048383e-149
4.710400000000000000e+04 6.549623154051525955e-150
4.716800000000000000e+04 3.029911463961970141e-151
4.723200000000000000e+04 3.029911463961970141e-151
4.729600000000000000e+04 3.029911463961970141e-151
4.736000000000000000e+04 3.029911463961970141e-151
4.742400000000000000e+04 3.029911463961970141e-151
4.748800000000000000e+04 3.029911463961970141e-151
4.755200000000000000e+04 3.029911463961970141e-151
4.761600000000000000e+04 3.029911463961970141e-151
4.768000000000000000e+04 3.029911463961970141e-151
4.774400000000000000e+04 8.709784824444475602e-152
4.780800000000000000e+04 3.339199090035364132e-152
4.787200000000000000e+04 3.819886921480063187e-153
4.793600000000000000e+04 3.819886921480063187e-153
4.800000000000000000e+04 3.819886921480063187e-153
4.806400000000000000e+04 3.819886921480063187e-153
4.812800000000000000e+04 3.819886921480063187e-153
4.819200000000000000e+04 7.125797884873701480e-154
4.825600000000000000e+04 1.932179664234168063e-154
4.832000000000000000e+04 1.570059333872367758e-154
4.838400000000000000e+04 1.570059333872367758e-154
4.844800000000000000e+04 1.570059333872367758e-154
4.851200000000000000e+04 5.401433210243387616e-155
4.857600000000000000e+04 5.401433210243387616e-155
4.864000000000000000e+04 2.807757320882815182e-155
4.870400000000000000e+04 2.807757320882815182e-155
4.876800000000000000e+04 1.403739341608671652e-156
4.883200000000000000e+04 1.403739341608671652e-156
4.889600000000000000e+04 1.403739341608671652e-156
4.896000000000000000e+04 1.403739341608671652e-156
4.902400000000000000e+04 1.403739341608671652e-156
4.908800000000000000e+04 1.403739341608671652e-156
4.915200000000000000e+04 1.403739341608671652e-156
4.921600000000000000e+04 1.949799221496583624e-158
4.928000000000000000e+04 1.949799221496583624e-158
4.934400000000000000e+04 1.949799221496583624e-158
4.940800000000000000e+04 1.949799221496583624e-158
4.947200000000000000e+04 1.719002224728765565e-158
4.953600000000000000e+04 1.719002224728765565e-158
4.960000000000000000e+04 1.719002224728765565e-158
4.966400000000000000e+04 1.672117783337394481e-158
4.972800000000000000e+04 1.672117783337394481e-158
4.979200000000000000e+04 5.133150014007685430e-159
4.985600000000000000e+04 5.133150014007685430e-159
4.992000000000000000e+04 1.752646621082426850e-159
4.998400000000000000e+04 1.752646621082426850e-159
5.004800000000000000e+04 1.752646621082426850e-159
5.011200000000000000e+04 1.752646621082426850e-159
5.017600000000000000e+04 3.759521445299670024e-160
5.024000000000000000e+04 3.759521445299670024e-160
5.030400000000000000e+04 1.490427954810535991e-160
5.036800000000000000e+04 1.490427954810535991e-160
5.043200000000000000e+04 1.490427954810535991e-160
5.049600000000000000e+04 6.898529630690650622e-162
5.056000000000000000e+04 6.898529630690650622e-162
5.062400000000000000e+04 6.898529630690650622e-162
5.068800000000000000e+04 6.898529630690650622e-162
5.075200000000000000e+04 6.898529630690650622e-162
5.081600000000000000e+04 6.898529630690650622e-162
5.088000000000000000e+04 6.898529630690650622e-162
5.094400000000000000e+04 2.733043828087810188e-162
5.100800000000000000e+04 9.199017657095104953e-163
5.107200000000000000e+04 9.199017657095104953e-163
5.113600000000000000e+04 9.199017657095104953e-163
5.120000000000000000e+04 2.766263376607771581e-163
5.126400000000000000e+04 2.766263376607771581e-163
5.132800000000000000e+04 1.460706070805771031e-163
5.139200000000000000e+04 8.094812166776657983e-164
5.145600000000000000e+04 8.094812166776657983e-164
5.152000000000000000e+04 8.094812166776657983e-164
5.158400000000000000e+04 6.243492307637608854e-164
5.164800000000000000e+04 6.529094917720999222e-165
5.171200000000000000e+04 6.529094917720999222e-165
5.177600000000000000e+04 6.529094917720999222e-165
5.184000000000000000e+04 5.010361039515328601e-165
5.190400000000000000e+04 5.010361039515328601e-165
5.196800000000000000e+04 6.950366602376058603e-166
5.203200000000000000e+04 1.112263805336962600e-166
5.209600000000000000e+04 1.112263805336962600e-166
5.216000000000000000e+04 1.112263805336962600e-166
5.222400000000000000e+04 1.112263805336962600e-166
5.228800000000000000e+04 1.112263805336962600e-166
5.235200000000000000e+04 1.112263805336962600e-166
5.241600000000000000e+04 1.112263805336962600e-166
5.248000000000000000e+04 1.112263805336962600e-166
5.254400000000000000e+04 9.365765252714370106e-167
5.260800000000000000e+04 7.270854477781815471e-167
5.267200000000000000e+04 3.572014431096594831e-167
5.273600000000000000e+04 3.537435317989378584e-167
5.280000000000000000e+04 2.247588891179377623e-167
5.286400000000000000e+04 9.952281050418480102e-168
5.292800000000000000e+04 6.093025072925176079e-168
5.299200000000000000e+04 6.093025072925176079e-168
5.305600000000000000e+04 4.900935565953545227e-168
5.312000000000000000e+04 2.547435010128633726e-169
5.318400000000000000e+04 2.547435010128633726e-169
5.324800000000000000e+04 2.547435010128633726e-169
5.331200000000000000e+04 1.771117693638163096e-169
5.337600000000000000e+04 1.771117693638163096e-169
5.344000000000000000e+04 1.771117693638163096e-169
5.350400000000000000e+04 1.771117693638163096e-169
5.356800000000000000e+04 1.771117693638163096e-169
5.363200000000000000e+04 3.087630342765929472e-170
5.369600000000000000e+04 3.087630342765929472e-170
5.376000000000000000e+04 1.323639115624208772e-171
5.382400000000000000e+04 1.323639115624208772e-171
5.388800000000000000e+04 1.323639115624208772e-171
5.395200000000000000e+04 1.323639115624208772e-171
5.401600000000000000e+04 1.323639115624208772e-171
5.408000000000000000e+04 1.323639115624208772e-171
5.414400000000000000e+04 1.323639115624208772e-171
5.420800000000000000e+04 2.010354627786753042e-172
5.427200000000000000e+04 2.010354627786753042e-172
5.433600000000000000e+04 2.010354627786753042e-172
5.440000000000000000e+04 2.010354627786753042e-172
5.446400000000000000e+04 4.507649613003889076e-173
5.452800000000000000e+04 3.968367202293620731e-173
5.459200000000000000e+04 3.968367202293620731e-173
5.465600000000000000e+04 3.968367202293620731e-173
5.472000000000000000e+04 3.968367202293620731e-173
5.478400000000000000e+04 1.718432206494451884e-173
5.484800000000000000e+04 1.521608707148611425e-173
5.491200000000000000e+04 3.102579810364740416e-174
5.497600000000000000e+04 3.102579810364740416e-174
5.504000000000000000e+04 3.803240174115950377e-175
5.510400000000000000e+04 3.803240174115950377e-175
5.516800000000000000e+04 3.803240174115950377e-175
5.523200000000000000e+04 3.803240174115950377e-175
5.529600000000000000e+04 3.803240174115950377e-175
5.536000000000000000e+04 3.543761913826348973e-175
5.542400000000000000e+04 3.543761913826348973e-175
5.548800000000000000e+04 3.011852684502300533e-175
5.555200000000000000e+04 2.356753794230288183e-176
5.561600000000000000e+04 2.356753794230288183e-176
5.568000000000000000e+04 2.356753794230288183e-176
5.574400000000000000e+04 2.356753794230288183e-176
5.580800000000000000e+04 2.737312018117425407e-177
5.587200000000000000e+04 2.354617937075133657e-177
5.593600000000000000e+04 2.354617937075133657e-177
5.600000000000000000e+04 2.354617937075133657e-177
5.606400000000000000e+04 1.271345008187984974e-177
5.612800000000000000e+04 2.149806654846508839e-178
5.619200000000000000e+04 1.336816362006067166e-179
5.625600000000000000e+04 1.336816362006067166e-179
5.632000000000000000e+04 1.336816362006067166e-179
5.638400000000000000e+04 1.336816362006067166e-179
5.644800000000000000e+04 3.182135941375425868e-180
5.651200000000000000e+04 3.182135941375425868e-180
5.657600000000000000e+04 3.182135941375425868e-180
5.664000000000000000e+04 1.090425093696909436e-180
5.670400000000000000e+04 1.090425093696909436e-180
5.676800000000000000e+04 1.090425093696909436e-180
5.683200000000000000e+04 5.789352019885505794e-181
5.689600000000000000e+04 5.789352019885505794e-181
5.696000000000000000e+04 1.564314058357214883e-182
5.702400000000000000e+04 9.882050766825366427e-183
5.708800000000000000e+04 9.882050766825366427e-183
5.715200000000000000e+04 9.882050766825366427e-183
5.721600000000000000e+04 9.882050766825366427e-183
5.728000000000000000e+04 9.882050766825366427e-183
5.734400000000000000e+04 9.882050766825366427e-183
5.740800000000000000e+04 5.132703424242111098e-183
5.747200000000000000e+04 5.132703424242111098e-183
5.753600000000000000e+04 5.132703424242111098e-183
5.760000000000000000e+04 1.152955562186673195e-183
5.766400000000000000e+04 9.241679688814256813e-184
5.772800000000000000e+04 7.284693167156738069e-184
5.779200000000000000e+04 1.124569096395912261e-184
5.785600000000000000e+04 1.124569096395912261e-184
5.792000000000000000e+04 6.035134659253474702e-185
5.798400000000000000e+04 6.035134659253474702e-185
5.804800000000000000e+04 6.035134659253474702e-185
5.811200000000000000e+04 6.035134659253474702e-185
5.817600000000000000e+04 6.035134659253474702e-185
5.824000000000000000e+04 5.278103529336964788e-185
5.830400000000000000e+04 2.633459432246650219e-185
5.836800000000000000e+04 2.431414205033388693e-185
5.843200000000000000e+04 9.571808013566014985e-186
5.849600000000000000e+04 9.571808013566014985e-186
5.856000000000000000e+04 9.571808013566014985e-186
5.862400000000000000e+04 2.848398755935665800e-186
5.868800000000000000e+04 4.791539573709175102e-187
5.875200000000000000e+04 4.791539573709175102e-187
5.881600000000000000e+04 4.791539573709175102e-187
5.888000000000000000e+04 4.791539573709175102e-187
5.894400000000000000e+04 4.791539573709175102e-187
5.900800000000000000e+04 4.791539573709175102e-187
5.907200000000000000e+04 9.124368248686500769e-188
5.913600000000000000e+04 9.124368248686500769e-188
5.920000000000000000e+04 9.124368248686500769e-188
5.926400000000000000e+04 2.010735900172837392e-188
5.932800000000000000e+04 2.010735900172837392e-188
5.939200000000000000e+04 2.010735900172837392e-188
5.945600000000000000e+04 2.902895218333251412e-189
5.952000000000000000e+04 2.902895218333251412e-189
5.958400000000000000e+04 2.902895218333251412e-189
5.964800000000000000e+04 2.410313914867570242e-190
5.971200000000000000e+04 2.410313914867570242e-190
5.977600000000000000e+04 2.410313914867570242e-190
5.984000000000000000e+04 2.410313914867570242e-190
5.990400000000000000e+04 2.410313914867570242e-190
5.996800000000000000e+04 2.410313914867570242e-190
6.003200000000000000e+04 2.410313914867570242e-190
6.009600000000000000e+04 2.410313914867570242e-190
6.016000000000000000e+04 9.169771258117798684e-191
6.022400000000000000e+04 2.145079549686158831e-191
6.028800000000000000e+04 2.145079549686158831e-191
6.035200000000000000e+04 2.145079549686158831e-191
6.041600000000000000e+04 2.639260857108337998e-192
6.048000000000000000e+04 2.639260857108337998e-192
6.054400000000000000e+04 2.639260857108337998e-192
6.060800000000000000e+04 2.639260857108337998e-192
6.067200000000000000e+04 8.255733973896195631e-193
6.073600000000000000e+04 8.255733973896195631e-193
6.080000000000000000e+04 1.350220098108025127e-193
6.086400000000000000e+04 1.350220098108025127e-193
6.092800000000000000e+04 8.087775094042494094e-194
6.099200000000000000e+04 8.087775094042494094e-194
6.105600000000000000e+04 5.694100889033318290e-194
6.112000000000000000e+04 1.619830253014433667e-194
6.118400000000000000e+04 1.619830253014433667e-194
6.124800000000000000e+04 1.619830253014433667e-194
6.131200000000000000e+04 1.485768155191277843e-195
6.137600000000000000e+04 1.485768155191277843e-195
6.144000000000000000e+04 2.072170307073812274e-196
6.150400000000000000e+04 2.072170307073812274e-196
6.156800000000000000e+04 2.072170307073812274e-196
6.163200000000000000e+04 4.925589168999619758e-197
6.169600000000000000e+04 4.925589168999619758e-197
6.176000000000000000e+04 4.925589168999619758e-197
6.182400000000000000e+04 4.925589168999619758e-197
6.188800000000000000e+04 1.545962246051846446e-198
6.195200000000000000e+04 1.545962246051846446e-198
6.201600000000000000e+04 1.545962246051846446e-198
6.208000000000000000e+04 1.545962246051846446e-198
6.214400000000000000e+04 1.545962246051846446e-198
6.220800000000000000e+04 1.545962246051846446e-198
6.227200000000000000e+04 1.545962246051846446e-198
6.233600000000000000e+04 2.731967347160546221e-199
6.240000000000000000e+04 2.731967347160546221e-199
6.246400000000000000e+04 2.731967347160546221e-199
6.252800000000000000e+04 1.924521704595563556e-199
6.259200000000000000e+04 1.924521704595563556e-199
6.265600000000000000e+04 1.308500487077195303e-199
6.272000000000000000e+04 1.308500487077195303e-199
6.278400000000000000e+04 1.308500487077195303e-199
6.284800000000000000e+04 6.626299452885793213e-200
6.291200000000000000e+04 6.626299452885793213e-200
6.297600000000000000e+04 5.016632483055176099e-201
6.304000000000000000e+04 5.016632483055176099e-201
6.310400000000000000e+04 5.016632483055176099e-201
6.316800000000000000e+04 5.016632483055176099e-201
6.323200000000000000e+04 5.016632483055176099e-201
6.329600000000000000e+04 5.016632483055176099e-201
6.336000000000000000e+04 4.222997640867056937e-201
6.342400000000000000e+04 4.222997640867056937e-201
6.348800000000000000e+04 1.701912768340118710e-201
6.355200000000000000e+04 1.298151723886305668e-201
6.361600000000000000e+04 1.298151723886305668e-201
6.368000000000000000e+04 1.388690975566106389e-202
6.374400000000000000e+04 9.761088286744793237e-203
6.380800000000000000e+04 9.761088286744793237e-203
6.387200000000000000e+04 9.761088286744793237e-203
6.393600000000000000e+04 4.662336768582915171e-203
6.400000000000000000e+04 4.662336768582915171e-203
6.406400000000000000e+04 3.201118410849190545e-203
6.412800000000000000e+04 2.074951671820247045e-204
6.419200000000000000e+04 2.074951671820247045e-204
6.425600000000000000e+04 2.074951671820247045e-204
6.432000000000000000e+04 2.074951671820247045e-204
6.438400000000000000e+04 2.074951671820247045e-204
6.444800000000000000e+04 1.507390027504439837e-204
6.451200000000000000e+04 1.507390027504439837e-204
6.457600000000000000e+04 1.063292716376617673e-204
6.464000000000000000e+04 2.377052635014823901e-205
6.470400000000000000e+04 2.227569943695690403e-206
6.476800000000000000e+04 2.227569943695690403e-206
6.483200000000000000e+04 2.227569943695690403e-206
6.489600000000000000e+04 2.227569943695690403e-206
6.496000000000000000e+04 2.227569943695690403e-206
6.502400000000000000e+04 2.227569943695690403e-206
6.508800000000000000e+04 2.227569943695690403e-206
6.515200000000000000e+04 1.452664818818253435e-206
6.521600000000000000e+04 1.452664818818253435e-206
6.528000000000000000e+04 3.471147564911750633e-207
6.534400000000000000e+04 3.471147564911750633e-207
6.540800000000000000e+04 3.471147564911750633e-207
6.547200000000000000e+04 1.587130078297505354e-207
6.553600000000000000e+04 2.935560630679216999e-208
6.560000000000000000e+04 2.935560630679216999e-208
6.566400000000000000e+04 2.935560630679216999e-208
6.572800000000000000e+04 2.935560630679216999e-208
6.579200000000000000e+04 2.935560630679216999e-208
6.585600000000000000e+04 1.969673180119214529e-208
6.592000000000000000e+04 2.377208382585791662e-209
6.598400000000000000e+04 2.377208382585791662e-209
6.604800000000000000e+04 2.377208382585791662e-209
6.611200000000000000e+04 2.377208382585791662e-209
6.617600000000000000e+04 1.699044423073106212e-209
6.624000000000000000e+04 5.519995101871914605e-211
6.630400000000000000e+04 5.519995101871914605e-211
6.636800000000000000e+04 5.519995101871914605e-211
6.643200000000000000e+04 5.519995101871914605e-211
6.649600000000000000e+04 5.519995101871914605e-211
6.656000000000000000e+04 5.519995101871914605e-211
6.662400000000000000e+04 5.519995101871914605e-211
6.668800000000000000e+04 1.344410947548837240e-211
6.675200000000000000e+04 3.266591434604660517e-213
6.681600000000000000e+04 3.266591434604660517e-213
6.688000000000000000e+04 3.266591434604660517e-213
6.694400000000000000e+04 3.266591434604660517e-213
6.700800000000000000e+04 3.266591434604660517e-213
6.707200000000000000e+04 1.931233136264419574e-213
6.713600000000000000e+04 1.931233136264419574e-213
6.720000000000000000e+04 1.513633583914539493e-213
6.726400000000000000e+04 1.513633583914539493e-213
6.732800000000000000e+04 6.874653410122154128e-214
6.739200000000000000e+04 3.585051383917681918e-215
6.745600000000000000e+04 3.585051383917681918e-215
6.752000000000000000e+04 3.585051383917681918e-215
6.758400000000000000e+04 3.585051383917681918e-215
6.764800000000000000e+04 3.585051383917681918e-215
6.771200000000000000e+04 3.585051383917681918e-215
6.777600000000000000e+04 3.585051383917681918e-215
6.784000000000000000e+04 1.306830575751509354e-215
6.790400000000000000e+04 1.306830575751509354e-215
6.796800000000000000e+04 2.453389368994017447e-218
6.803200000000000000e+04 2.453389368994017447e-218
6.809600000000000000e+04 2.453389368994017447e-218
6.816000000000000000e+04 2.453389368994017447e-218
6.822400000000000000e+04 2.453389368994017447e-218
6.828800000000000000e+04 2.453389368994017447e-218
6.835200000000000000e+04 2.453389368994017447e-218
6.841600000000000000e+04 3.694546853583523247e-219
6.848000000000000000e+04 3.694546853583523247e-219
6.854400000000000000e+04 3.694546853583523247e-219
6.860800000000000000e+04 1.867299697614652602e-219
6.867200000000000000e+04 1.867299697614652602e-219
6.873600000000000000e+04 1.867299697614652602e-219
6.880000000000000000e+04 2.159242802869182079e-220
6.886400000000000000e+04 2.159242802869182079e-220
6.892800000000000000e+04 2.159242802869182079e-220
6.899200000000000000e+04 1.014696747836711953e-220
6.905600000000000000e+04 1.014696747836711953e-220
6.912000000000000000e+04 1.014696747836711953e-220
6.918400000000000000e+04 6.017844868799614314e-221
6.924800000000000000e+04 6.017844868799614314e-221
6.931200000000000000e+04 2.404934576256848666e-221
6.937600000000000000e+04 2.404934576256848666e-221
6.944000000000000000e+04 2.404934576256848666e-221
6.950400000000000000e+04 2.404934576256848666e-221
6.956800000000000000e+04 2.404934576256848666e-221
6.963200000000000000e+04 2.302851149997618514e-221
6.969600000000000000e+04 2.302851149997618514e-221
6.976000000000000000e+04 4.002292623195548362e-222
6.982400000000000000e+04 4.002292623195548362e-222
6.988800000000000000e+04 7.194514821501357402e-223
6.995200000000000000e+04 7.194514821501357402e-223
7.001600000000000000e+04 7.194514821501357402e-223
7.008000000000000000e+04 7.194514821501357402e-223
7.014400000000000000e+04 7.194514821501357402e-223
7.020800000000000000e+04 6.345442611878575394e-223
7.027200000000000000e+04 3.422735817812556585e-223
7.033600000000000000e+04 2.287640272668256254e-223
7.040000000000000000e+04 1.635961651197426249e-223
7.046400000000000000e+04 1.635961651197426249e-223
7.052800000000000000e+04 1.122621552125249436e-223
7.059200000000000000e+04 1.055757126869667612e-223
7.065600000000000000e+04 1.124471550101692416e-224
7.072000000000000000e+04 1.098438832196492687e-224
7.078400000000000000e+04 1.098438832196492687e-224
7.084800000000000000e+04 1.098438832196492687e-224
7.091200000000000000e+04 2.919338825401779103e-225
7.097600000000000000e+04 2.919338825401779103e-225
7.104000000000000000e+04 2.919338825401779103e-225
7.110400000000000000e+04 2.311803512290979741e-226
7.116800000000000000e+04 4.927079218745836960e-227
7.123200000000000000e+04 4.927079218745836960e-227
7.129600000000000000e+04 4.927079218745836960e-227
7.136000000000000000e+04 4.927079218745836960e-227
7.142400000000000000e+04 3.211729473558184981e-227
7.148800000000000000e+04 3.211729473558184981e-227
7.155200000000000000e+04 3.211729473558184981e-227
7.161600000000000000e+04 5.250068830464266055e-228
7.168000000000000000e+04 5.250068830464266055e-228
7.174400000000000000e+04 5.250068830464266055e-228
7.180800000000000000e+04 5.250068830464266055e-228
7.187200000000000000e+04 8.572860774156077436e-229
7.193600000000000000e+04 8.572860774156077436e-229
7.200000000000000000e+04 5.017134244768392133e-229
7.206400000000000000e+04 5.017134244768392133e-229
7.212800000000000000e+04 5.017134244768392133e-229
7.219200000000000000e+04 5.017134244768392133e-229
7.225600000000000000e+04 5.017134244768392133e-229
7.232000000000000000e+04 3.723694384952989355e-229
7.238400000000000000e+04 3.070015855060401749e-231
7.244800000000000000e+04 3.070015855060401749e-231
7.251200000000000000e+04 3.070015855060401749e-231
7.257600000000000000e+04 3.070015855060401749e-231
7.264000000000000000e+04 3.070015855060401749e-231
7.270400000000000000e+04 1.277942292795482717e-231
7.276800000000000000e+04 1.277942292795482717e-231
7.283200000000000000e+04 1.277942292795482717e-231
7.289600000000000000e+04 1.976834339947673705e-232
7.296000000000000000e+04 1.976834339947673705e-232
7.302400000000000000e+04 1.976834339947673705e-232
7.308800000000000000e+04 1.976834339947673705e-232
7.315200000000000000e+04 1.976834339947673705e-232
7.321600000000000000e+04 1.976834339947673705e-232
7.328000000000000000e+04 1.976834339947673705e-232
7.334400000000000000e+04 1.976834339947673705e-232
7.340800000000000000e+04 4.404259112096380887e-233
7.347200000000000000e+04 4.404259112096380887e-233
7.353600000000000000e+04 4.404259112096380887e-233
7.360000000000000000e+04 2.396311146997710667e-233
7.366400000000000000e+04 9.673084367434392403e-234
7.372800000000000000e+04 9.673084367434392403e-234
7.379200000000000000e+04 2.508946563584251057e-234
7.385600000000000000e+04 2.508946563584251057e-234
7.392000000000000000e+04 2.508946563584251057e-234
7.398400000000000000e+04 2.508946563584251057e-234
7.404800000000000000e+04 7.390835283559142250e-235
7.411200000000000000e+04 7.390835283559142250e-235
7.417600000000000000e+04 7.390835283559142250e-235
7.424000000000000000e+04 7.390835283559142250e-235
7.430400000000000000e+04 6.521434592696586719e-235
7.436800000000000000e+04 2.717882572401324861e-235
7.443200000000000000e+04 5.879040881037067782e-237
7.449600000000000000e+04 5.879040881037067782e-237
7.456000000000000000e+04 5.879040881037067782e-237
7.462400000000000000e+04 5.879040881037067782e-237
7.468800000000000000e+04 5.879040881037067782e-237
7.475200000000000000e+04 5.879040881037067782e-237
7.481600000000000000e+04 5.879040881037067782e-237
7.488000000000000000e+04 5.879040881037067782e-237
7.494400000000000000e+04 8.623384160757670814e-238
7.500800000000000000e+04 8.623384160757670814e-238
7.507200000000000000e+04 8.623384160757670814e-238
7.513600000000000000e+04 8.623384160757670814e-238
7.520000000000000000e+04 8.223162200957748940e-239
7.526400000000000000e+04 8.223162200957748940e-239
7.532800000000000000e+04 8.223162200957748940e-239
7.539200000000000000e+04 8.223162200957748940e-239
7.545600000000000000e+04 6.117356087075004895e-239
7.552000000000000000e+04 6.117356087075004895e-239
7.558400000000000000e+04 7.904225209342109270e-240
7.564800000000000000e+04 7.904225209342109270e-240
7.571200000000000000e+04 7.904225209342109270e-240
7.577600000000000000e+04 1.657412645778696170e-241
7.584000000000000000e+04 9.923013882610840076e-242
7.590400000000000000e+04 9.923013882610840076e-242
7.596800000000000000e+04 4.868198659539587637e-242
7.603200000000000000e+04 4.868198659539587637e-242
7.609600000000000000e+04 4.868198659539587637e-242
7.616000000000000000e+04 4.868198659539587637e-242
7.622400000000000000e+04 4.868198659539587637e-242
7.628800000000000000e+04 1.122665512705965391e-242
7.635200000000000000e+04 8.253861108693730757e-243
7.641600000000000000e+04 8.253861108693730757e-243
7.648000000000000000e+04 8.253861108693730757e-243
7.654400000000000000e+04 1.358694446446643953e-243
7.660800000000000000e+04 1.358694446446643953e-243
7.667200000000000000e+04 1.358694446446643953e-243
7.673600000000000000e+04 1.358694446446643953e-243
7.680000000000000000e+04 1.133022455231292413e-243
7.686400000000000000e+04 6.663264788508700319e-244
7.692800000000000000e+04 2.296678350154567707e-244
7.699200000000000000e+04 2.296678350154567707e-244
7.705600000000000000e+04 2.296678350154567707e-244
7.712000000000000000e+04 1.648374592653433701e-244
7.718400000000000000e+04 1.464205367648963166e-244
7.724800000000000000e+04 1.464205367648963166e-244
7.731200000000000000e+04 1.464205367648963166e-244
7.737600000000000000e+04 2.051505809649129057e-245
7.744000000000000000e+04 2.051505809649129057e-245
7.750400000000000000e+04 2.051505809649129057e-245
7.756800000000000000e+04 2.108980563947341004e-246
7.763200000000000000e+04 1.102220665793769923e-246
7.769600000000000000e+04 1.102220665793769923e-246
7.776000000000000000e+04 1.102220665793769923e-246
7.782400000000000000e+04 1.102220665793769923e-246
7.788800000000000000e+04 5.117729952783684008e-247
7.795200000000000000e+04 5.117729952783684008e-247
7.801600000000000000e+04 5.117729952783684008e-247
7.808000000000000000e+04 3.187334268004338251e-248
7.814400000000000000e+04 3.187334268004338251e-248
7.820800000000000000e+04 3.187334268004338251e-248
7.827200000000000000e+04 3.187334268004338251e-248
7.833600000000000000e+04 3.187334268004338251e-248
7.840000000000000000e+04 2.007526877538011755e-248
7.846400000000000000e+04 5.718659334455562337e-249
7.852800000000000000e+04 3.177826200583180264e-249
7.859200000000000000e+04 1.051741547742055377e-250
7.865600000000000000e+04 1.051741547742055377e-250
7.872000000000000000e+04 1.051741547742055377e-250
7.878400000000000000e+04 1.051741547742055377e-250
7.884800000000000000e+04 1.051741547742055377e-250
7.891200000000000000e+04 1.051741547742055377e-250
7.897600000000000000e+04 1.051741547742055377e-250
7.904000000000000000e+04 1.051741547742055377e-250
7.910400000000000000e+04 1.051741547742055377e-250
7.916800000000000000e+04 6.911993409747628811e-251
7.923200000000000000e+04 7.279863500222173765e-253
7.929600000000000000e+04 7.279863500222173765e-253
7.936000000000000000e+04 7.279863500222173765e-253
7.942400000000000000e+04 7.279863500222173765e-253
7.948800000000000000e+04 7.279863500222173765e-253
7.955200000000000000e+04 7.279863500222173765e-253
7.961600000000000000e+04 7.279863500222173765e-253
7.968000000000000000e+04 1.869590765387637882e-253
7.974400000000000000e+04 1.869590765387637882e-253
7.980800000000000000e+04 1.869590765387637882e-253
7.987200000000000000e+04 1.869590765387637882e-253
7.993600000000000000e+04 1.869590765387637882e-253
8.000000000000000000e+04 1.230448614786080164e-254
8.006400000000000000e+04 1.230448614786080164e-254
8.012800000000000000e+04 5.265583141262435037e-255
8.019200000000000000e+04 5.265583141262435037e-255
8.025600000000000000e+04 5.265583141262435037e-255
8.032000000000000000e+04 5.768049246113009976e-256
8.038400000000000000e+04 5.768049246113009976e-256
8.044800000000000000e+04 5.768049246113009976e-256
8.051200000000000000e+04 5.768049246113009976e-256
8.057600000000000000e+04 5.768049246113009976e-256
8.064000000000000000e+04 3.077271739282955111e-256
8.070400000000000000e+04 2.194979274435696072e-256
8.076800000000000000e+04 2.194979274435696072e-256
8.083200000000000000e+04 2.194979274435696072e-256
8.089600000000000000e+04 1.782468185242353738e-256
8.096000000000000000e+04 1.044858463456972618e-256
8.102400000000000000e+04 1.044858463456972618e-256
8.108800000000000000e+04 8.070830225492088743e-257
8.115200000000000000e+04 2.717676717357833165e-257
8.121600000000000000e+04 2.717676717357833165e-257
8.128000000000000000e+04 2.717676717357833165e-257
8.134400000000000000e+04 5.284014016272560515e-260
8.140800000000000000e+04 5.284014016272560515e-260
8.147200000000000000e+04 5.284014016272560515e-260
8.153600000000000000e+04 5.284014016272560515e-260
8.160000000000000000e+04 5.284014016272560515e-260
8.166400000000000000e+04 5.284014016272560515e-260
8.172800000000000000e+04 5.284014016272560515e-260
8.179200000000000000e+04 5.284014016272560515e-260
8.185600000000000000e+04 1.669381786051011880e-260
8.192000000000000000e+04 1.669381786051011880e-260
8.198400000000000000e+04 1.669381786051011880e-260
8.204800000000000000e+04 1.669381786051011880e-260
8.211200000000000000e+04 1.669381786051011880e-260
8.217600000000000000e+04 1.669381786051011880e-260
8.224000000000000000e+04 4.851748618185480646e-261
8.230400000000000000e+04 4.851748618185480646e-261
8.236800000000000000e+04 4.851748618185480646e-261
8.243200000000000000e+04 1.721253406878254120e-261
8.249600000000000000e+04 1.468119509681279293e-261
8.256000000000000000e+04 6.268911538493049486e-262
8.262400000000000000e+04 1.862661445480844283e-262
8.268800000000000000e+04 1.862661445480844283e-262
8.275200000000000000e+04 7.051735025492102536e-263
8.281600000000000000e+04 7.051735025492102536e-263
8.288000000000000000e+04 4.737650241107734434e-263
8.294400000000000000e+04 4.737650241107734434e-263
8.300800000000000000e+04 3.282944207588977347e-263
8.307200000000000000e+04 8.008355817487555133e-264
8.313600000000000000e+04 1.001249058153147859e-264
8.320000000000000000e+04 1.001249058153147859e-264
8.326400000000000000e+04 7.933965066249524437e-265
8.332800000000000000e+04 7.933965066249524437e-265
8.339200000000000000e+04 7.933965066249524437e-265
8.345600000000000000e+04 7.933965066249524437e-265
8.352000000000000000e+04 7.864051672524468825e-267
8.358400000000000000e+04 7.864051672524468825e-267
8.364800000000000000e+04 7.864051672524468825e-267
8.371200000000000000e+04 7.864051672524468825e-267
8.377600000000000000e+04 7.864051672524468825e-267
8.384000000000000000e+04 7.864051672524468825e-267
8.390400000000000000e+04 3.966172567201552656e-267
8.396800000000000000e+04 3.966172567201552656e-267
8.403200000000000000e+04 1.976951339055997805e-267
8.409600000000000000e+04 1.976951339055997805e-267
8.416000000000000000e+04 1.976951339055997805e-267
8.422400000000000000e+04 1.976951339055997805e-267
8.428800000000000000e+04 7.135021436525351200e-268
8.435200000000000000e+04 8.599597319346196737e-269
8.441600000000000000e+04 1.548572486046468878e-269
8.448000000000000000e+04 1.548572486046468878e-269
8.454400000000000000e+04 1.548572486046468878e-269
8.460800000000000000e+04 1.548572486046468878e-269
8.467200000000000000e+04 1.548572486046468878e-269
8.473600000000000000e+04 1.040971906421308159e-269
8.480000000000000000e+04 6.071936720519551736e-270
8.486400000000000000e+04 1.022508822356941286e-270
8.492800000000000000e+04 1.022508822356941286e-270
8.499200000000000000e+04 1.022508822356941286e-270
8.505600000000000000e+04 1.022508822356941286e-270
8.512000000000000000e+04 5.891937932405999539e-272
8.518400000000000000e+04 4.071107828726626817e-272
8.524800000000000000e+04 4.071107828726626817e-272
8.531200000000000000e+04 4.071107828726626817e-272
8.537600000000000000e+04 1.914436046751075525e-272
8.544000000000000000e+04 1.914436046751075525e-272
8.550400000000000000e+04 6.606759404714611029e-273
8.556800000000000000e+04 6.606759404714611029e-273
8.563200000000000000e+04 6.178612589546893836e-273
8.569600000000000000e+04 1.838655756334701998e-273
8.576000000000000000e+04 1.838655756334701998e-273
8.582400000000000000e+04 1.468678364956983632e-273
8.588800000000000000e+04 7.440619698871560452e-274
8.595200000000000000e+04 5.316073891963458799e-274
8.601600000000000000e+04 5.316073891963458799e-274
8.608000000000000000e+04 1.057473753360636090e-274
8.614400000000000000e+04 1.057473753360636090e-274
8.620800000000000000e+04 4.089636468335735952e-275
8.627200000000000000e+04 4.089636468335735952e-275
8.633600000000000000e+04 1.088714280471522847e-275
8.640000000000000000e+04 1.088714280471522847e-275
8.646400000000000000e+04 1.088714280471522847e-275
8.652800000000000000e+04 1.088714280471522847e-275
8.659200000000000000e+04 1.088714280471522847e-275
8.665600000000000000e+04 7.808103202787440909e-276
8.672000000000000000e+04 5.261668805247140365e-276
8.678400000000000000e+04 2.123102758456680661e-277
8.684800000000000000e+04 6.061568760306372084e-278
8.691200000000000000e+04 6.061568760306372084e-278
8.697600000000000000e+04 6.061568760306372084e-278
8.704000000000000000e+04 5.313581772191579084e-278
8.710400000000000000e+04 5.313581772191579084e-278
8.716800000000000000e+04 4.846428998539964551e-278
8.723200000000000000e+04 4.846428998539964551e-278
8.729600000000000000e+04 4.846428998539964551e-278
8.736000000000000000e+04 4.568482580057935314e-278
8.742400000000000000e+04 2.209443391836514334e-278
8.748800000000000000e+04 1.410968878117639640e-278
8.755200000000000000e+04 1.099715928017800574e-278
8.761600000000000000e+04 1.099715928017800574e-278
8.768000000000000000e+04 3.071697104033109521e-279
8.774400000000000000e+04 1.111563862751785520e-279
8.780800000000000000e+04 1.047888171809905729e-279
8.787200000000000000e+04 1.047888171809905729e-279
8.793600000000000000e+04 1.047888171809905729e-279
8.800000000000000000e+04 1.047888171809905729e-279
8.806400000000000000e+04 1.047888171809905729e-279
8.812800000000000000e+04 2.677967595850821255e-280
8.819200000000000000e+04 2.636863211579885944e-281
8.825600000000000000e+04 2.636863211579885944e-281
8.832000000000000000e+04 2.636863211579885944e-281
8.838400000000000000e+04 2.636863211579885944e-281
8.844800000000000000e+04 2.636863211579885944e-281
8.851200000000000000e+04 3.616695228524261706e-282
8.857600000000000000e+04 3.616695228524261706e-282
8.864000000000000000e+04 3.616695228524261706e-282
8.870400000000000000e+04 3.616695228524261706e-282
8.876800000000000000e+04 3.186328444589738291e-282
8.883200000000000000e+04 3.186328444589738291e-282
8.889600000000000000e+04 1.635717878623586200e-282
8.896000000000000000e+04 4.502335912238761572e-283
8.902400000000000000e+04 4.502335912238761572e-283
8.908800000000000000e+04 1.205017074748647511e-283
8.915200000000000000e+04 1.205017074748647511e-283
8.921600000000000000e+04 1.205017074748647511e-283
8.928000000000000000e+04 1.205017074748647511e-283
8.934400000000000000e+04 2.579920384139384465e-285
8.940800000000000000e+04 2.579920384139384465e-285
8.947200000000000000e+04 2.579920384139384465e-285
8.953600000000000000e+04 3.249965235827930389e-286
8.960000000000000000e+04 3.249965235827930389e-286
8.966400000000000000e+04 3.249965235827930389e-286
8.972800000000000000e+04 3.249965235827930389e-286
8.979200000000000000e+04 3.249965235827930389e-286
8.985600000000000000e+04 3.249965235827930389e-286
8.992000000000000000e+04 3.249965235827930389e-286
8.998400000000000000e+04 2.092228419083323768e-286
9.004800000000000000e+04 1.319879807638136195e-286
9.011200000000000000e+04 1.319879807638136195e-286
9.017600000000000000e+04 1.319879807638136195e-286
9.024000000000000000e+04 1.319879807638136195e-286
9.030400000000000000e+04 9.146172264634201156e-287
9.036800000000000000e+04 5.599818049586725713e-287
9.043200000000000000e+04 2.723295190428588504e-287
9.049600000000000000e+04 2.723295190428588504e-287
9.056000000000000000e+04 2.723295190428588504e-287
9.062400000000000000e+04 2.036828750713317640e-288
9.068800000000000000e+04 2.036828750713317640e-288
9.075200000000000000e+04 2.036828750713317640e-288
9.081600000000000000e+04 2.036828750713317640e-288
9.088000000000000000e+04 2.036828750713317640e-288
9.094400000000000000e+04 2.036828750713317640e-288
9.100800000000000000e+04 2.036828750713317640e-288
9.107200000000000000e+04 2.036828750713317640e-288
9.113600000000000000e+04 1.916795070560210705e-291
9.120000000000000000e+04 1.916795070560210705e-291
9.126400000000000000e+04 1.916795070560210705e-291
9.132800000000000000e+04 1.916795070560210705e-291
9.139200000000000000e+04 1.916795070560210705e-291
9.145600000000000000e+04 1.916795070560210705e-291
9.152000000000000000e+04 1.916795070560210705e-291
9.158400000000000000e+04 1.916795070560210705e-291
9.164800000000000000e+04 1.916795070560210705e-291
9.171200000000000000e+04 1.916795070560210705e-291
9.177600000000000000e+04 1.633580107933371173e-291
9.184000000000000000e+04 1.582178929747766139e-292
9.190400000000000000e+04 1.582178929747766139e-292
9.196800000000000000e+04 1.582178929747766139e-292
9.203200000000000000e+04 1.582178929747766139e-292
9.209600000000000000e+04 1.582178929747766139e-292
9.216000000000000000e+04 1.582178929747766139e-292
9.222400000000000000e+04 9.400188919493290760e-293
9.228800000000000000e+04 9.400188919493290760e-293
9.235200000000000000e+04 1.680224680352964250e-293
9.241600000000000000e+04 8.492522444615827186e-294
9.248000000000000000e+04 8.492522444615827186e-294
9.254400000000000000e+04 8.492522444615827186e-294
9.260800000000000000e+04 8.492522444615827186e-294
9.267200000000000000e+04 3.987672678155871187e-294
9.273600000000000000e+04 3.987672678155871187e-294
9.280000000000000000e+04 3.987672678155871187e-294
9.286400000000000000e+04 1.154277980878853576e-294
9.292800000000000000e+04 2.874534278900285754e-295
9.299200000000000000e+04 2.874534278900285754e-295
9.305600000000000000e+04 3.934832691345916568e-296
9.312000000000000000e+04 3.934832691345916568e-296
9.318400000000000000e+04 3.934832691345916568e-296
9.324800000000000000e+04 3.934832691345916568e-296
9.331200000000000000e+04 1.539649330854803694e-296
9.337600000000000000e+04 2.457452489085646501e-297
9.344000000000000000e+04 6.491158595872773681e-298
9.350400000000000000e+04 6.491158595872773681e-298
9.356800000000000000e+04 6.491158595872773681e-298
9.363200000000000000e+04 6.491158595872773681e-298
9.369600000000000000e+04 6.491158595872773681e-298
9.376000000000000000e+04 3.826555426062857503e-298
9.382400000000000000e+04 3.826555426062857503e-298
9.388800000000000000e+04 3.826555426062857503e-298
9.395200000000000000e+04 3.826555426062857503e-298
9.401600000000000000e+04 2.157013628139334243e-299
9.408000000000000000e+04 2.157013628139334243e-299
9.414400000000000000e+04 2.157013628139334243e-299
9.420800000000000000e+04 2.157013628139334243e-299
9.427200000000000000e+04 2.157013628139334243e-299
9.433600000000000000e+04 2.157013628139334243e-299
9.440000000000000000e+04 2.157013628139334243e-299
9.446400000000000000e+04 1.579112564361056635e-299
9.452800000000000000e+04 1.579112564361056635e-299
9.459200000000000000e+04 1.497558920073322990e-299
9.465600000000000000e+04 1.450524565935117829e-299
9.472000000000000000e+04 1.090861627242476424e-299
9.478400000000000000e+04 1.534194891238965705e-301
9.484800000000000000e+04 1.534194891238965705e-301
9.491200000000000000e+04 1.534194891238965705e-301
9.497600000000000000e+04 8.617992268728013287e-302
9.504000000000000000e+04 8.617992268728013287e-302
9.510400000000000000e+04 8.617992268728013287e-302
9.516800000000000000e+04 8.617992268728013287e-302
9.523200000000000000e+04 8.617992268728013287e-302
9.529600000000000000e+04 8.617992268728013287e-302
9.536000000000000000e+04 2.183456113498079381e-303
9.542400000000000000e+04 2.183456113498079381e-303
9.548800000000000000e+04 1.534012382867096382e-303
9.555200000000000000e+04 1.534012382867096382e-303
9.561600000000000000e+04 1.534012382867096382e-303
9.568000000000000000e+04 1.069399537681624271e-303
9.574400000000000000e+04 1.069399537681624271e-303
9.580800000000000000e+04 4.719212040960135272e-304
9.587200000000000000e+04 2.743674455903753463e-305
9.593600000000000000e+04 8.734268774764166276e-306
9.600000000000000000e+04 8.734268774764166276e-306
9.606400000000000000e+04 4.760299601630896598e-306
9.612800000000000000e+04 4.760299601630896598e-306
9.619200000000000000e+04 1.704319999166173784e-306
9.625600000000000000e+04 1.704319999166173784e-306
9.632000000000000000e+04 1.704319999166173784e-306
9.638400000000000000e+04 1.375944714140245598e-306
9.644800000000000000e+04 9.439945112871325153e-307
9.651200000000000000e+04 9.439945112871325153e-307
9.657600000000000000e+04 4.446735308778586682e-307
9.664000000000000000e+04 8.921686360347229178e-308
9.670400000000000000e+04 8.921686360347229178e-308
9.676800000000000000e+04 5.144694757835328408e-308
9.683200000000000000e+04 5.144694757835328408e-308
9.689600000000000000e+04 5.587831364585561644e-309
9.696000000000000000e+04 5.587831364585561644e-309
9.702400000000000000e+04 5.587831364585561644e-309
9.708800000000000000e+04 5.587831364585561644e-309
9.715200000000000000e+04 1.594506872793679362e-309
9.721600000000000000e+04 7.082771530945503364e-310
9.728000000000000000e+04 7.082771530945503364e-310
9.734400000000000000e+04 7.082771530945503364e-310
9.740800000000000000e+04 7.082771530945503364e-310
9.747200000000000000e+04 1.438474120395100684e-310
9.753600000000000000e+04 1.438474120395100684e-310
9.760000000000000000e+04 1.438474120395100684e-310
9.766400000000000000e+04 1.332693620675700183e-310
9.772800000000000000e+04 1.059000057260024855e-311
9.779200000000000000e+04 1.059000057260024855e-311
9.785600000000000000e+04 1.059000057260024855e-311
9.792000000000000000e+04 7.539251018332825118e-312
9.798400000000000000e+04 7.070389582329373604e-312
9.804800000000000000e+04 2.070998523349244354e-312
9.811200000000000000e+04 2.070998523349244354e-312
9.817600000000000000e+04 2.070998523349244354e-312
9.824000000000000000e+04 2.070998523349244354e-312
9.830400000000000000e+04 2.162534350472028745e-313
9.836800000000000000e+04 3.714464281968766843e-314
9.843200000000000000e+04 3.714464281968766843e-314
9.849600000000000000e+04 3.089445337105909800e-314
9.856000000000000000e+04 1.188545404357467191e-315
9.862400000000000000e+04 1.188545404357467191e-315
9.868800000000000000e+04 1.188545404357467191e-315
9.875200000000000000e+04 1.188545404357467191e-315
9.881600000000000000e+04 1.188545404357467191e-315
9.888000000000000000e+04 1.188545404357467191e-315
9.894400000000000000e+04 1.188545404357467191e-315
9.900800000000000000e+04 1.188545404357467191e-315
9.907200000000000000e+04 1.188545404357467191e-315
9.913600000000000000e+04 1.188545404357467191e-315
9.920000000000000000e+04 3.941614319820343433e-316
9.926400000000000000e+04 6.640722017848465404e-317
9.932800000000000000e+04 6.640722017848465404e-317
9.939200000000000000e+04 6.640722017848465404e-317
9.945600000000000000e+04 1.305399498684616287e-317
9.952000000000000000e+04 1.305399498684616287e-317
9.958400000000000000e+04 1.305399498684616287e-317
9.964800000000000000e+04 1.305399498684616287e-317
9.971200000000000000e+04 7.781277007863795623e-318
9.977600000000000000e+04 7.687691093228546702e-318
9.984000000000000000e+04 6.977466786675296382e-318
9.990400000000000000e+04 1.792079851251827878e-318
9.996800000000000000e+04 1.452943310633479425e-318
1.000320000000000000e+05 1.452943310633479425e-318
