2.560000000000000000e+02 6.041746766904610766e+00
5.120000000000000000e+02 6.041746766904610766e+00
7.680000000000000000e+02 8.250730049620926820e-01
1.024000000000000000e+03 6.589784893653216624e-02
1.280000000000000000e+03 6.589784893653216624e-02
1.536000000000000000e+03 6.589784893653216624e-02
1.792000000000000000e+03 6.589784893653216624e-02
2.048000000000000000e+03 6.589784893653216624e-02
2.304000000000000000e+03 6.589784893653216624e-02
2.560000000000000000e+03 6.589784893653216624e-02
2.816000000000000000e+03 6.589784893653216624e-02
3.072000000000000000e+03 6.589784893653216624e-02
3.328000000000000000e+03 6.589784893653216624e-02
3.584000000000000000e+03 6.589784893653216624e-02
3.840000000000000000e+03 6.589784893653216624e-02
4.096000000000000000e+03 6.589784893653216624e-02
4.352000000000000000e+03 6.589784893653216624e-02
4.608000000000000000e+03 6.589784893653216624e-02
4.864000000000000000e+03 6.589784893653216624e-02
5.120000000000000000e+03 5.049351799677883473e-03
5.376000000000000000e+03 5.049351799677883473e-03
5.632000000000000000e+03 5.049351799677883473e-03
5.888000000000000000e+03 5.049351799677883473e-03
6.144000000000000000e+03 5.049351799677883473e-03
6.400000000000000000e+03 5.049351799677883473e-03
6.656000000000000000e+03 5.049351799677883473e-03
6.912000000000000000e+03 5.049351799677883473e-03
7.168000000000000000e+03 5.049351799677883473e-03
7.424000000000000000e+03 5.049351799677883473e-03
7.680000000000000000e+03 5.049351799677883473e-03
7.936000000000000000e+03 2.624786787550762064e-03
8.192000000000000000e+03 2.624786787550762064e-03
8.448000000000000000e+03 1.351885006589785077e-03
8.704000000000000000e+03 1.351885006589785077e-03
8.960000000000000000e+03 1.351885006589785077e-03
9.216000000000000000e+03 1.351885006589785077e-03
9.472000000000000000e+03 1.351885006589785077e-03
9.728000000000000000e+03 1.351885006589785077e-03
9.984000000000000000e+03 1.351885006589785077e-03
1.024000000000000000e+04 1.351885006589785077e-03
1.049600000000000000e+04 1.351885006589785077e-03
1.075200000000000000e+04 1.351885006589785077e-03
1.100800000000000000e+04 1.351885006589785077e-03
1.126400000000000000e+04 1.351885006589785077e-03
1.152000000000000000e+04 1.028543666208307740e-03
1.177600000000000000e+04 1.028543666208307740e-03
1.203200000000000000e+04 9.287914674248600941e-04
1.228800000000000000e+04 9.287914674248600941e-04
1.254400000000000000e+04 9.287914674248600941e-04
1.280000000000000000e+04 1.910511789914919815e-04
1.305600000000000000e+04 1.910511789914919815e-04
1.331200000000000000e+04 1.910511789914919815e-04
1.356800000000000000e+04 6.239813233241270894e-05
1.382400000000000000e+04 6.239813233241270894e-05
1.408000000000000000e+04 8.947608879210289712e-06
1.433600000000000000e+04 8.947608879210289712e-06
1.459200000000000000e+04 8.947608879210289712e-06
1.484800000000000000e+04 8.947608879210289712e-06
1.510400000000000000e+04 8.947608879210289712e-06
1.536000000000000000e+04 8.947608879210289712e-06
1.561600000000000000e+04 8.947608879210289712e-06
1.587200000000000000e+04 8.947608879210289712e-06
1.612800000000000000e+04 8.947608879210289712e-06
1.638400000000000000e+04 1.033592245159770396e-06
1.664000000000000000e+04 1.033592245159770396e-06
1.689600000000000000e+04 1.033592245159770396e-06
1.715200000000000000e+04 1.033592245159770396e-06
1.740800000000000000e+04 2.865406599367221742e-07
1.766400000000000000e+04 1.729584480886414188e-08
1.792000000000000000e+04 1.729584480886414188e-08
1.817600000000000000e+04 1.729584480886414188e-08
1.843200000000000000e+04 1.729584480886414188e-08
1.868800000000000000e+04 1.729584480886414188e-08
1.894400000000000000e+04 1.729584480886414188e-08
1.920000000000000000e+04 1.729584480886414188e-08
1.945600000000000000e+04 1.729584480886414188e-08
1.971200000000000000e+04 1.729584480886414188e-08
1.996800000000000000e+04 1.729584480886414188e-08
2.022400000000000000e+04 1.729584480886414188e-08
2.048000000000000000e+04 1.712318664522370162e-08
2.073600000000000000e+04 1.712318664522370162e-08
2.099200000000000000e+04 2.533186153343551748e-09
2.124800000000000000e+04 2.533186153343551748e-09
2.150400000000000000e+04 1.547713420481502205e-09
2.176000000000000000e+04 1.547713420481502205e-09
2.201600000000000000e+04 1.547713420481502205e-09
2.227200000000000000e+04 1.148851025115746643e-11
2.252800000000000000e+04 1.148851025115746643e-11
2.278400000000000000e+04 1.148851025115746643e-11
2.304000000000000000e+04 1.148851025115746643e-11
2.329600000000000000e+04 1.148851025115746643e-11
2.355200000000000000e+04 1.148851025115746643e-11
2.380800000000000000e+04 1.148851025115746643e-11
2.406400000000000000e+04 1.148851025115746643e-11
2.432000000000000000e+04 1.148851025115746643e-11
2.457600000000000000e+04 1.148851025115746643e-11
2.483200000000000000e+04 1.148851025115746643e-11
2.508800000000000000e+04 1.148851025115746643e-11
2.534400000000000000e+04 1.148851025115746643e-11
2.560000000000000000e+04 1.148851025115746643e-11
2.585600000000000000e+04 1.719342832148453694e-12
2.611200000000000000e+04 1.719342832148453694e-12
2.636800000000000000e+04 1.240392524442015960e-12
2.662400000000000000e+04 1.240392524442015960e-12
2.688000000000000000e+04 1.240392524442015960e-12
2.713600000000000000e+04 9.363837513118363947e-13
2.739200000000000000e+04 3.383259160178136015e-13
2.764800000000000000e+04 2.202941074296189247e-14
2.790400000000000000e+04 9.669238790909988904e-17
2.816000000000000000e+04 9.669238790909988904e-17
2.841600000000000000e+04 9.669238790909988904e-17
2.867200000000000000e+04 9.669238790909988904e-17
2.892800000000000000e+04 9.669238790909988904e-17
2.918400000000000000e+04 9.669238790909988904e-17
2.944000000000000000e+04 9.669238790909988904e-17
2.969600000000000000e+04 9.669238790909988904e-17
2.995200000000000000e+04 9.669238790909988904e-17
3.020800000000000000e+04 9.669238790909988904e-17
3.046400000000000000e+04 9.669238790909988904e-17
3.072000000000000000e+04 9.669238790909988904e-17
3.097600000000000000e+04 9.669238790909988904e-17
3.123200000000000000e+04 9.669238790909988904e-17
3.148800000000000000e+04 9.669238790909988904e-17
3.174400000000000000e+04 9.669238790909988904e-17
3.200000000000000000e+04 9.669238790909988904e-17
3.225600000000000000e+04 2.128103581333539734e-17
3.251200000000000000e+04 2.128103581333539734e-17
3.276800000000000000e+04 2.128103581333539734e-17
3.302400000000000000e+04 2.128103581333539734e-17
3.328000000000000000e+04 2.128103581333539734e-17
3.353600000000000000e+04 2.211550952002919061e-18
3.379200000000000000e+04 2.211550952002919061e-18
3.404800000000000000e+04 3.220379743216641012e-19
3.430400000000000000e+04 3.220379743216641012e-19
3.456000000000000000e+04 3.220379743216641012e-19
3.481600000000000000e+04 4.789350610595639979e-20
3.507200000000000000e+04 4.789350610595639979e-20
3.532800000000000000e+04 4.789350610595639979e-20
3.558400000000000000e+04 4.789350610595639979e-20
3.584000000000000000e+04 4.789350610595639979e-20
3.609600000000000000e+04 4.789350610595639979e-20
3.635200000000000000e+04 4.789350610595639979e-20
3.660800000000000000e+04 4.789350610595639979e-20
3.686400000000000000e+04 4.789350610595639979e-20
3.712000000000000000e+04 4.012710316004411252e-20
3.737600000000000000e+04 2.338692510761140813e-21
3.763200000000000000e+04 2.338692510761140813e-21
3.788800000000000000e+04 2.338692510761140813e-21
3.814400000000000000e+04 2.338692510761140813e-21
3.840000000000000000e+04 2.338692510761140813e-21
3.865600000000000000e+04 2.338692510761140813e-21
3.891200000000000000e+04 9.441449588688068787e-22
3.916800000000000000e+04 9.441449588688068787e-22
3.942400000000000000e+04 2.457798322001392308e-22
3.968000000000000000e+04 2.457798322001392308e-22
3.993600000000000000e+04 2.457798322001392308e-22
4.019200000000000000e+04 9.215064903646833956e-23
4.044800000000000000e+04 9.215064903646833956e-23
4.070400000000000000e+04 9.215064903646833956e-23
4.096000000000000000e+04 2.249232260440423463e-23
4.121600000000000000e+04 2.249232260440423463e-23
4.147200000000000000e+04 2.249232260440423463e-23
4.172800000000000000e+04 2.249232260440423463e-23
4.198400000000000000e+04 2.249232260440423463e-23
4.224000000000000000e+04 2.249232260440423463e-23
4.249600000000000000e+04 4.127667798648890198e-24
4.275200000000000000e+04 4.127667798648890198e-24
4.300800000000000000e+04 3.598120855761676783e-24
4.326400000000000000e+04 3.598120855761676783e-24
4.352000000000000000e+04 5.242507772885924235e-25
4.377600000000000000e+04 5.242507772885924235e-25
4.403200000000000000e+04 5.242507772885924235e-25
4.428800000000000000e+04 5.242507772885924235e-25
4.454400000000000000e+04 2.069933544406936979e-25
4.480000000000000000e+04 1.329218792383826577e-25
4.505600000000000000e+04 1.329218792383826577e-25
4.531200000000000000e+04 1.329218792383826577e-25
4.556800000000000000e+04 1.329218792383826577e-25
4.582400000000000000e+04 3.259543678089274992e-26
4.608000000000000000e+04 1.455941408198529913e-26
4.633600000000000000e+04 8.711440280162209680e-27
4.659200000000000000e+04 8.711440280162209680e-27
4.684800000000000000e+04 8.711440280162209680e-27
4.710400000000000000e+04 8.711440280162209680e-27
4.736000000000000000e+04 8.711440280162209680e-27
4.761600000000000000e+04 4.747759358072659551e-27
4.787200000000000000e+04 3.601347247560224145e-27
4.812800000000000000e+04 3.601347247560224145e-27
4.838400000000000000e+04 3.329239539065551385e-27
4.864000000000000000e+04 1.716807848793803255e-27
4.889600000000000000e+04 1.042898768605465763e-28
4.915200000000000000e+04 1.042898768605465763e-28
4.940800000000000000e+04 1.042898768605465763e-28
4.966400000000000000e+04 1.042898768605465763e-28
4.992000000000000000e+04 1.042898768605465763e-28
5.017600000000000000e+04 3.569595596125078419e-29
5.043200000000000000e+04 3.569595596125078419e-29
5.068800000000000000e+04 3.569595596125078419e-29
5.094400000000000000e+04 5.965760595733901778e-30
5.120000000000000000e+04 5.965760595733901778e-30
5.145600000000000000e+04 7.888609052210118054e-31
5.171200000000000000e+04 7.888609052210118054e-31
5.196800000000000000e+04 0.000000000000000000e+00
5.222400000000000000e+04 0.000000000000000000e+00
5.248000000000000000e+04 0.000000000000000000e+00
5.273600000000000000e+04 0.000000000000000000e+00
5.299200000000000000e+04 0.000000000000000000e+00
5.324800000000000000e+04 0.000000000000000000e+00
5.350400000000000000e+04 0.000000000000000000e+00
5.376000000000000000e+04 0.000000000000000000e+00
5.401600000000000000e+04 0.000000000000000000e+00
5.427200000000000000e+04 0.000000000000000000e+00
5.452800000000000000e+04 0.000000000000000000e+00
5.478400000000000000e+04 0.000000000000000000e+00
5.504000000000000000e+04 0.000000000000000000e+00
5.529600000000000000e+04 0.000000000000000000e+00
5.555200000000000000e+04 0.000000000000000000e+00
5.580800000000000000e+04 0.000000000000000000e+00
5.606400000000000000e+04 0.000000000000000000e+00
5.632000000000000000e+04 0.000000000000000000e+00
5.657600000000000000e+04 0.000000000000000000e+00
5.683200000000000000e+04 0.000000000000000000e+00
5.708800000000000000e+04 0.000000000000000000e+00
5.734400000000000000e+04 0.000000000000000000e+00
5.760000000000000000e+04 0.000000000000000000e+00
5.785600000000000000e+04 0.000000000000000000e+00
5.811200000000000000e+04 0.000000000000000000e+00
5.836800000000000000e+04 0.000000000000000000e+00
5.862400000000000000e+04 0.000000000000000000e+00
5.888000000000000000e+04 0.000000000000000000e+00
5.913600000000000000e+04 0.000000000000000000e+00
5.939200000000000000e+04 0.000000000000000000e+00
5.964800000000000000e+04 0.000000000000000000e+00
5.990400000000000000e+04 0.000000000000000000e+00
6.016000000000000000e+04 0.000000000000000000e+00
6.041600000000000000e+04 0.000000000000000000e+00
6.067200000000000000e+04 0.000000000000000000e+00
6.092800000000000000e+04 0.000000000000000000e+00
6.118400000000000000e+04 0.000000000000000000e+00
6.144000000000000000e+04 0.000000000000000000e+00
6.169600000000000000e+04 0.000000000000000000e+00
6.195200000000000000e+04 0.000000000000000000e+00
6.220800000000000000e+04 0.000000000000000000e+00
6.246400000000000000e+04 0.000000000000000000e+00
6.272000000000000000e+04 0.000000000000000000e+00
6.297600000000000000e+04 0.000000000000000000e+00
6.323200000000000000e+04 0.000000000000000000e+00
6.348800000000000000e+04 0.000000000000000000e+00
6.374400000000000000e+04 0.000000000000000000e+00
6.400000000000000000e+04 0.000000000000000000e+00
6.425600000000000000e+04 0.000000000000000000e+00
6.451200000000000000e+04 0.000000000000000000e+00
6.476800000000000000e+04 0.000000000000000000e+00
6.502400000000000000e+04 0.000000000000000000e+00
6.528000000000000000e+04 0.000000000000000000e+00
6.553600000000000000e+04 0.000000000000000000e+00
6.579200000000000000e+04 0.000000000000000000e+00
6.604800000000000000e+04 0.000000000000000000e+00
6.630400000000000000e+04 0.000000000000000000e+00
6.656000000000000000e+04 0.000000000000000000e+00
6.681600000000000000e+04 0.000000000000000000e+00
6.707200000000000000e+04 0.000000000000000000e+00
6.732800000000000000e+04 0.000000000000000000e+00
6.758400000000000000e+04 0.000000000000000000e+00
6.784000000000000000e+04 0.000000000000000000e+00
6.809600000000000000e+04 0.000000000000000000e+00
6.835200000000000000e+04 0.000000000000000000e+00
6.860800000000000000e+04 0.000000000000000000e+00
6.886400000000000000e+04 0.000000000000000000e+00
6.912000000000000000e+04 0.000000000000000000e+00
6.937600000000000000e+04 0.000000000000000000e+00
6.963200000000000000e+04 0.000000000000000000e+00
6.988800000000000000e+04 0.000000000000000000e+00
7.014400000000000000e+04 0.000000000000000000e+00
7.040000000000000000e+04 0.000000000000000000e+00
7.065600000000000000e+04 0.000000000000000000e+00
7.091200000000000000e+04 0.000000000000000000e+00
7.116800000000000000e+04 0.000000000000000000e+00
7.142400000000000000e+04 0.000000000000000000e+00
7.168000000000000000e+04 0.000000000000000000e+00
7.193600000000000000e+04 0.000000000000000000e+00
7.219200000000000000e+04 0.000000000000000000e+00
7.244800000000000000e+04 0.000000000000000000e+00
7.270400000000000000e+04 0.000000000000000000e+00
7.296000000000000000e+04 0.000000000000000000e+00
7.321600000000000000e+04 0.000000000000000000e+00
7.347200000000000000e+04 0.000000000000000000e+00
7.372800000000000000e+04 0.000000000000000000e+00
7.398400000000000000e+04 0.000000000000000000e+00
7.424000000000000000e+04 0.000000000000000000e+00
7.449600000000000000e+04 0.000000000000000000e+00
7.475200000000000000e+04 0.000000000000000000e+00
7.500800000000000000e+04 0.000000000000000000e+00
7.526400000000000000e+04 0.000000000000000000e+00
7.552000000000000000e+04 0.000000000000000000e+00
7.577600000000000000e+04 0.000000000000000000e+00
7.603200000000000000e+04 0.000000000000000000e+00
7.628800000000000000e+04 0.000000000000000000e+00
7.654400000000000000e+04 0.000000000000000000e+00
7.680000000000000000e+04 0.000000000000000000e+00
7.705600000000000000e+04 0.000000000000000000e+00
7.731200000000000000e+04 0.000000000000000000e+00
7.756800000000000000e+04 0.000000000000000000e+00
7.782400000000000000e+04 0.000000000000000000e+00
7.808000000000000000e+04 0.000000000000000000e+00
7.833600000000000000e+04 0.000000000000000000e+00
7.859200000000000000e+04 0.000000000000000000e+00
7.884800000000000000e+04 0.000000000000000000e+00
7.910400000000000000e+04 0.000000000000000000e+00
7.936000000000000000e+04 0.000000000000000000e+00
7.961600000000000000e+04 0.000000000000000000e+00
7.987200000000000000e+04 0.000000000000000000e+00
8.012800000000000000e+04 0.000000000000000000e+00
8.038400000000000000e+04 0.000000000000000000e+00
8.064000000000000000e+04 0.000000000000000000e+00
8.089600000000000000e+04 0.000000000000000000e+00
8.115200000000000000e+04 0.000000000000000000e+00
8.140800000000000000e+04 0.000000000000000000e+00
8.166400000000000000e+04 0.000000000000000000e+00
8.192000000000000000e+04 0.000000000000000000e+00
8.217600000000000000e+04 0.000000000000000000e+00
8.243200000000000000e+04 0.000000000000000000e+00
8.268800000000000000e+04 0.000000000000000000e+00
8.294400000000000000e+04 0.000000000000000000e+00
8.320000000000000000e+04 0.000000000000000000e+00
8.345600000000000000e+04 0.000000000000000000e+00
8.371200000000000000e+04 0.000000000000000000e+00
8.396800000000000000e+04 0.000000000000000000e+00
8.422400000000000000e+04 0.000000000000000000e+00
8.448000000000000000e+04 0.000000000000000000e+00
8.473600000000000000e+04 0.000000000000000000e+00
8.499200000000000000e+04 0.000000000000000000e+00
8.524800000000000000e+04 0.000000000000000000e+00
8.550400000000000000e+04 0.000000000000000000e+00
8.576000000000000000e+04 0.000000000000000000e+00
8.601600000000000000e+04 0.000000000000000000e+00
8.627200000000000000e+04 0.000000000000000000e+00
8.652800000000000000e+04 0.000000000000000000e+00
8.678400000000000000e+04 0.000000000000000000e+00
8.704000000000000000e+04 0.000000000000000000e+00
8.729600000000000000e+04 0.000000000000000000e+00
8.755200000000000000e+04 0.000000000000000000e+00
8.780800000000000000e+04 0.000000000000000000e+00
8.806400000000000000e+04 0.000000000000000000e+00
8.832000000000000000e+04 0.000000000000000000e+00
8.857600000000000000e+04 0.000000000000000000e+00
8.883200000000000000e+04 0.000000000000000000e+00
8.908800000000000000e+04 0.000000000000000000e+00
8.934400000000000000e+04 0.000000000000000000e+00
8.960000000000000000e+04 0.000000000000000000e+00
8.985600000000000000e+04 0.000000000000000000e+00
9.011200000000000000e+04 0.000000000000000000e+00
9.036800000000000000e+04 0.000000000000000000e+00
9.062400000000000000e+04 0.000000000000000000e+00
9.088000000000000000e+04 0.000000000000000000e+00
9.113600000000000000e+04 0.000000000000000000e+00
9.139200000000000000e+04 0.000000000000000000e+00
9.164800000000000000e+04 0.000000000000000000e+00
9.190400000000000000e+04 0.000000000000000000e+00
9.216000000000000000e+04 0.000000000000000000e+00
9.241600000000000000e+04 0.000000000000000000e+00
9.267200000000000000e+04 0.000000000000000000e+00
9.292800000000000000e+04 0.000000000000000000e+00
9.318400000000000000e+04 0.000000000000000000e+00
9.344000000000000000e+04 0.000000000000000000e+00
9.369600000000000000e+04 0.000000000000000000e+00
9.395200000000000000e+04 0.000000000000000000e+00
9.420800000000000000e+04 0.000000000000000000e+00
9.446400000000000000e+04 0.000000000000000000e+00
9.472000000000000000e+04 0.000000000000000000e+00
9.497600000000000000e+04 0.000000000000000000e+00
9.523200000000000000e+04 0.000000000000000000e+00
9.548800000000000000e+04 0.000000000000000000e+00
9.574400000000000000e+04 0.000000000000000000e+00
9.600000000000000000e+04 0.000000000000000000e+00
9.625600000000000000e+04 0.000000000000000000e+00
9.651200000000000000e+04 0.000000000000000000e+00
9.676800000000000000e+04 0.000000000000000000e+00
9.702400000000000000e+04 0.000000000000000000e+00
9.728000000000000000e+04 0.000000000000000000e+00
9.753600000000000000e+04 0.000000000000000000e+00
9.779200000000000000e+04 0.000000000000000000e+00
9.804800000000000000e+04 0.000000000000000000e+00
9.830400000000000000e+04 0.000000000000000000e+00
9.856000000000000000e+04 0.000000000000000000e+00
9.881600000000000000e+04 0.000000000000000000e+00
9.907200000000000000e+04 0.000000000000000000e+00
9.932800000000000000e+04 0.000000000000000000e+00
9.958400000000000000e+04 0.000000000000000000e+00
9.984000000000000000e+04 0.000000000000000000e+00
1.000960000000000000e+05 0.000000000000000000e+00
