5.120000000000000000e+02 3.103002385391479123e+01
1.024000000000000000e+03 3.103002385391479123e+01
1.536000000000000000e+03 2.616745267956441978e+01
2.048000000000000000e+03 2.616745267956441978e+01
2.560000000000000000e+03 2.616745267956441978e+01
3.072000000000000000e+03 2.616745267956441978e+01
3.584000000000000000e+03 2.540983572482482344e+01
4.096000000000000000e+03 1.343431480029748570e+01
4.608000000000000000e+03 1.343431480029748570e+01
5.120000000000000000e+03 1.343431480029748570e+01
5.632000000000000000e+03 1.343431480029748570e+01
6.144000000000000000e+03 1.343431480029748570e+01
6.656000000000000000e+03 1.192837747141331306e+01
7.168000000000000000e+03 1.192837747141331306e+01
7.680000000000000000e+03 1.192837747141331306e+01
8.192000000000000000e+03 1.192837747141331306e+01
8.704000000000000000e+03 1.192837747141331306e+01
9.216000000000000000e+03 1.192837747141331306e+01
9.728000000000000000e+03 1.192837747141331306e+01
1.024000000000000000e+04 1.146744807555441881e+01
1.075200000000000000e+04 1.146744807555441881e+01
1.126400000000000000e+04 9.382307504955608835e+00
1.177600000000000000e+04 9.382307504955608835e+00
1.228800000000000000e+04 9.382307504955608835e+00
1.280000000000000000e+04 9.382307504955608835e+00
1.331200000000000000e+04 9.382307504955608835e+00
1.382400000000000000e+04 9.382307504955608835e+00
1.433600000000000000e+04 9.382307504955608835e+00
1.484800000000000000e+04 9.382307504955608835e+00
1.536000000000000000e+04 9.382307504955608835e+00
1.587200000000000000e+04 5.852107531594429091e+00
1.638400000000000000e+04 5.852107531594429091e+00
1.689600000000000000e+04 5.852107531594429091e+00
1.740800000000000000e+04 5.852107531594429091e+00
1.792000000000000000e+04 5.852107531594429091e+00
1.843200000000000000e+04 5.852107531594429091e+00
1.894400000000000000e+04 5.852107531594429091e+00
1.945600000000000000e+04 5.852107531594429091e+00
1.996800000000000000e+04 5.852107531594429091e+00
2.048000000000000000e+04 5.386557695224357900e+00
2.099200000000000000e+04 5.386557695224357900e+00
2.150400000000000000e+04 2.425837916140963113e+00
2.201600000000000000e+04 2.425837916140963113e+00
2.252800000000000000e+04 2.425837916140963113e+00
2.304000000000000000e+04 2.425837916140963113e+00
2.355200000000000000e+04 2.425837916140963113e+00
2.406400000000000000e+04 2.425837916140963113e+00
2.457600000000000000e+04 2.425837916140963113e+00
2.508800000000000000e+04 2.425837916140963113e+00
2.560000000000000000e+04 2.425837916140963113e+00
2.611200000000000000e+04 2.425837916140963113e+00
2.662400000000000000e+04 2.425837916140963113e+00
2.713600000000000000e+04 2.425837916140963113e+00
2.764800000000000000e+04 2.425837916140963113e+00
2.816000000000000000e+04 2.425837916140963113e+00
2.867200000000000000e+04 2.425837916140963113e+00
2.918400000000000000e+04 2.425837916140963113e+00
2.969600000000000000e+04 2.425837916140963113e+00
3.020800000000000000e+04 2.425837916140963113e+00
3.072000000000000000e+04 2.425837916140963113e+00
3.123200000000000000e+04 2.425837916140963113e+00
3.174400000000000000e+04 2.425837916140963113e+00
3.225600000000000000e+04 2.425837916140963113e+00
3.276800000000000000e+04 1.253693129350968771e+00
3.328000000000000000e+04 1.253693129350968771e+00
3.379200000000000000e+04 1.253693129350968771e+00
3.430400000000000000e+04 1.253693129350968771e+00
3.481600000000000000e+04 1.253693129350968771e+00
3.532800000000000000e+04 1.253693129350968771e+00
3.584000000000000000e+04 1.253693129350968771e+00
3.635200000000000000e+04 1.253693129350968771e+00
3.686400000000000000e+04 1.253693129350968771e+00
3.737600000000000000e+04 1.253693129350968771e+00
3.788800000000000000e+04 1.253693129350968771e+00
3.840000000000000000e+04 1.253693129350968771e+00
3.891200000000000000e+04 1.253693129350968771e+00
3.942400000000000000e+04 1.253693129350968771e+00
3.993600000000000000e+04 1.253693129350968771e+00
4.044800000000000000e+04 1.253693129350968771e+00
4.096000000000000000e+04 1.253693129350968771e+00
4.147200000000000000e+04 1.253693129350968771e+00
4.198400000000000000e+04 1.253693129350968771e+00
4.249600000000000000e+04 1.253693129350968771e+00
4.300800000000000000e+04 1.253693129350968771e+00
4.352000000000000000e+04 1.253693129350968771e+00
4.403200000000000000e+04 1.253693129350968771e+00
4.454400000000000000e+04 1.253693129350968771e+00
4.505600000000000000e+04 1.253693129350968771e+00
4.556800000000000000e+04 1.253693129350968771e+00
4.608000000000000000e+04 1.253693129350968771e+00
4.659200000000000000e+04 1.253693129350968771e+00
4.710400000000000000e+04 1.253693129350968771e+00
4.761600000000000000e+04 1.253693129350968771e+00
4.812800000000000000e+04 1.253693129350968771e+00
4.864000000000000000e+04 1.253693129350968771e+00
4.915200000000000000e+04 1.253693129350968771e+00
4.966400000000000000e+04 6.193136065165028015e-01
5.017600000000000000e+04 6.193136065165028015e-01
5.068800000000000000e+04 6.193136065165028015e-01
5.120000000000000000e+04 6.193136065165028015e-01
5.171200000000000000e+04 6.193136065165028015e-01
5.222400000000000000e+04 6.193136065165028015e-01
5.273600000000000000e+04 6.193136065165028015e-01
5.324800000000000000e+04 6.193136065165028015e-01
5.376000000000000000e+04 6.193136065165028015e-01
5.427200000000000000e+04 6.193136065165028015e-01
5.478400000000000000e+04 6.193136065165028015e-01
5.529600000000000000e+04 6.193136065165028015e-01
5.580800000000000000e+04 6.193136065165028015e-01
5.632000000000000000e+04 6.193136065165028015e-01
5.683200000000000000e+04 5.744647503209004968e-01
5.734400000000000000e+04 5.744647503209004968e-01
5.785600000000000000e+04 5.744647503209004968e-01
5.836800000000000000e+04 5.744647503209004968e-01
5.888000000000000000e+04 5.574594075430654438e-01
5.939200000000000000e+04 5.574594075430654438e-01
5.990400000000000000e+04 5.574594075430654438e-01
6.041600000000000000e+04 5.017141694271778363e-01
6.092800000000000000e+04 5.017141694271778363e-01
6.144000000000000000e+04 5.017141694271778363e-01
6.195200000000000000e+04 4.076258885970589496e-01
6.246400000000000000e+04 4.076258885970589496e-01
6.297600000000000000e+04 3.808994862084021937e-01
6.348800000000000000e+04 3.808994862084021937e-01
6.400000000000000000e+04 3.808994862084021937e-01
6.451200000000000000e+04 3.808994862084021937e-01
6.502400000000000000e+04 3.808994862084021937e-01
6.553600000000000000e+04 3.808994862084021937e-01
6.604800000000000000e+04 3.612985748140458142e-01
6.656000000000000000e+04 3.612985748140458142e-01
6.707200000000000000e+04 3.612985748140458142e-01
6.758400000000000000e+04 3.612985748140458142e-01
6.809600000000000000e+04 3.612985748140458142e-01
6.860800000000000000e+04 3.612985748140458142e-01
6.912000000000000000e+04 3.612985748140458142e-01
6.963200000000000000e+04 3.612985748140458142e-01
7.014400000000000000e+04 2.050961294850189021e-01
7.065600000000000000e+04 2.050961294850189021e-01
7.116800000000000000e+04 2.050961294850189021e-01
7.168000000000000000e+04 2.050961294850189021e-01
7.219200000000000000e+04 2.050961294850189021e-01
7.270400000000000000e+04 1.605178713836616367e-01
7.321600000000000000e+04 1.605178713836616367e-01
7.372800000000000000e+04 1.605178713836616367e-01
7.424000000000000000e+04 1.605178713836616367e-01
7.475200000000000000e+04 1.605178713836616367e-01
7.526400000000000000e+04 1.179595401329836257e-01
7.577600000000000000e+04 1.179595401329836257e-01
7.628800000000000000e+04 1.179595401329836257e-01
7.680000000000000000e+04 1.179595401329836257e-01
7.731200000000000000e+04 1.179595401329836257e-01
7.782400000000000000e+04 1.179595401329836257e-01
7.833600000000000000e+04 1.179595401329836257e-01
7.884800000000000000e+04 1.179595401329836257e-01
7.936000000000000000e+04 6.254236095552366537e-02
7.987200000000000000e+04 6.254236095552366537e-02
8.038400000000000000e+04 6.254236095552366537e-02
8.089600000000000000e+04 6.254236095552366537e-02
8.140800000000000000e+04 6.254236095552366537e-02
8.192000000000000000e+04 6.254236095552366537e-02
8.243200000000000000e+04 6.254236095552366537e-02
8.294400000000000000e+04 6.254236095552366537e-02
8.345600000000000000e+04 6.254236095552366537e-02
8.396800000000000000e+04 6.254236095552366537e-02
8.448000000000000000e+04 6.254236095552366537e-02
8.499200000000000000e+04 6.254236095552366537e-02
8.550400000000000000e+04 6.254236095552366537e-02
8.601600000000000000e+04 6.254236095552366537e-02
8.652800000000000000e+04 6.254236095552366537e-02
8.704000000000000000e+04 6.254236095552366537e-02
8.755200000000000000e+04 6.254236095552366537e-02
8.806400000000000000e+04 6.254236095552366537e-02
8.857600000000000000e+04 6.254236095552366537e-02
8.908800000000000000e+04 6.254236095552366537e-02
8.960000000000000000e+04 6.254236095552366537e-02
9.011200000000000000e+04 6.254236095552366537e-02
9.062400000000000000e+04 6.254236095552366537e-02
9.113600000000000000e+04 6.254236095552366537e-02
9.164800000000000000e+04 6.254236095552366537e-02
9.216000000000000000e+04 6.254236095552366537e-02
9.267200000000000000e+04 6.254236095552366537e-02
9.318400000000000000e+04 6.254236095552366537e-02
9.369600000000000000e+04 6.254236095552366537e-02
9.420800000000000000e+04 6.254236095552366537e-02
9.472000000000000000e+04 6.193930695811276921e-02
9.523200000000000000e+04 6.193930695811276921e-02
9.574400000000000000e+04 6.193930695811276921e-02
9.625600000000000000e+04 5.299621790086220946e-02
9.676800000000000000e+04 5.299621790086220946e-02
9.728000000000000000e+04 5.299621790086220946e-02
9.779200000000000000e+04 5.299621790086220946e-02
9.830400000000000000e+04 5.299621790086220946e-02
9.881600000000000000e+04 5.299621790086220946e-02
9.932800000000000000e+04 5.299621790086220946e-02
9.984000000000000000e+04 5.299621790086220946e-02
1.003520000000000000e+05 4.244759319581310753e-02
1.008640000000000000e+05 4.244759319581310753e-02
1.013760000000000000e+05 4.244759319581310753e-02
1.018880000000000000e+05 4.244759319581310753e-02
1.024000000000000000e+05 4.244759319581310753e-02
1.029120000000000000e+05 4.244759319581310753e-02
1.034240000000000000e+05 4.244759319581310753e-02
1.039360000000000000e+05 2.742823311009353823e-02
1.044480000000000000e+05 2.742823311009353823e-02
1.049600000000000000e+05 2.742823311009353823e-02
1.054720000000000000e+05 2.742823311009353823e-02
1.059840000000000000e+05 2.742823311009353823e-02
1.064960000000000000e+05 2.742823311009353823e-02
1.070080000000000000e+05 2.742823311009353823e-02
1.075200000000000000e+05 2.742823311009353823e-02
1.080320000000000000e+05 2.742823311009353823e-02
1.085440000000000000e+05 2.356459558026896203e-02
1.090560000000000000e+05 2.356459558026896203e-02
1.095680000000000000e+05 2.356459558026896203e-02
1.100800000000000000e+05 2.356459558026896203e-02
1.105920000000000000e+05 2.356459558026896203e-02
1.111040000000000000e+05 2.356459558026896203e-02
1.116160000000000000e+05 2.335494675221494801e-02
1.121280000000000000e+05 2.335494675221494801e-02
1.126400000000000000e+05 2.195893474673614107e-02
1.131520000000000000e+05 2.195893474673614107e-02
1.136640000000000000e+05 2.195893474673614107e-02
1.141760000000000000e+05 2.195893474673614107e-02
1.146880000000000000e+05 2.195893474673614107e-02
1.152000000000000000e+05 2.195893474673614107e-02
1.157120000000000000e+05 2.195893474673614107e-02
1.162240000000000000e+05 2.195893474673614107e-02
1.167360000000000000e+05 2.195893474673614107e-02
1.172480000000000000e+05 2.195893474673614107e-02
1.177600000000000000e+05 1.332325208953928294e-02
1.182720000000000000e+05 1.332325208953928294e-02
1.187840000000000000e+05 1.332325208953928294e-02
1.192960000000000000e+05 1.332325208953928294e-02
1.198080000000000000e+05 1.332325208953928294e-02
1.203200000000000000e+05 1.332325208953928294e-02
1.208320000000000000e+05 1.332325208953928294e-02
1.213440000000000000e+05 1.332325208953928294e-02
1.218560000000000000e+05 1.332325208953928294e-02
1.223680000000000000e+05 1.332325208953928294e-02
1.228800000000000000e+05 1.159750176544648015e-02
1.233920000000000000e+05 1.159750176544648015e-02
1.239040000000000000e+05 1.159750176544648015e-02
1.244160000000000000e+05 9.028866092128591189e-03
1.249280000000000000e+05 9.028866092128591189e-03
1.254400000000000000e+05 9.028866092128591189e-03
1.259520000000000000e+05 9.028866092128591189e-03
1.264640000000000000e+05 8.467702701571697133e-03
1.269760000000000000e+05 5.359089415387230729e-03
1.274880000000000000e+05 5.359089415387230729e-03
1.280000000000000000e+05 5.359089415387230729e-03
1.285120000000000000e+05 5.359089415387230729e-03
1.290240000000000000e+05 5.359089415387230729e-03
1.295360000000000000e+05 5.359089415387230729e-03
1.300480000000000000e+05 5.359089415387230729e-03
1.305600000000000000e+05 5.359089415387230729e-03
1.310720000000000000e+05 5.359089415387230729e-03
1.315840000000000000e+05 5.359089415387230729e-03
1.320960000000000000e+05 5.359089415387230729e-03
1.326080000000000000e+05 5.359089415387230729e-03
1.331200000000000000e+05 5.359089415387230729e-03
1.336320000000000000e+05 5.359089415387230729e-03
1.341440000000000000e+05 5.359089415387230729e-03
1.346560000000000000e+05 5.359089415387230729e-03
1.351680000000000000e+05 5.359089415387230729e-03
1.356800000000000000e+05 5.359089415387230729e-03
1.361920000000000000e+05 5.359089415387230729e-03
1.367040000000000000e+05 5.359089415387230729e-03
1.372160000000000000e+05 5.359089415387230729e-03
1.377280000000000000e+05 5.359089415387230729e-03
1.382400000000000000e+05 2.657786932457634199e-03
1.387520000000000000e+05 2.657786932457634199e-03
1.392640000000000000e+05 2.657786932457634199e-03
1.397760000000000000e+05 2.657786932457634199e-03
1.402880000000000000e+05 2.657786932457634199e-03
1.408000000000000000e+05 2.657786932457634199e-03
1.413120000000000000e+05 2.657786932457634199e-03
1.418240000000000000e+05 2.657786932457634199e-03
1.423360000000000000e+05 2.657786932457634199e-03
1.428480000000000000e+05 2.657786932457634199e-03
1.433600000000000000e+05 2.657786932457634199e-03
1.438720000000000000e+05 2.657786932457634199e-03
1.443840000000000000e+05 2.657786932457634199e-03
1.448960000000000000e+05 2.657786932457634199e-03
1.454080000000000000e+05 2.657786932457634199e-03
1.459200000000000000e+05 2.657786932457634199e-03
1.464320000000000000e+05 2.657786932457634199e-03
1.469440000000000000e+05 2.041350236845457244e-03
1.474560000000000000e+05 2.041350236845457244e-03
1.479680000000000000e+05 2.041350236845457244e-03
1.484800000000000000e+05 2.041350236845457244e-03
1.489920000000000000e+05 2.041350236845457244e-03
1.495040000000000000e+05 2.041350236845457244e-03
1.500160000000000000e+05 2.041350236845457244e-03
1.505280000000000000e+05 2.041350236845457244e-03
1.510400000000000000e+05 2.041350236845457244e-03
1.515520000000000000e+05 2.041350236845457244e-03
1.520640000000000000e+05 2.041350236845457244e-03
1.525760000000000000e+05 1.999802173095247514e-03
1.530880000000000000e+05 1.999802173095247514e-03
1.536000000000000000e+05 1.999802173095247514e-03
1.541120000000000000e+05 1.999802173095247514e-03
1.546240000000000000e+05 1.999802173095247514e-03
1.551360000000000000e+05 1.869583583786946267e-03
1.556480000000000000e+05 1.869583583786946267e-03
1.561600000000000000e+05 1.869583583786946267e-03
1.566720000000000000e+05 1.442677549488683569e-03
1.571840000000000000e+05 1.442677549488683569e-03
1.576960000000000000e+05 1.442677549488683569e-03
1.582080000000000000e+05 1.442677549488683569e-03
1.587200000000000000e+05 1.442677549488683569e-03
1.592320000000000000e+05 1.442677549488683569e-03
1.597440000000000000e+05 1.442677549488683569e-03
1.602560000000000000e+05 1.442677549488683569e-03
1.607680000000000000e+05 1.442677549488683569e-03
1.612800000000000000e+05 1.442677549488683569e-03
1.617920000000000000e+05 1.415805397481425826e-03
1.623040000000000000e+05 6.469039998388101571e-04
1.628160000000000000e+05 6.469039998388101571e-04
1.633280000000000000e+05 6.469039998388101571e-04
1.638400000000000000e+05 6.469039998388101571e-04
1.643520000000000000e+05 6.469039998388101571e-04
1.648640000000000000e+05 6.469039998388101571e-04
1.653760000000000000e+05 6.469039998388101571e-04
1.658880000000000000e+05 6.469039998388101571e-04
1.664000000000000000e+05 6.469039998388101571e-04
1.669120000000000000e+05 6.469039998388101571e-04
1.674240000000000000e+05 6.469039998388101571e-04
1.679360000000000000e+05 6.469039998388101571e-04
1.684480000000000000e+05 6.469039998388101571e-04
1.689600000000000000e+05 6.469039998388101571e-04
1.694720000000000000e+05 6.469039998388101571e-04
1.699840000000000000e+05 6.469039998388101571e-04
1.704960000000000000e+05 6.469039998388101571e-04
1.710080000000000000e+05 6.469039998388101571e-04
1.715200000000000000e+05 6.469039998388101571e-04
1.720320000000000000e+05 6.469039998388101571e-04
1.725440000000000000e+05 6.469039998388101571e-04
1.730560000000000000e+05 3.619327213810389189e-04
1.735680000000000000e+05 3.619327213810389189e-04
1.740800000000000000e+05 3.619327213810389189e-04
1.745920000000000000e+05 3.619327213810389189e-04
1.751040000000000000e+05 3.619327213810389189e-04
1.756160000000000000e+05 3.619327213810389189e-04
1.761280000000000000e+05 3.619327213810389189e-04
1.766400000000000000e+05 3.619327213810389189e-04
1.771520000000000000e+05 3.619327213810389189e-04
1.776640000000000000e+05 3.619327213810389189e-04
1.781760000000000000e+05 3.619327213810389189e-04
1.786880000000000000e+05 3.619327213810389189e-04
1.792000000000000000e+05 3.619327213810389189e-04
1.797120000000000000e+05 3.619327213810389189e-04
1.802240000000000000e+05 3.619327213810389189e-04
1.807360000000000000e+05 3.619327213810389189e-04
1.812480000000000000e+05 3.619327213810389189e-04
1.817600000000000000e+05 3.619327213810389189e-04
1.822720000000000000e+05 3.619327213810389189e-04
1.827840000000000000e+05 3.619327213810389189e-04
1.832960000000000000e+05 3.172063140874401368e-04
1.838080000000000000e+05 3.172063140874401368e-04
1.843200000000000000e+05 2.806546555698837247e-04
1.848320000000000000e+05 2.806546555698837247e-04
1.853440000000000000e+05 2.806546555698837247e-04
1.858560000000000000e+05 2.806546555698837247e-04
1.863680000000000000e+05 2.806546555698837247e-04
1.868800000000000000e+05 2.255246314793054284e-04
1.873920000000000000e+05 2.255246314793054284e-04
1.879040000000000000e+05 2.255246314793054284e-04
1.884160000000000000e+05 2.255246314793054284e-04
1.889280000000000000e+05 1.592001292636460860e-04
1.894400000000000000e+05 1.592001292636460860e-04
1.899520000000000000e+05 1.592001292636460860e-04
1.904640000000000000e+05 1.592001292636460860e-04
1.909760000000000000e+05 1.592001292636460860e-04
1.914880000000000000e+05 1.592001292636460860e-04
1.920000000000000000e+05 1.592001292636460860e-04
1.925120000000000000e+05 1.592001292636460860e-04
1.930240000000000000e+05 1.592001292636460860e-04
1.935360000000000000e+05 1.592001292636460860e-04
1.940480000000000000e+05 1.592001292636460860e-04
1.945600000000000000e+05 1.592001292636460860e-04
1.950720000000000000e+05 1.592001292636460860e-04
1.955840000000000000e+05 1.340331659537393936e-04
1.960960000000000000e+05 1.340331659537393936e-04
1.966080000000000000e+05 1.340331659537393936e-04
1.971200000000000000e+05 1.340331659537393936e-04
1.976320000000000000e+05 9.575595891987965212e-05
1.981440000000000000e+05 9.575595891987965212e-05
1.986560000000000000e+05 7.400102469160065055e-05
1.991680000000000000e+05 7.400102469160065055e-05
1.996800000000000000e+05 7.400102469160065055e-05
2.001920000000000000e+05 7.400102469160065055e-05
2.007040000000000000e+05 7.400102469160065055e-05
2.012160000000000000e+05 7.400102469160065055e-05
2.017280000000000000e+05 7.400102469160065055e-05
2.022400000000000000e+05 6.395155505397774002e-05
2.027520000000000000e+05 6.395155505397774002e-05
2.032640000000000000e+05 6.395155505397774002e-05
2.037760000000000000e+05 6.395155505397774002e-05
2.042880000000000000e+05 6.395155505397774002e-05
2.048000000000000000e+05 6.395155505397774002e-05
2.053120000000000000e+05 6.395155505397774002e-05
2.058240000000000000e+05 6.395155505397774002e-05
2.063360000000000000e+05 6.395155505397774002e-05
2.068480000000000000e+05 5.459474959760553063e-05
2.073600000000000000e+05 5.459474959760553063e-05
2.078720000000000000e+05 5.459474959760553063e-05
2.083840000000000000e+05 5.459474959760553063e-05
2.088960000000000000e+05 5.459474959760553063e-05
2.094080000000000000e+05 5.459474959760553063e-05
2.099200000000000000e+05 5.459474959760553063e-05
2.104320000000000000e+05 5.459474959760553063e-05
2.109440000000000000e+05 5.459474959760553063e-05
2.114560000000000000e+05 5.459474959760553063e-05
2.119680000000000000e+05 5.459474959760553063e-05
2.124800000000000000e+05 5.459474959760553063e-05
2.129920000000000000e+05 5.459474959760553063e-05
2.135040000000000000e+05 5.459474959760553063e-05
2.140160000000000000e+05 5.459474959760553063e-05
2.145280000000000000e+05 5.459474959760553063e-05
2.150400000000000000e+05 5.459474959760553063e-05
2.155520000000000000e+05 5.459474959760553063e-05
2.160640000000000000e+05 5.459474959760553063e-05
2.165760000000000000e+05 5.459474959760553063e-05
2.170880000000000000e+05 5.459474959760553063e-05
2.176000000000000000e+05 4.962570998680459778e-05
2.181120000000000000e+05 4.962570998680459778e-05
2.186240000000000000e+05 3.145523745199192342e-05
2.191360000000000000e+05 3.145523745199192342e-05
2.196480000000000000e+05 3.145523745199192342e-05
2.201600000000000000e+05 3.145523745199192342e-05
2.206720000000000000e+05 3.145523745199192342e-05
2.211840000000000000e+05 3.145523745199192342e-05
2.216960000000000000e+05 3.145523745199192342e-05
2.222080000000000000e+05 3.145523745199192342e-05
2.227200000000000000e+05 3.145523745199192342e-05
2.232320000000000000e+05 2.570016141576873949e-05
2.237440000000000000e+05 2.148870721801582714e-05
2.242560000000000000e+05 2.148870721801582714e-05
2.247680000000000000e+05 2.148870721801582714e-05
2.252800000000000000e+05 2.148870721801582714e-05
2.257920000000000000e+05 2.148870721801582714e-05
2.263040000000000000e+05 2.148870721801582714e-05
2.268160000000000000e+05 2.050938739778598602e-05
2.273280000000000000e+05 2.050938739778598602e-05
2.278400000000000000e+05 2.050938739778598602e-05
2.283520000000000000e+05 1.380310546306022748e-05
2.288640000000000000e+05 1.380310546306022748e-05
2.293760000000000000e+05 1.380310546306022748e-05
2.298880000000000000e+05 1.380310546306022748e-05
2.304000000000000000e+05 1.380310546306022748e-05
2.309120000000000000e+05 1.380310546306022748e-05
2.314240000000000000e+05 1.380310546306022748e-05
2.319360000000000000e+05 1.380310546306022748e-05
2.324480000000000000e+05 9.996306208967487787e-06
2.329600000000000000e+05 9.996306208967487787e-06
2.334720000000000000e+05 9.996306208967487787e-06
2.339840000000000000e+05 9.996306208967487787e-06
2.344960000000000000e+05 9.996306208967487787e-06
2.350080000000000000e+05 9.996306208967487787e-06
2.355200000000000000e+05 9.996306208967487787e-06
2.360320000000000000e+05 8.835678444491105578e-06
2.365440000000000000e+05 8.835678444491105578e-06
2.370560000000000000e+05 8.835678444491105578e-06
2.375680000000000000e+05 8.835678444491105578e-06
2.380800000000000000e+05 8.835678444491105578e-06
2.385920000000000000e+05 8.835678444491105578e-06
2.391040000000000000e+05 8.835678444491105578e-06
2.396160000000000000e+05 8.835678444491105578e-06
2.401280000000000000e+05 8.835678444491105578e-06
2.406400000000000000e+05 8.835678444491105578e-06
2.411520000000000000e+05 8.835678444491105578e-06
2.416640000000000000e+05 8.835678444491105578e-06
2.421760000000000000e+05 8.835678444491105578e-06
2.426880000000000000e+05 8.835678444491105578e-06
2.432000000000000000e+05 8.835678444491105578e-06
2.437120000000000000e+05 8.835678444491105578e-06
2.442240000000000000e+05 7.885186154883251097e-06
2.447360000000000000e+05 7.885186154883251097e-06
2.452480000000000000e+05 7.885186154883251097e-06
2.457600000000000000e+05 7.885186154883251097e-06
2.462720000000000000e+05 7.885186154883251097e-06
2.467840000000000000e+05 7.885186154883251097e-06
2.472960000000000000e+05 3.945673300584477615e-06
2.478080000000000000e+05 3.945673300584477615e-06
2.483200000000000000e+05 3.945673300584477615e-06
2.488320000000000000e+05 3.945673300584477615e-06
2.493440000000000000e+05 3.945673300584477615e-06
2.498560000000000000e+05 3.945673300584477615e-06
2.503680000000000000e+05 3.945673300584477615e-06
2.508800000000000000e+05 3.945673300584477615e-06
2.513920000000000000e+05 3.945673300584477615e-06
2.519040000000000000e+05 3.945673300584477615e-06
2.524160000000000000e+05 3.945673300584477615e-06
2.529280000000000000e+05 3.945673300584477615e-06
2.534400000000000000e+05 3.945673300584477615e-06
2.539520000000000000e+05 3.945673300584477615e-06
2.544640000000000000e+05 3.945673300584477615e-06
2.549760000000000000e+05 3.945673300584477615e-06
2.554880000000000000e+05 3.945673300584477615e-06
2.560000000000000000e+05 3.945673300584477615e-06
2.565120000000000000e+05 3.945673300584477615e-06
2.570240000000000000e+05 3.230403077860270444e-06
2.575360000000000000e+05 3.011283209513829928e-06
2.580480000000000000e+05 3.011283209513829928e-06
2.585600000000000000e+05 3.011283209513829928e-06
2.590720000000000000e+05 2.441139375081234288e-06
2.595840000000000000e+05 2.441139375081234288e-06
2.600960000000000000e+05 2.441139375081234288e-06
2.606080000000000000e+05 2.441139375081234288e-06
2.611200000000000000e+05 2.441139375081234288e-06
2.616320000000000000e+05 2.441139375081234288e-06
2.621440000000000000e+05 1.760413456694276076e-06
2.626560000000000000e+05 1.760413456694276076e-06
2.631680000000000000e+05 1.760413456694276076e-06
2.636800000000000000e+05 1.760413456694276076e-06
2.641920000000000000e+05 1.760413456694276076e-06
2.647040000000000000e+05 1.760413456694276076e-06
2.652160000000000000e+05 1.114301527264420815e-06
2.657280000000000000e+05 1.114301527264420815e-06
2.662400000000000000e+05 1.114301527264420815e-06
2.667520000000000000e+05 1.114301527264420815e-06
2.672640000000000000e+05 1.114301527264420815e-06
2.677760000000000000e+05 1.114301527264420815e-06
2.682880000000000000e+05 1.114301527264420815e-06
2.688000000000000000e+05 1.114301527264420815e-06
2.693120000000000000e+05 1.114301527264420815e-06
2.698240000000000000e+05 1.114301527264420815e-06
2.703360000000000000e+05 1.114301527264420815e-06
2.708480000000000000e+05 1.114301527264420815e-06
2.713600000000000000e+05 1.114301527264420815e-06
2.718720000000000000e+05 4.940317056313388411e-07
2.723840000000000000e+05 4.940317056313388411e-07
2.728960000000000000e+05 4.940317056313388411e-07
2.734080000000000000e+05 4.940317056313388411e-07
2.739200000000000000e+05 4.940317056313388411e-07
2.744320000000000000e+05 4.940317056313388411e-07
2.749440000000000000e+05 4.940317056313388411e-07
2.754560000000000000e+05 4.940317056313388411e-07
2.759680000000000000e+05 4.940317056313388411e-07
2.764800000000000000e+05 4.940317056313388411e-07
2.769920000000000000e+05 4.940317056313388411e-07
2.775040000000000000e+05 4.940317056313388411e-07
2.780160000000000000e+05 4.940317056313388411e-07
2.785280000000000000e+05 4.940317056313388411e-07
2.790400000000000000e+05 4.940317056313388411e-07
2.795520000000000000e+05 4.539077009489437568e-07
2.800640000000000000e+05 4.539077009489437568e-07
2.805760000000000000e+05 4.539077009489437568e-07
2.810880000000000000e+05 4.539077009489437568e-07
2.816000000000000000e+05 4.539077009489437568e-07
2.821120000000000000e+05 4.539077009489437568e-07
2.826240000000000000e+05 4.539077009489437568e-07
2.831360000000000000e+05 4.539077009489437568e-07
2.836480000000000000e+05 4.539077009489437568e-07
2.841600000000000000e+05 4.539077009489437568e-07
2.846720000000000000e+05 4.539077009489437568e-07
2.851840000000000000e+05 3.428747820278298314e-07
2.856960000000000000e+05 3.428747820278298314e-07
2.862080000000000000e+05 3.428747820278298314e-07
2.867200000000000000e+05 2.951276850978923286e-07
2.872320000000000000e+05 2.951276850978923286e-07
2.877440000000000000e+05 2.951276850978923286e-07
2.882560000000000000e+05 2.951276850978923286e-07
2.887680000000000000e+05 2.951276850978923286e-07
2.892800000000000000e+05 2.951276850978923286e-07
2.897920000000000000e+05 2.951276850978923286e-07
2.903040000000000000e+05 2.951276850978923286e-07
2.908160000000000000e+05 2.951276850978923286e-07
2.913280000000000000e+05 2.951276850978923286e-07
2.918400000000000000e+05 2.951276850978923286e-07
2.923520000000000000e+05 2.951276850978923286e-07
2.928640000000000000e+05 2.951276850978923286e-07
2.933760000000000000e+05 1.702973306773339847e-07
2.938880000000000000e+05 1.702973306773339847e-07
2.944000000000000000e+05 1.702973306773339847e-07
2.949120000000000000e+05 1.702973306773339847e-07
2.954240000000000000e+05 1.702973306773339847e-07
2.959360000000000000e+05 1.702973306773339847e-07
2.964480000000000000e+05 1.702973306773339847e-07
2.969600000000000000e+05 1.702973306773339847e-07
2.974720000000000000e+05 1.702973306773339847e-07
2.979840000000000000e+05 1.702973306773339847e-07
2.984960000000000000e+05 1.702973306773339847e-07
2.990080000000000000e+05 1.702973306773339847e-07
2.995200000000000000e+05 1.702973306773339847e-07
3.000320000000000000e+05 1.183189688221747987e-07
3.005440000000000000e+05 1.183189688221747987e-07
3.010560000000000000e+05 1.183189688221747987e-07
3.015680000000000000e+05 1.183189688221747987e-07
3.020800000000000000e+05 1.183189688221747987e-07
3.025920000000000000e+05 1.183189688221747987e-07
3.031040000000000000e+05 1.183189688221747987e-07
3.036160000000000000e+05 1.183189688221747987e-07
3.041280000000000000e+05 1.183189688221747987e-07
3.046400000000000000e+05 1.183189688221747987e-07
3.051520000000000000e+05 1.183189688221747987e-07
3.056640000000000000e+05 1.183189688221747987e-07
3.061760000000000000e+05 1.183189688221747987e-07
3.066880000000000000e+05 1.183189688221747987e-07
3.072000000000000000e+05 1.183189688221747987e-07
3.077120000000000000e+05 1.183189688221747987e-07
3.082240000000000000e+05 1.183189688221747987e-07
3.087360000000000000e+05 1.165995709487248911e-07
3.092480000000000000e+05 1.165995709487248911e-07
3.097600000000000000e+05 1.165995709487248911e-07
3.102720000000000000e+05 1.043273867300748785e-07
3.107840000000000000e+05 9.783025316508862835e-08
3.112960000000000000e+05 9.783025316508862835e-08
3.118080000000000000e+05 9.783025316508862835e-08
3.123200000000000000e+05 9.783025316508862835e-08
3.128320000000000000e+05 5.428845400550429333e-08
3.133440000000000000e+05 5.428845400550429333e-08
3.138560000000000000e+05 5.428845400550429333e-08
3.143680000000000000e+05 5.428845400550429333e-08
3.148800000000000000e+05 5.428845400550429333e-08
3.153920000000000000e+05 5.428845400550429333e-08
3.159040000000000000e+05 5.428845400550429333e-08
3.164160000000000000e+05 5.428845400550429333e-08
3.169280000000000000e+05 5.428845400550429333e-08
3.174400000000000000e+05 5.428845400550429333e-08
3.179520000000000000e+05 5.428845400550429333e-08
3.184640000000000000e+05 4.945927806574607101e-08
3.189760000000000000e+05 4.945927806574607101e-08
3.194880000000000000e+05 4.945927806574607101e-08
3.200000000000000000e+05 4.945927806574607101e-08
3.205120000000000000e+05 3.141897029347860112e-08
3.210240000000000000e+05 3.141897029347860112e-08
3.215360000000000000e+05 3.141897029347860112e-08
3.220480000000000000e+05 3.141897029347860112e-08
3.225600000000000000e+05 3.141897029347860112e-08
3.230720000000000000e+05 3.141897029347860112e-08
3.235840000000000000e+05 3.141897029347860112e-08
3.240960000000000000e+05 3.141897029347860112e-08
3.246080000000000000e+05 3.141897029347860112e-08
3.251200000000000000e+05 3.141897029347860112e-08
3.256320000000000000e+05 3.141897029347860112e-08
3.261440000000000000e+05 3.141897029347860112e-08
3.266560000000000000e+05 3.141897029347860112e-08
3.271680000000000000e+05 3.141897029347860112e-08
3.276800000000000000e+05 2.386218093166474049e-08
3.281920000000000000e+05 2.386218093166474049e-08
3.287040000000000000e+05 2.386218093166474049e-08
3.292160000000000000e+05 2.386218093166474049e-08
3.297280000000000000e+05 2.055206340583701789e-08
3.302400000000000000e+05 1.860712551523619482e-08
3.307520000000000000e+05 1.860712551523619482e-08
3.312640000000000000e+05 1.860712551523619482e-08
3.317760000000000000e+05 1.860712551523619482e-08
3.322880000000000000e+05 1.860712551523619482e-08
3.328000000000000000e+05 1.860712551523619482e-08
3.333120000000000000e+05 1.860712551523619482e-08
3.338240000000000000e+05 1.860712551523619482e-08
3.343360000000000000e+05 1.860712551523619482e-08
3.348480000000000000e+05 1.860712551523619482e-08
3.353600000000000000e+05 1.860712551523619482e-08
3.358720000000000000e+05 1.860712551523619482e-08
3.363840000000000000e+05 1.860712551523619482e-08
3.368960000000000000e+05 1.860712551523619482e-08
3.374080000000000000e+05 1.860712551523619482e-08
3.379200000000000000e+05 1.860712551523619482e-08
3.384320000000000000e+05 1.860712551523619482e-08
3.389440000000000000e+05 1.860712551523619482e-08
3.394560000000000000e+05 1.552299230982027694e-08
3.399680000000000000e+05 1.552299230982027694e-08
3.404800000000000000e+05 1.552299230982027694e-08
3.409920000000000000e+05 1.214368673167689857e-08
3.415040000000000000e+05 1.214368673167689857e-08
3.420160000000000000e+05 1.214368673167689857e-08
3.425280000000000000e+05 1.214368673167689857e-08
3.430400000000000000e+05 1.214368673167689857e-08
3.435520000000000000e+05 8.409864601136672275e-09
3.440640000000000000e+05 8.409864601136672275e-09
3.445760000000000000e+05 8.409864601136672275e-09
3.450880000000000000e+05 8.409864601136672275e-09
3.456000000000000000e+05 8.409864601136672275e-09
3.461120000000000000e+05 8.409864601136672275e-09
3.466240000000000000e+05 8.409864601136672275e-09
3.471360000000000000e+05 8.409864601136672275e-09
3.476480000000000000e+05 7.535764274994604465e-09
3.481600000000000000e+05 7.535764274994604465e-09
3.486720000000000000e+05 7.535764274994604465e-09
3.491840000000000000e+05 7.535764274994604465e-09
3.496960000000000000e+05 7.535764274994604465e-09
3.502080000000000000e+05 7.535764274994604465e-09
3.507200000000000000e+05 7.535764274994604465e-09
3.512320000000000000e+05 7.535764274994604465e-09
3.517440000000000000e+05 7.535764274994604465e-09
3.522560000000000000e+05 7.535764274994604465e-09
3.527680000000000000e+05 7.535764274994604465e-09
3.532800000000000000e+05 7.535764274994604465e-09
3.537920000000000000e+05 7.535764274994604465e-09
3.543040000000000000e+05 6.890211437853631473e-09
3.548160000000000000e+05 6.730643095552651431e-09
3.553280000000000000e+05 6.730643095552651431e-09
3.558400000000000000e+05 6.559579832447135337e-09
3.563520000000000000e+05 6.559579832447135337e-09
3.568640000000000000e+05 6.531313803384887412e-09
3.573760000000000000e+05 4.352239520798523549e-09
3.578880000000000000e+05 4.352239520798523549e-09
3.584000000000000000e+05 4.352239520798523549e-09
3.589120000000000000e+05 4.352239520798523549e-09
3.594240000000000000e+05 4.046487390138605183e-09
3.599360000000000000e+05 4.046487390138605183e-09
3.604480000000000000e+05 4.046487390138605183e-09
3.609600000000000000e+05 4.046487390138605183e-09
3.614720000000000000e+05 4.046487390138605183e-09
3.619840000000000000e+05 4.046487390138605183e-09
3.624960000000000000e+05 4.046487390138605183e-09
3.630080000000000000e+05 4.046487390138605183e-09
3.635200000000000000e+05 4.046487390138605183e-09
3.640320000000000000e+05 4.046487390138605183e-09
3.645440000000000000e+05 4.046487390138605183e-09
3.650560000000000000e+05 4.046487390138605183e-09
3.655680000000000000e+05 3.890137696577243734e-09
3.660800000000000000e+05 2.543722180855740029e-09
3.665920000000000000e+05 2.543722180855740029e-09
3.671040000000000000e+05 2.543722180855740029e-09
3.676160000000000000e+05 2.543722180855740029e-09
3.681280000000000000e+05 2.543722180855740029e-09
3.686400000000000000e+05 2.543722180855740029e-09
3.691520000000000000e+05 2.543722180855740029e-09
3.696640000000000000e+05 2.543722180855740029e-09
3.701760000000000000e+05 2.543722180855740029e-09
3.706880000000000000e+05 2.543722180855740029e-09
3.712000000000000000e+05 2.543722180855740029e-09
3.717120000000000000e+05 2.543722180855740029e-09
3.722240000000000000e+05 2.543722180855740029e-09
3.727360000000000000e+05 2.543722180855740029e-09
3.732480000000000000e+05 2.543722180855740029e-09
3.737600000000000000e+05 2.543722180855740029e-09
3.742720000000000000e+05 2.543722180855740029e-09
3.747840000000000000e+05 2.028793332071783578e-09
3.752960000000000000e+05 2.028793332071783578e-09
3.758080000000000000e+05 2.028793332071783578e-09
3.763200000000000000e+05 1.717658756434691189e-09
3.768320000000000000e+05 1.517574251139250290e-09
3.773440000000000000e+05 1.517574251139250290e-09
3.778560000000000000e+05 1.517574251139250290e-09
3.783680000000000000e+05 1.517574251139250290e-09
3.788800000000000000e+05 1.517574251139250290e-09
3.793920000000000000e+05 1.517574251139250290e-09
3.799040000000000000e+05 7.457190321966690097e-10
3.804160000000000000e+05 7.457190321966690097e-10
3.809280000000000000e+05 7.066689837089035450e-10
3.814400000000000000e+05 7.066689837089035450e-10
3.819520000000000000e+05 7.066689837089035450e-10
3.824640000000000000e+05 7.066689837089035450e-10
3.829760000000000000e+05 7.066689837089035450e-10
3.834880000000000000e+05 7.066689837089035450e-10
3.840000000000000000e+05 7.066689837089035450e-10
3.845120000000000000e+05 7.066689837089035450e-10
3.850240000000000000e+05 7.066689837089035450e-10
3.855360000000000000e+05 7.066689837089035450e-10
3.860480000000000000e+05 7.066689837089035450e-10
3.865600000000000000e+05 7.066689837089035450e-10
3.870720000000000000e+05 7.066689837089035450e-10
3.875840000000000000e+05 7.066689837089035450e-10
3.880960000000000000e+05 7.066689837089035450e-10
3.886080000000000000e+05 7.066689837089035450e-10
3.891200000000000000e+05 5.638707682223382559e-10
3.896320000000000000e+05 5.638707682223382559e-10
3.901440000000000000e+05 5.638707682223382559e-10
3.906560000000000000e+05 5.638707682223382559e-10
3.911680000000000000e+05 5.638707682223382559e-10
3.916800000000000000e+05 5.638707682223382559e-10
3.921920000000000000e+05 5.638707682223382559e-10
3.927040000000000000e+05 5.638707682223382559e-10
3.932160000000000000e+05 4.798904699250608581e-10
3.937280000000000000e+05 4.798904699250608581e-10
3.942400000000000000e+05 4.798904699250608581e-10
3.947520000000000000e+05 4.798904699250608581e-10
3.952640000000000000e+05 4.798904699250608581e-10
3.957760000000000000e+05 4.798904699250608581e-10
3.962880000000000000e+05 4.648903739001927551e-10
3.968000000000000000e+05 4.648903739001927551e-10
3.973120000000000000e+05 4.260949545341420860e-10
3.978240000000000000e+05 4.260949545341420860e-10
3.983360000000000000e+05 4.260949545341420860e-10
3.988480000000000000e+05 4.260949545341420860e-10
3.993600000000000000e+05 4.260949545341420860e-10
3.998720000000000000e+05 4.260949545341420860e-10
4.003840000000000000e+05 4.260949545341420860e-10
4.008960000000000000e+05 2.984786132437484973e-10
4.014080000000000000e+05 2.984786132437484973e-10
4.019200000000000000e+05 2.984786132437484973e-10
4.024320000000000000e+05 2.984786132437484973e-10
4.029440000000000000e+05 2.984786132437484973e-10
4.034560000000000000e+05 2.984786132437484973e-10
4.039680000000000000e+05 2.984786132437484973e-10
4.044800000000000000e+05 2.984786132437484973e-10
4.049920000000000000e+05 2.984786132437484973e-10
4.055040000000000000e+05 2.501639570206751938e-10
4.060160000000000000e+05 2.501639570206751938e-10
4.065280000000000000e+05 2.501639570206751938e-10
4.070400000000000000e+05 2.501639570206751938e-10
4.075520000000000000e+05 2.501639570206751938e-10
4.080640000000000000e+05 2.501639570206751938e-10
4.085760000000000000e+05 2.179439308446383687e-10
4.090880000000000000e+05 2.179439308446383687e-10
4.096000000000000000e+05 2.179439308446383687e-10
4.101120000000000000e+05 2.179439308446383687e-10
4.106240000000000000e+05 1.702502946644939692e-10
4.111360000000000000e+05 1.702502946644939692e-10
4.116480000000000000e+05 1.702502946644939692e-10
4.121600000000000000e+05 1.702502946644939692e-10
4.126720000000000000e+05 1.702502946644939692e-10
4.131840000000000000e+05 1.702502946644939692e-10
4.136960000000000000e+05 1.702502946644939692e-10
4.142080000000000000e+05 1.702502946644939692e-10
4.147200000000000000e+05 1.702502946644939692e-10
4.152320000000000000e+05 1.505683023747479651e-10
4.157440000000000000e+05 1.505683023747479651e-10
4.162560000000000000e+05 1.505683023747479651e-10
4.167680000000000000e+05 1.505683023747479651e-10
4.172800000000000000e+05 1.505683023747479651e-10
4.177920000000000000e+05 7.574201792687253256e-11
4.183040000000000000e+05 7.574201792687253256e-11
4.188160000000000000e+05 7.574201792687253256e-11
4.193280000000000000e+05 7.574201792687253256e-11
4.198400000000000000e+05 7.258780859416894523e-11
4.203520000000000000e+05 7.258780859416894523e-11
4.208640000000000000e+05 7.258780859416894523e-11
4.213760000000000000e+05 7.258780859416894523e-11
4.218880000000000000e+05 7.258780859416894523e-11
4.224000000000000000e+05 7.258780859416894523e-11
4.229120000000000000e+05 7.258780859416894523e-11
4.234240000000000000e+05 7.258780859416894523e-11
4.239360000000000000e+05 7.258780859416894523e-11
4.244480000000000000e+05 7.258780859416894523e-11
4.249600000000000000e+05 7.258780859416894523e-11
4.254720000000000000e+05 7.258780859416894523e-11
4.259840000000000000e+05 6.431152364785328646e-11
4.264960000000000000e+05 6.431152364785328646e-11
4.270080000000000000e+05 5.205964795559166122e-11
4.275200000000000000e+05 5.205964795559166122e-11
4.280320000000000000e+05 5.205964795559166122e-11
4.285440000000000000e+05 5.205964795559166122e-11
4.290560000000000000e+05 5.205964795559166122e-11
4.295680000000000000e+05 5.205964795559166122e-11
4.300800000000000000e+05 5.205964795559166122e-11
4.305920000000000000e+05 5.205964795559166122e-11
4.311040000000000000e+05 5.205964795559166122e-11
4.316160000000000000e+05 5.205964795559166122e-11
4.321280000000000000e+05 5.205964795559166122e-11
4.326400000000000000e+05 5.205964795559166122e-11
4.331520000000000000e+05 4.464660212116161501e-11
4.336640000000000000e+05 4.464660212116161501e-11
4.341760000000000000e+05 4.464660212116161501e-11
4.346880000000000000e+05 4.464660212116161501e-11
4.352000000000000000e+05 4.464660212116161501e-11
4.357120000000000000e+05 4.464660212116161501e-11
4.362240000000000000e+05 3.928094802441688232e-11
4.367360000000000000e+05 3.928094802441688232e-11
4.372480000000000000e+05 3.928094802441688232e-11
4.377600000000000000e+05 3.928094802441688232e-11
4.382720000000000000e+05 3.928094802441688232e-11
4.387840000000000000e+05 3.212966149669514031e-11
4.392960000000000000e+05 3.137825690951964469e-11
4.398080000000000000e+05 3.137825690951964469e-11
4.403200000000000000e+05 3.137825690951964469e-11
4.408320000000000000e+05 3.137825690951964469e-11
4.413440000000000000e+05 3.137825690951964469e-11
4.418560000000000000e+05 3.137825690951964469e-11
4.423680000000000000e+05 3.137825690951964469e-11
4.428800000000000000e+05 3.137825690951964469e-11
4.433920000000000000e+05 2.996956283344218897e-11
4.439040000000000000e+05 1.965899410793992330e-11
4.444160000000000000e+05 1.965899410793992330e-11
4.449280000000000000e+05 1.965899410793992330e-11
4.454400000000000000e+05 1.965899410793992330e-11
4.459520000000000000e+05 1.965899410793992330e-11
4.464640000000000000e+05 1.965899410793992330e-11
4.469760000000000000e+05 1.965899410793992330e-11
4.474880000000000000e+05 1.965899410793992330e-11
4.480000000000000000e+05 1.965899410793992330e-11
4.485120000000000000e+05 1.943965312227254526e-11
4.490240000000000000e+05 1.943965312227254526e-11
4.495360000000000000e+05 1.943965312227254526e-11
4.500480000000000000e+05 1.943965312227254526e-11
4.505600000000000000e+05 1.943965312227254526e-11
4.510720000000000000e+05 1.943965312227254526e-11
4.515840000000000000e+05 1.943965312227254526e-11
4.520960000000000000e+05 1.943965312227254526e-11
4.526080000000000000e+05 1.665948507167805368e-11
4.531200000000000000e+05 1.665948507167805368e-11
4.536320000000000000e+05 1.665948507167805368e-11
4.541440000000000000e+05 1.439965946329264920e-11
4.546560000000000000e+05 1.439965946329264920e-11
4.551680000000000000e+05 1.439965946329264920e-11
4.556800000000000000e+05 1.106188350324139782e-11
4.561920000000000000e+05 1.106188350324139782e-11
4.567040000000000000e+05 1.106188350324139782e-11
4.572160000000000000e+05 7.985406930402552700e-12
4.577280000000000000e+05 7.985406930402552700e-12
4.582400000000000000e+05 7.985406930402552700e-12
4.587520000000000000e+05 7.985406930402552700e-12
4.592640000000000000e+05 7.985406930402552700e-12
4.597760000000000000e+05 7.985406930402552700e-12
4.602880000000000000e+05 7.985406930402552700e-12
4.608000000000000000e+05 7.985406930402552700e-12
4.613120000000000000e+05 7.985406930402552700e-12
4.618240000000000000e+05 4.294146418218945994e-12
4.623360000000000000e+05 4.294146418218945994e-12
4.628480000000000000e+05 4.294146418218945994e-12
4.633600000000000000e+05 4.294146418218945994e-12
4.638720000000000000e+05 4.294146418218945994e-12
4.643840000000000000e+05 4.294146418218945994e-12
4.648960000000000000e+05 4.294146418218945994e-12
4.654080000000000000e+05 4.294146418218945994e-12
4.659200000000000000e+05 4.294146418218945994e-12
4.664320000000000000e+05 4.294146418218945994e-12
4.669440000000000000e+05 4.294146418218945994e-12
4.674560000000000000e+05 4.294146418218945994e-12
4.679680000000000000e+05 4.294146418218945994e-12
4.684800000000000000e+05 2.208243493300071592e-12
4.689920000000000000e+05 2.208243493300071592e-12
4.695040000000000000e+05 2.208243493300071592e-12
4.700160000000000000e+05 2.208243493300071592e-12
4.705280000000000000e+05 2.208243493300071592e-12
4.710400000000000000e+05 2.208243493300071592e-12
4.715520000000000000e+05 2.208243493300071592e-12
4.720640000000000000e+05 2.208243493300071592e-12
4.725760000000000000e+05 2.208243493300071592e-12
4.730880000000000000e+05 2.208243493300071592e-12
4.736000000000000000e+05 2.208243493300071592e-12
4.741120000000000000e+05 2.208243493300071592e-12
4.746240000000000000e+05 2.208243493300071592e-12
4.751360000000000000e+05 2.208243493300071592e-12
4.756480000000000000e+05 2.208243493300071592e-12
4.761600000000000000e+05 2.208243493300071592e-12
4.766720000000000000e+05 2.208243493300071592e-12
4.771840000000000000e+05 1.412436281986338634e-12
4.776960000000000000e+05 1.412436281986338634e-12
4.782080000000000000e+05 1.412436281986338634e-12
4.787200000000000000e+05 1.412436281986338634e-12
4.792320000000000000e+05 1.412436281986338634e-12
4.797440000000000000e+05 1.412436281986338634e-12
4.802560000000000000e+05 1.412436281986338634e-12
4.807680000000000000e+05 1.412436281986338634e-12
4.812800000000000000e+05 1.215627177437790048e-12
4.817920000000000000e+05 1.215627177437790048e-12
4.823040000000000000e+05 1.215627177437790048e-12
4.828160000000000000e+05 1.215627177437790048e-12
4.833280000000000000e+05 1.215627177437790048e-12
4.838400000000000000e+05 1.215627177437790048e-12
4.843520000000000000e+05 1.215627177437790048e-12
4.848640000000000000e+05 1.215627177437790048e-12
4.853760000000000000e+05 1.215627177437790048e-12
4.858880000000000000e+05 1.215627177437790048e-12
4.864000000000000000e+05 1.215627177437790048e-12
4.869120000000000000e+05 1.215627177437790048e-12
4.874240000000000000e+05 1.215627177437790048e-12
4.879360000000000000e+05 1.215627177437790048e-12
4.884480000000000000e+05 1.215627177437790048e-12
4.889600000000000000e+05 1.196109349558586525e-12
4.894720000000000000e+05 1.196109349558586525e-12
4.899840000000000000e+05 1.196109349558586525e-12
4.904960000000000000e+05 1.196109349558586525e-12
4.910080000000000000e+05 7.280022737740250608e-13
4.915200000000000000e+05 7.280022737740250608e-13
4.920320000000000000e+05 7.280022737740250608e-13
4.925440000000000000e+05 7.280022737740250608e-13
4.930560000000000000e+05 7.280022737740250608e-13
4.935680000000000000e+05 7.280022737740250608e-13
4.940800000000000000e+05 7.280022737740250608e-13
4.945920000000000000e+05 7.280022737740250608e-13
4.951040000000000000e+05 7.280022737740250608e-13
4.956160000000000000e+05 7.280022737740250608e-13
4.961280000000000000e+05 7.280022737740250608e-13
4.966400000000000000e+05 7.280022737740250608e-13
4.971520000000000000e+05 7.280022737740250608e-13
4.976640000000000000e+05 7.280022737740250608e-13
4.981760000000000000e+05 4.972325170672588994e-13
4.986880000000000000e+05 4.972325170672588994e-13
4.992000000000000000e+05 4.972325170672588994e-13
4.997120000000000000e+05 4.972325170672588994e-13
5.002240000000000000e+05 3.312915380350012997e-13
5.007360000000000000e+05 3.312915380350012997e-13
5.012480000000000000e+05 3.312915380350012997e-13
5.017600000000000000e+05 3.312915380350012997e-13
5.022720000000000000e+05 3.312915380350012997e-13
5.027840000000000000e+05 3.312915380350012997e-13
5.032960000000000000e+05 3.312915380350012997e-13
5.038080000000000000e+05 3.312915380350012997e-13
5.043200000000000000e+05 3.312915380350012997e-13
5.048320000000000000e+05 3.312915380350012997e-13
5.053440000000000000e+05 3.312915380350012997e-13
5.058560000000000000e+05 3.312915380350012997e-13
5.063680000000000000e+05 3.312915380350012997e-13
5.068800000000000000e+05 3.312915380350012997e-13
5.073920000000000000e+05 3.312915380350012997e-13
5.079040000000000000e+05 3.312915380350012997e-13
5.084160000000000000e+05 3.312915380350012997e-13
5.089280000000000000e+05 3.312915380350012997e-13
5.094400000000000000e+05 3.312915380350012997e-13
5.099520000000000000e+05 2.235824395713587653e-13
5.104640000000000000e+05 2.235824395713587653e-13
5.109760000000000000e+05 2.235824395713587653e-13
5.114880000000000000e+05 2.235824395713587653e-13
5.120000000000000000e+05 2.235824395713587653e-13
5.125120000000000000e+05 2.164617250172317309e-13
5.130240000000000000e+05 2.164617250172317309e-13
5.135360000000000000e+05 2.164617250172317309e-13
5.140480000000000000e+05 2.164617250172317309e-13
5.145600000000000000e+05 2.164617250172317309e-13
5.150720000000000000e+05 2.164617250172317309e-13
5.155840000000000000e+05 2.164617250172317309e-13
5.160960000000000000e+05 1.930741634157085109e-13
5.166080000000000000e+05 1.930741634157085109e-13
5.171200000000000000e+05 1.930741634157085109e-13
5.176320000000000000e+05 1.930741634157085109e-13
5.181440000000000000e+05 1.930741634157085109e-13
5.186560000000000000e+05 1.930741634157085109e-13
5.191680000000000000e+05 1.930741634157085109e-13
5.196800000000000000e+05 1.448277602522887229e-13
5.201920000000000000e+05 1.448277602522887229e-13
5.207040000000000000e+05 1.448277602522887229e-13
5.212160000000000000e+05 1.448277602522887229e-13
5.217280000000000000e+05 1.448277602522887229e-13
5.222400000000000000e+05 1.440253815043515030e-13
5.227520000000000000e+05 1.440253815043515030e-13
5.232640000000000000e+05 1.440253815043515030e-13
5.237760000000000000e+05 1.238773555048503312e-13
5.242880000000000000e+05 1.134108830338028965e-13
5.248000000000000000e+05 1.134108830338028965e-13
5.253120000000000000e+05 1.134108830338028965e-13
5.258240000000000000e+05 1.134108830338028965e-13
5.263360000000000000e+05 1.134108830338028965e-13
5.268480000000000000e+05 1.134108830338028965e-13
5.273600000000000000e+05 1.134108830338028965e-13
5.278720000000000000e+05 1.134108830338028965e-13
5.283840000000000000e+05 1.134108830338028965e-13
5.288960000000000000e+05 7.951440702606978490e-14
5.294080000000000000e+05 7.445573107824057280e-14
5.299200000000000000e+05 7.445573107824057280e-14
5.304320000000000000e+05 7.445573107824057280e-14
5.309440000000000000e+05 7.445573107824057280e-14
5.314560000000000000e+05 7.445573107824057280e-14
5.319680000000000000e+05 6.863050494488558041e-14
5.324800000000000000e+05 6.863050494488558041e-14
5.329920000000000000e+05 6.863050494488558041e-14
5.335040000000000000e+05 6.863050494488558041e-14
5.340160000000000000e+05 6.863050494488558041e-14
5.345280000000000000e+05 6.863050494488558041e-14
5.350400000000000000e+05 6.863050494488558041e-14
5.355520000000000000e+05 6.863050494488558041e-14
5.360640000000000000e+05 6.863050494488558041e-14
5.365760000000000000e+05 6.863050494488558041e-14
5.370880000000000000e+05 5.280804681088860533e-14
5.376000000000000000e+05 5.280804681088860533e-14
5.381120000000000000e+05 5.280804681088860533e-14
5.386240000000000000e+05 5.280804681088860533e-14
5.391360000000000000e+05 5.094751177267910880e-14
5.396480000000000000e+05 5.094751177267910880e-14
5.401600000000000000e+05 5.094751177267910880e-14
5.406720000000000000e+05 5.094751177267910880e-14
5.411840000000000000e+05 5.094751177267910880e-14
5.416960000000000000e+05 5.094751177267910880e-14
5.422080000000000000e+05 5.094751177267910880e-14
5.427200000000000000e+05 5.094751177267910880e-14
5.432320000000000000e+05 5.094751177267910880e-14
5.437440000000000000e+05 3.169976683132796150e-14
5.442560000000000000e+05 3.169976683132796150e-14
5.447680000000000000e+05 3.169976683132796150e-14
5.452800000000000000e+05 3.169976683132796150e-14
5.457920000000000000e+05 3.169976683132796150e-14
5.463040000000000000e+05 3.169976683132796150e-14
5.468160000000000000e+05 3.169976683132796150e-14
5.473280000000000000e+05 3.169976683132796150e-14
5.478400000000000000e+05 3.169976683132796150e-14
5.483520000000000000e+05 3.169976683132796150e-14
5.488640000000000000e+05 3.169976683132796150e-14
5.493760000000000000e+05 3.169976683132796150e-14
5.498880000000000000e+05 3.169976683132796150e-14
5.504000000000000000e+05 3.169976683132796150e-14
5.509120000000000000e+05 3.169976683132796150e-14
5.514240000000000000e+05 3.169976683132796150e-14
5.519360000000000000e+05 3.169976683132796150e-14
5.524480000000000000e+05 3.169976683132796150e-14
5.529600000000000000e+05 1.926009384652198982e-14
5.534720000000000000e+05 1.926009384652198982e-14
5.539840000000000000e+05 1.926009384652198982e-14
5.544960000000000000e+05 1.926009384652198982e-14
5.550080000000000000e+05 1.926009384652198982e-14
5.555200000000000000e+05 1.926009384652198982e-14
5.560320000000000000e+05 1.926009384652198982e-14
5.565440000000000000e+05 1.926009384652198982e-14
5.570560000000000000e+05 1.926009384652198982e-14
5.575680000000000000e+05 1.926009384652198982e-14
5.580800000000000000e+05 1.645394868041823286e-14
5.585920000000000000e+05 1.645394868041823286e-14
5.591040000000000000e+05 1.645394868041823286e-14
5.596160000000000000e+05 1.645394868041823286e-14
5.601280000000000000e+05 1.645394868041823286e-14
5.606400000000000000e+05 1.645394868041823286e-14
5.611520000000000000e+05 1.645394868041823286e-14
5.616640000000000000e+05 1.645394868041823286e-14
5.621760000000000000e+05 1.645394868041823286e-14
5.626880000000000000e+05 1.313246067159799898e-14
5.632000000000000000e+05 1.313246067159799898e-14
5.637120000000000000e+05 7.846652592843775071e-15
5.642240000000000000e+05 7.846652592843775071e-15
5.647360000000000000e+05 7.846652592843775071e-15
5.652480000000000000e+05 7.846652592843775071e-15
5.657600000000000000e+05 6.371489241207016211e-15
5.662720000000000000e+05 6.371489241207016211e-15
5.667840000000000000e+05 6.371489241207016211e-15
5.672960000000000000e+05 6.371489241207016211e-15
5.678080000000000000e+05 6.371489241207016211e-15
5.683200000000000000e+05 6.371489241207016211e-15
5.688320000000000000e+05 6.371489241207016211e-15
5.693440000000000000e+05 6.371489241207016211e-15
5.698560000000000000e+05 6.371489241207016211e-15
5.703680000000000000e+05 6.371489241207016211e-15
5.708800000000000000e+05 6.371489241207016211e-15
5.713920000000000000e+05 6.371489241207016211e-15
5.719040000000000000e+05 6.371489241207016211e-15
5.724160000000000000e+05 6.371489241207016211e-15
5.729280000000000000e+05 6.371489241207016211e-15
5.734400000000000000e+05 6.371489241207016211e-15
5.739520000000000000e+05 5.160242869806319548e-15
5.744640000000000000e+05 5.160242869806319548e-15
5.749760000000000000e+05 4.805690993033955903e-15
5.754880000000000000e+05 4.805690993033955903e-15
5.760000000000000000e+05 4.720592931791016310e-15
5.765120000000000000e+05 2.932219558228163806e-15
5.770240000000000000e+05 2.932219558228163806e-15
5.775360000000000000e+05 2.932219558228163806e-15
5.780480000000000000e+05 2.932219558228163806e-15
5.785600000000000000e+05 2.932219558228163806e-15
5.790720000000000000e+05 2.932219558228163806e-15
5.795840000000000000e+05 2.932219558228163806e-15
5.800960000000000000e+05 2.932219558228163806e-15
5.806080000000000000e+05 2.932219558228163806e-15
5.811200000000000000e+05 2.932219558228163806e-15
5.816320000000000000e+05 2.932219558228163806e-15
5.821440000000000000e+05 2.932219558228163806e-15
5.826560000000000000e+05 2.932219558228163806e-15
5.831680000000000000e+05 2.932219558228163806e-15
5.836800000000000000e+05 2.932219558228163806e-15
5.841920000000000000e+05 2.932219558228163806e-15
5.847040000000000000e+05 2.776093751927326256e-15
5.852160000000000000e+05 2.776093751927326256e-15
5.857280000000000000e+05 2.223400542747573050e-15
5.862400000000000000e+05 2.223400542747573050e-15
5.867520000000000000e+05 2.223400542747573050e-15
5.872640000000000000e+05 2.223400542747573050e-15
5.877760000000000000e+05 2.223400542747573050e-15
5.882880000000000000e+05 2.223400542747573050e-15
5.888000000000000000e+05 2.223400542747573050e-15
5.893120000000000000e+05 2.223400542747573050e-15
5.898240000000000000e+05 2.223400542747573050e-15
5.903360000000000000e+05 2.223400542747573050e-15
5.908480000000000000e+05 2.223400542747573050e-15
5.913600000000000000e+05 2.223400542747573050e-15
5.918720000000000000e+05 1.199820438170072415e-15
5.923840000000000000e+05 1.199820438170072415e-15
5.928960000000000000e+05 1.199820438170072415e-15
5.934080000000000000e+05 1.199820438170072415e-15
5.939200000000000000e+05 1.199820438170072415e-15
5.944320000000000000e+05 1.199820438170072415e-15
5.949440000000000000e+05 1.199820438170072415e-15
5.954560000000000000e+05 1.199820438170072415e-15
5.959680000000000000e+05 1.199820438170072415e-15
5.964800000000000000e+05 1.199820438170072415e-15
5.969920000000000000e+05 1.199820438170072415e-15
5.975040000000000000e+05 1.199820438170072415e-15
5.980160000000000000e+05 1.199820438170072415e-15
5.985280000000000000e+05 1.199820438170072415e-15
5.990400000000000000e+05 1.199820438170072415e-15
5.995520000000000000e+05 1.199820438170072415e-15
6.000640000000000000e+05 1.199820438170072415e-15
6.005760000000000000e+05 3.731495012782465946e-16
6.010880000000000000e+05 3.731495012782465946e-16
6.016000000000000000e+05 3.731495012782465946e-16
6.021120000000000000e+05 3.731495012782465946e-16
6.026240000000000000e+05 3.731495012782465946e-16
6.031360000000000000e+05 3.731495012782465946e-16
6.036480000000000000e+05 3.731495012782465946e-16
6.041600000000000000e+05 3.731495012782465946e-16
6.046720000000000000e+05 3.731495012782465946e-16
6.051840000000000000e+05 3.731495012782465946e-16
6.056960000000000000e+05 3.731495012782465946e-16
6.062080000000000000e+05 3.731495012782465946e-16
6.067200000000000000e+05 3.731495012782465946e-16
6.072320000000000000e+05 3.731495012782465946e-16
6.077440000000000000e+05 3.731495012782465946e-16
6.082560000000000000e+05 3.731495012782465946e-16
6.087680000000000000e+05 3.731495012782465946e-16
6.092800000000000000e+05 3.731495012782465946e-16
6.097920000000000000e+05 3.731495012782465946e-16
6.103040000000000000e+05 3.731495012782465946e-16
6.108160000000000000e+05 3.731495012782465946e-16
6.113280000000000000e+05 3.731495012782465946e-16
6.118400000000000000e+05 3.731495012782465946e-16
6.123520000000000000e+05 3.731495012782465946e-16
6.128640000000000000e+05 3.731495012782465946e-16
6.133760000000000000e+05 3.731495012782465946e-16
6.138880000000000000e+05 3.731495012782465946e-16
6.144000000000000000e+05 3.731495012782465946e-16
6.149120000000000000e+05 3.731495012782465946e-16
6.154240000000000000e+05 3.731495012782465946e-16
6.159360000000000000e+05 3.731495012782465946e-16
6.164480000000000000e+05 3.267552863023090405e-16
6.169600000000000000e+05 3.267552863023090405e-16
6.174720000000000000e+05 3.267552863023090405e-16
6.179840000000000000e+05 2.646168374241309337e-16
6.184960000000000000e+05 2.646168374241309337e-16
6.190080000000000000e+05 2.646168374241309337e-16
6.195200000000000000e+05 2.646168374241309337e-16
6.200320000000000000e+05 2.646168374241309337e-16
6.205440000000000000e+05 2.646168374241309337e-16
6.210560000000000000e+05 2.646168374241309337e-16
6.215680000000000000e+05 2.646168374241309337e-16
6.220800000000000000e+05 2.646168374241309337e-16
6.225920000000000000e+05 2.166679526699028672e-16
6.231040000000000000e+05 2.166679526699028672e-16
6.236160000000000000e+05 2.166679526699028672e-16
6.241280000000000000e+05 2.166679526699028672e-16
6.246400000000000000e+05 2.166679526699028672e-16
6.251520000000000000e+05 2.166679526699028672e-16
6.256640000000000000e+05 1.980188046710197879e-16
6.261760000000000000e+05 1.980188046710197879e-16
6.266880000000000000e+05 1.980188046710197879e-16
6.272000000000000000e+05 1.980188046710197879e-16
6.277120000000000000e+05 1.980188046710197879e-16
6.282240000000000000e+05 1.980188046710197879e-16
6.287360000000000000e+05 1.980188046710197879e-16
6.292480000000000000e+05 1.980188046710197879e-16
6.297600000000000000e+05 1.001441822859490128e-16
6.302720000000000000e+05 1.001441822859490128e-16
6.307840000000000000e+05 1.001441822859490128e-16
6.312960000000000000e+05 1.001441822859490128e-16
6.318080000000000000e+05 1.001441822859490128e-16
6.323200000000000000e+05 1.001441822859490128e-16
6.328320000000000000e+05 1.001441822859490128e-16
6.333440000000000000e+05 1.001441822859490128e-16
6.338560000000000000e+05 9.093171638502743977e-17
6.343680000000000000e+05 9.093171638502743977e-17
6.348800000000000000e+05 9.093171638502743977e-17
6.353920000000000000e+05 9.093171638502743977e-17
6.359040000000000000e+05 9.093171638502743977e-17
6.364160000000000000e+05 9.093171638502743977e-17
6.369280000000000000e+05 9.093171638502743977e-17
6.374400000000000000e+05 9.093171638502743977e-17
6.379520000000000000e+05 9.093171638502743977e-17
6.384640000000000000e+05 9.093171638502743977e-17
6.389760000000000000e+05 9.093171638502743977e-17
6.394880000000000000e+05 9.093171638502743977e-17
6.400000000000000000e+05 9.093171638502743977e-17
6.405120000000000000e+05 9.093171638502743977e-17
6.410240000000000000e+05 9.093171638502743977e-17
6.415360000000000000e+05 9.093171638502743977e-17
6.420480000000000000e+05 9.093171638502743977e-17
6.425600000000000000e+05 8.310178191827265340e-17
6.430720000000000000e+05 8.310178191827265340e-17
6.435840000000000000e+05 6.124223813728130854e-17
6.440960000000000000e+05 6.124223813728130854e-17
6.446080000000000000e+05 4.504196700321418325e-17
6.451200000000000000e+05 4.504196700321418325e-17
6.456320000000000000e+05 4.504196700321418325e-17
6.461440000000000000e+05 4.504196700321418325e-17
6.466560000000000000e+05 4.504196700321418325e-17
6.471680000000000000e+05 4.504196700321418325e-17
6.476800000000000000e+05 4.504196700321418325e-17
6.481920000000000000e+05 4.504196700321418325e-17
6.487040000000000000e+05 4.504196700321418325e-17
6.492160000000000000e+05 4.504196700321418325e-17
6.497280000000000000e+05 4.504196700321418325e-17
6.502400000000000000e+05 4.504196700321418325e-17
6.507520000000000000e+05 4.504196700321418325e-17
6.512640000000000000e+05 4.504196700321418325e-17
6.517760000000000000e+05 4.504196700321418325e-17
6.522880000000000000e+05 3.409823340660398479e-17
6.528000000000000000e+05 3.409823340660398479e-17
6.533120000000000000e+05 3.409823340660398479e-17
6.538240000000000000e+05 3.409823340660398479e-17
6.543360000000000000e+05 3.409823340660398479e-17
6.548480000000000000e+05 3.409823340660398479e-17
6.553600000000000000e+05 3.409823340660398479e-17
6.558720000000000000e+05 3.409823340660398479e-17
6.563840000000000000e+05 3.409823340660398479e-17
6.568960000000000000e+05 3.409823340660398479e-17
6.574080000000000000e+05 3.409823340660398479e-17
6.579200000000000000e+05 3.409823340660398479e-17
6.584320000000000000e+05 3.409823340660398479e-17
6.589440000000000000e+05 3.409823340660398479e-17
6.594560000000000000e+05 3.409823340660398479e-17
6.599680000000000000e+05 2.809381134849126408e-17
6.604800000000000000e+05 1.885419983614770067e-17
6.609920000000000000e+05 1.885419983614770067e-17
6.615040000000000000e+05 1.885419983614770067e-17
6.620160000000000000e+05 1.885419983614770067e-17
6.625280000000000000e+05 1.885419983614770067e-17
6.630400000000000000e+05 1.885419983614770067e-17
6.635520000000000000e+05 1.885419983614770067e-17
6.640640000000000000e+05 1.885419983614770067e-17
6.645760000000000000e+05 1.885419983614770067e-17
6.650880000000000000e+05 1.885419983614770067e-17
6.656000000000000000e+05 1.885419983614770067e-17
6.661120000000000000e+05 1.885419983614770067e-17
6.666240000000000000e+05 1.885419983614770067e-17
6.671360000000000000e+05 1.885419983614770067e-17
6.676480000000000000e+05 1.885419983614770067e-17
6.681600000000000000e+05 1.885419983614770067e-17
6.686720000000000000e+05 1.885419983614770067e-17
6.691840000000000000e+05 1.524239015114643675e-17
6.696960000000000000e+05 1.524239015114643675e-17
6.702080000000000000e+05 1.524239015114643675e-17
6.707200000000000000e+05 1.324610922626398547e-17
6.712320000000000000e+05 1.324610922626398547e-17
6.717440000000000000e+05 1.324610922626398547e-17
6.722560000000000000e+05 1.324610922626398547e-17
6.727680000000000000e+05 1.324610922626398547e-17
6.732800000000000000e+05 1.240962440027659567e-17
6.737920000000000000e+05 1.240962440027659567e-17
6.743040000000000000e+05 1.240962440027659567e-17
6.748160000000000000e+05 1.180557523721076354e-17
6.753280000000000000e+05 1.180557523721076354e-17
6.758400000000000000e+05 1.180557523721076354e-17
6.763520000000000000e+05 1.180557523721076354e-17
6.768640000000000000e+05 1.180557523721076354e-17
6.773760000000000000e+05 1.180557523721076354e-17
6.778880000000000000e+05 1.180557523721076354e-17
6.784000000000000000e+05 1.180557523721076354e-17
6.789120000000000000e+05 1.180557523721076354e-17
6.794240000000000000e+05 1.180557523721076354e-17
6.799360000000000000e+05 1.180557523721076354e-17
6.804480000000000000e+05 1.180557523721076354e-17
6.809600000000000000e+05 1.180557523721076354e-17
6.814720000000000000e+05 9.690154154618489618e-18
6.819840000000000000e+05 8.199302937416612988e-18
6.824960000000000000e+05 8.199302937416612988e-18
6.830080000000000000e+05 8.199302937416612988e-18
6.835200000000000000e+05 8.199302937416612988e-18
6.840320000000000000e+05 5.927831727388949651e-18
6.845440000000000000e+05 5.927831727388949651e-18
6.850560000000000000e+05 5.927831727388949651e-18
6.855680000000000000e+05 5.768379160676123163e-18
6.860800000000000000e+05 5.532878061003606806e-18
6.865920000000000000e+05 5.532878061003606806e-18
6.871040000000000000e+05 5.532878061003606806e-18
6.876160000000000000e+05 4.083483865620306567e-18
6.881280000000000000e+05 4.083483865620306567e-18
6.886400000000000000e+05 4.083483865620306567e-18
6.891520000000000000e+05 4.083483865620306567e-18
6.896640000000000000e+05 4.083483865620306567e-18
6.901760000000000000e+05 4.083483865620306567e-18
6.906880000000000000e+05 4.083483865620306567e-18
6.912000000000000000e+05 4.083483865620306567e-18
6.917120000000000000e+05 3.297605275306452748e-18
6.922240000000000000e+05 3.297605275306452748e-18
6.927360000000000000e+05 3.297605275306452748e-18
6.932480000000000000e+05 3.297605275306452748e-18
6.937600000000000000e+05 3.297605275306452748e-18
6.942720000000000000e+05 3.055300776620836021e-18
6.947840000000000000e+05 3.055300776620836021e-18
6.952960000000000000e+05 3.055300776620836021e-18
6.958080000000000000e+05 3.055300776620836021e-18
6.963200000000000000e+05 2.618069743848763196e-18
6.968320000000000000e+05 1.925824903638087334e-18
6.973440000000000000e+05 1.925824903638087334e-18
6.978560000000000000e+05 1.925824903638087334e-18
6.983680000000000000e+05 1.925824903638087334e-18
6.988800000000000000e+05 1.925824903638087334e-18
6.993920000000000000e+05 1.925824903638087334e-18
6.999040000000000000e+05 1.925824903638087334e-18
7.004160000000000000e+05 1.925824903638087334e-18
7.009280000000000000e+05 1.925824903638087334e-18
7.014400000000000000e+05 1.925824903638087334e-18
7.019520000000000000e+05 1.925824903638087334e-18
7.024640000000000000e+05 1.925824903638087334e-18
7.029760000000000000e+05 1.925824903638087334e-18
7.034880000000000000e+05 1.925824903638087334e-18
7.040000000000000000e+05 1.925824903638087334e-18
7.045120000000000000e+05 1.925824903638087334e-18
7.050240000000000000e+05 1.925824903638087334e-18
7.055360000000000000e+05 1.925824903638087334e-18
7.060480000000000000e+05 1.925824903638087334e-18
7.065600000000000000e+05 1.925824903638087334e-18
7.070720000000000000e+05 1.925824903638087334e-18
7.075840000000000000e+05 1.925824903638087334e-18
7.080960000000000000e+05 1.925824903638087334e-18
7.086080000000000000e+05 1.545285031421110605e-18
7.091200000000000000e+05 1.545285031421110605e-18
7.096320000000000000e+05 1.545285031421110605e-18
7.101440000000000000e+05 1.545285031421110605e-18
7.106560000000000000e+05 1.545285031421110605e-18
7.111680000000000000e+05 1.369490223138686496e-18
7.116800000000000000e+05 1.342316313851798485e-18
7.121920000000000000e+05 1.342316313851798485e-18
7.127040000000000000e+05 1.342316313851798485e-18
7.132160000000000000e+05 1.342316313851798485e-18
7.137280000000000000e+05 1.342316313851798485e-18
7.142400000000000000e+05 1.273865715658260120e-18
7.147520000000000000e+05 1.273865715658260120e-18
7.152640000000000000e+05 1.255404849922880662e-18
7.157760000000000000e+05 1.255404849922880662e-18
7.162880000000000000e+05 1.255404849922880662e-18
7.168000000000000000e+05 1.212841549402632948e-18
7.173120000000000000e+05 8.635278182730038670e-19
7.178240000000000000e+05 8.635278182730038670e-19
7.183360000000000000e+05 5.396688809976025589e-19
7.188480000000000000e+05 5.396688809976025589e-19
7.193600000000000000e+05 5.396688809976025589e-19
7.198720000000000000e+05 5.396688809976025589e-19
7.203840000000000000e+05 5.396688809976025589e-19
7.208960000000000000e+05 5.396688809976025589e-19
7.214080000000000000e+05 5.396688809976025589e-19
7.219200000000000000e+05 5.396688809976025589e-19
7.224320000000000000e+05 5.396688809976025589e-19
7.229440000000000000e+05 5.396688809976025589e-19
7.234560000000000000e+05 5.396688809976025589e-19
7.239680000000000000e+05 5.348815265303166111e-19
7.244800000000000000e+05 5.348815265303166111e-19
7.249920000000000000e+05 5.348815265303166111e-19
7.255040000000000000e+05 5.348815265303166111e-19
7.260160000000000000e+05 5.348815265303166111e-19
7.265280000000000000e+05 5.348815265303166111e-19
7.270400000000000000e+05 5.348815265303166111e-19
7.275520000000000000e+05 5.348815265303166111e-19
7.280640000000000000e+05 4.034121886226084622e-19
7.285760000000000000e+05 4.034121886226084622e-19
7.290880000000000000e+05 4.034121886226084622e-19
7.296000000000000000e+05 4.034121886226084622e-19
7.301120000000000000e+05 3.575642615586809933e-19
7.306240000000000000e+05 3.575642615586809933e-19
7.311360000000000000e+05 3.575642615586809933e-19
7.316480000000000000e+05 3.575642615586809933e-19
7.321600000000000000e+05 3.409702106681302371e-19
7.326720000000000000e+05 3.409702106681302371e-19
7.331840000000000000e+05 3.409702106681302371e-19
7.336960000000000000e+05 3.409702106681302371e-19
7.342080000000000000e+05 3.309259594152789490e-19
7.347200000000000000e+05 3.105847286561190404e-19
7.352320000000000000e+05 3.105847286561190404e-19
7.357440000000000000e+05 3.105847286561190404e-19
7.362560000000000000e+05 3.105847286561190404e-19
7.367680000000000000e+05 2.319150981059164815e-19
7.372800000000000000e+05 2.319150981059164815e-19
7.377920000000000000e+05 2.319150981059164815e-19
7.383040000000000000e+05 2.319150981059164815e-19
7.388160000000000000e+05 1.567062169542433711e-19
7.393280000000000000e+05 1.567062169542433711e-19
7.398400000000000000e+05 1.567062169542433711e-19
7.403520000000000000e+05 1.567062169542433711e-19
7.408640000000000000e+05 1.567062169542433711e-19
7.413760000000000000e+05 1.567062169542433711e-19
7.418880000000000000e+05 1.567062169542433711e-19
7.424000000000000000e+05 1.567062169542433711e-19
7.429120000000000000e+05 1.567062169542433711e-19
7.434240000000000000e+05 1.567062169542433711e-19
7.439360000000000000e+05 1.567062169542433711e-19
7.444480000000000000e+05 1.567062169542433711e-19
7.449600000000000000e+05 1.494064046594587932e-19
7.454720000000000000e+05 1.283640205917308706e-19
7.459840000000000000e+05 1.283640205917308706e-19
7.464960000000000000e+05 1.283640205917308706e-19
7.470080000000000000e+05 1.283640205917308706e-19
7.475200000000000000e+05 1.283640205917308706e-19
7.480320000000000000e+05 1.283640205917308706e-19
7.485440000000000000e+05 1.210277652652251354e-19
7.490560000000000000e+05 1.210277652652251354e-19
7.495680000000000000e+05 1.159508817215010465e-19
7.500800000000000000e+05 1.159508817215010465e-19
7.505920000000000000e+05 1.159508817215010465e-19
7.511040000000000000e+05 1.046464722171764212e-19
7.516160000000000000e+05 1.046464722171764212e-19
7.521280000000000000e+05 1.046464722171764212e-19
7.526400000000000000e+05 1.034549884100384942e-19
7.531520000000000000e+05 1.034549884100384942e-19
7.536640000000000000e+05 9.031940108944550815e-20
7.541760000000000000e+05 9.031940108944550815e-20
7.546880000000000000e+05 9.031940108944550815e-20
7.552000000000000000e+05 7.439985411734860547e-20
7.557120000000000000e+05 7.439985411734860547e-20
7.562240000000000000e+05 6.838261837487349445e-20
7.567360000000000000e+05 6.838261837487349445e-20
7.572480000000000000e+05 6.838261837487349445e-20
7.577600000000000000e+05 6.260333863576533972e-20
7.582720000000000000e+05 4.217424903919523189e-20
7.587840000000000000e+05 3.282867643517147770e-20
7.592960000000000000e+05 3.282867643517147770e-20
7.598080000000000000e+05 3.282867643517147770e-20
7.603200000000000000e+05 3.282867643517147770e-20
7.608320000000000000e+05 3.282867643517147770e-20
7.613440000000000000e+05 3.282867643517147770e-20
7.618560000000000000e+05 3.282867643517147770e-20
7.623680000000000000e+05 3.282867643517147770e-20
7.628800000000000000e+05 3.282867643517147770e-20
7.633920000000000000e+05 3.282867643517147770e-20
7.639040000000000000e+05 3.282867643517147770e-20
7.644160000000000000e+05 3.282867643517147770e-20
7.649280000000000000e+05 3.282867643517147770e-20
7.654400000000000000e+05 3.282867643517147770e-20
7.659520000000000000e+05 3.282867643517147770e-20
7.664640000000000000e+05 3.282867643517147770e-20
7.669760000000000000e+05 3.282867643517147770e-20
7.674880000000000000e+05 3.268251198663089967e-20
7.680000000000000000e+05 3.268251198663089967e-20
7.685120000000000000e+05 3.268251198663089967e-20
7.690240000000000000e+05 2.955533583005032314e-20
7.695360000000000000e+05 2.955533583005032314e-20
7.700480000000000000e+05 2.955533583005032314e-20
7.705600000000000000e+05 2.955533583005032314e-20
7.710720000000000000e+05 2.955533583005032314e-20
7.715840000000000000e+05 2.955533583005032314e-20
7.720960000000000000e+05 2.874855873770638718e-20
7.726080000000000000e+05 2.874855873770638718e-20
7.731200000000000000e+05 2.874855873770638718e-20
7.736320000000000000e+05 2.874855873770638718e-20
7.741440000000000000e+05 2.874855873770638718e-20
7.746560000000000000e+05 2.171534885256407649e-20
7.751680000000000000e+05 2.171534885256407649e-20
7.756800000000000000e+05 1.437678024530994097e-20
7.761920000000000000e+05 1.437678024530994097e-20
7.767040000000000000e+05 1.437678024530994097e-20
7.772160000000000000e+05 1.437678024530994097e-20
7.777280000000000000e+05 1.437678024530994097e-20
7.782400000000000000e+05 1.437678024530994097e-20
7.787520000000000000e+05 1.437678024530994097e-20
7.792640000000000000e+05 1.437678024530994097e-20
7.797760000000000000e+05 1.437678024530994097e-20
7.802880000000000000e+05 1.437678024530994097e-20
7.808000000000000000e+05 1.437678024530994097e-20
7.813120000000000000e+05 1.437678024530994097e-20
7.818240000000000000e+05 1.437678024530994097e-20
7.823360000000000000e+05 1.437678024530994097e-20
7.828480000000000000e+05 1.437678024530994097e-20
7.833600000000000000e+05 1.437678024530994097e-20
7.838720000000000000e+05 1.036961999248326595e-20
7.843840000000000000e+05 1.036961999248326595e-20
7.848960000000000000e+05 9.188158447622945672e-21
7.854080000000000000e+05 9.188158447622945672e-21
7.859200000000000000e+05 9.188158447622945672e-21
7.864320000000000000e+05 9.188158447622945672e-21
7.869440000000000000e+05 9.188158447622945672e-21
7.874560000000000000e+05 9.188158447622945672e-21
7.879680000000000000e+05 9.188158447622945672e-21
7.884800000000000000e+05 9.188158447622945672e-21
7.889920000000000000e+05 9.188158447622945672e-21
7.895040000000000000e+05 9.188158447622945672e-21
7.900160000000000000e+05 9.188158447622945672e-21
7.905280000000000000e+05 9.188158447622945672e-21
7.910400000000000000e+05 9.188158447622945672e-21
7.915520000000000000e+05 7.305455549122263243e-21
7.920640000000000000e+05 6.930882221478551188e-21
7.925760000000000000e+05 5.018718290038620013e-21
7.930880000000000000e+05 5.018718290038620013e-21
7.936000000000000000e+05 5.018718290038620013e-21
7.941120000000000000e+05 5.018718290038620013e-21
7.946240000000000000e+05 5.011867125790529969e-21
7.951360000000000000e+05 5.011867125790529969e-21
7.956480000000000000e+05 5.011867125790529969e-21
7.961600000000000000e+05 5.011867125790529969e-21
7.966720000000000000e+05 5.011867125790529969e-21
7.971840000000000000e+05 5.011867125790529969e-21
7.976960000000000000e+05 5.011867125790529969e-21
7.982080000000000000e+05 5.011867125790529969e-21
7.987200000000000000e+05 5.011867125790529969e-21
7.992320000000000000e+05 4.770738053142645387e-21
7.997440000000000000e+05 4.770738053142645387e-21
8.002560000000000000e+05 4.513873959288151828e-21
8.007680000000000000e+05 4.513873959288151828e-21
8.012800000000000000e+05 4.513873959288151828e-21
8.017920000000000000e+05 4.273320087518676007e-21
8.023040000000000000e+05 4.273320087518676007e-21
8.028160000000000000e+05 4.273320087518676007e-21
8.033280000000000000e+05 2.905084889943684009e-21
8.038400000000000000e+05 2.905084889943684009e-21
8.043520000000000000e+05 2.905084889943684009e-21
8.048640000000000000e+05 2.905084889943684009e-21
8.053760000000000000e+05 2.905084889943684009e-21
8.058880000000000000e+05 2.905084889943684009e-21
8.064000000000000000e+05 2.905084889943684009e-21
8.069120000000000000e+05 2.905084889943684009e-21
8.074240000000000000e+05 2.905084889943684009e-21
8.079360000000000000e+05 2.905084889943684009e-21
8.084480000000000000e+05 2.905084889943684009e-21
8.089600000000000000e+05 2.905084889943684009e-21
8.094720000000000000e+05 2.905084889943684009e-21
8.099840000000000000e+05 2.905084889943684009e-21
8.104960000000000000e+05 2.905084889943684009e-21
8.110080000000000000e+05 2.905084889943684009e-21
8.115200000000000000e+05 2.905084889943684009e-21
8.120320000000000000e+05 2.905084889943684009e-21
8.125440000000000000e+05 2.210136444878959853e-21
8.130560000000000000e+05 2.210136444878959853e-21
8.135680000000000000e+05 2.210136444878959853e-21
8.140800000000000000e+05 2.189364933886003290e-21
8.145920000000000000e+05 2.189364933886003290e-21
8.151040000000000000e+05 1.825786073108765687e-21
8.156160000000000000e+05 1.825786073108765687e-21
8.161280000000000000e+05 1.825786073108765687e-21
8.166400000000000000e+05 1.825786073108765687e-21
8.171520000000000000e+05 1.400883861600317499e-21
8.176640000000000000e+05 1.400883861600317499e-21
8.181760000000000000e+05 1.400883861600317499e-21
8.186880000000000000e+05 1.400883861600317499e-21
8.192000000000000000e+05 1.396403344728971120e-21
8.197120000000000000e+05 1.396403344728971120e-21
8.202240000000000000e+05 1.396403344728971120e-21
8.207360000000000000e+05 9.354676302397288198e-22
8.212480000000000000e+05 9.354676302397288198e-22
8.217600000000000000e+05 9.354676302397288198e-22
8.222720000000000000e+05 9.354676302397288198e-22
8.227840000000000000e+05 9.354676302397288198e-22
8.232960000000000000e+05 9.354676302397288198e-22
8.238080000000000000e+05 6.326106146600273508e-22
8.243200000000000000e+05 6.326106146600273508e-22
8.248320000000000000e+05 6.326106146600273508e-22
8.253440000000000000e+05 6.326106146600273508e-22
8.258560000000000000e+05 6.326106146600273508e-22
8.263680000000000000e+05 6.326106146600273508e-22
8.268800000000000000e+05 6.326106146600273508e-22
8.273920000000000000e+05 6.326106146600273508e-22
8.279040000000000000e+05 6.326106146600273508e-22
8.284160000000000000e+05 6.326106146600273508e-22
8.289280000000000000e+05 6.326106146600273508e-22
8.294400000000000000e+05 5.544861165589490694e-22
8.299520000000000000e+05 5.544861165589490694e-22
8.304640000000000000e+05 5.544861165589490694e-22
8.309760000000000000e+05 5.544861165589490694e-22
8.314880000000000000e+05 5.544861165589490694e-22
8.320000000000000000e+05 5.544861165589490694e-22
8.325120000000000000e+05 5.544861165589490694e-22
8.330240000000000000e+05 5.544861165589490694e-22
8.335360000000000000e+05 5.544861165589490694e-22
8.340480000000000000e+05 5.544861165589490694e-22
8.345600000000000000e+05 5.544861165589490694e-22
8.350720000000000000e+05 5.544861165589490694e-22
8.355840000000000000e+05 5.544861165589490694e-22
8.360960000000000000e+05 5.544861165589490694e-22
8.366080000000000000e+05 5.544861165589490694e-22
8.371200000000000000e+05 5.544861165589490694e-22
8.376320000000000000e+05 4.328033277791113053e-22
8.381440000000000000e+05 2.512551550798159654e-22
8.386560000000000000e+05 2.512551550798159654e-22
8.391680000000000000e+05 2.512551550798159654e-22
8.396800000000000000e+05 2.512551550798159654e-22
8.401920000000000000e+05 2.512551550798159654e-22
8.407040000000000000e+05 2.512551550798159654e-22
8.412160000000000000e+05 2.512551550798159654e-22
8.417280000000000000e+05 2.512551550798159654e-22
8.422400000000000000e+05 2.512551550798159654e-22
8.427520000000000000e+05 2.512551550798159654e-22
8.432640000000000000e+05 2.512551550798159654e-22
8.437760000000000000e+05 2.512551550798159654e-22
8.442880000000000000e+05 2.512551550798159654e-22
8.448000000000000000e+05 2.512551550798159654e-22
8.453120000000000000e+05 2.512551550798159654e-22
8.458240000000000000e+05 2.512551550798159654e-22
8.463360000000000000e+05 2.512551550798159654e-22
8.468480000000000000e+05 2.512551550798159654e-22
8.473600000000000000e+05 2.512551550798159654e-22
8.478720000000000000e+05 2.512551550798159654e-22
8.483840000000000000e+05 2.512551550798159654e-22
8.488960000000000000e+05 2.512551550798159654e-22
8.494080000000000000e+05 2.512551550798159654e-22
8.499200000000000000e+05 2.512551550798159654e-22
8.504320000000000000e+05 2.512551550798159654e-22
8.509440000000000000e+05 2.512551550798159654e-22
8.514560000000000000e+05 2.512551550798159654e-22
8.519680000000000000e+05 2.512551550798159654e-22
8.524800000000000000e+05 2.512551550798159654e-22
8.529920000000000000e+05 2.512551550798159654e-22
8.535040000000000000e+05 1.910923398735033896e-22
8.540160000000000000e+05 1.910923398735033896e-22
8.545280000000000000e+05 1.910923398735033896e-22
8.550400000000000000e+05 1.910923398735033896e-22
8.555520000000000000e+05 1.910923398735033896e-22
8.560640000000000000e+05 1.910923398735033896e-22
8.565760000000000000e+05 1.910923398735033896e-22
8.570880000000000000e+05 1.910923398735033896e-22
8.576000000000000000e+05 1.889893747244136172e-22
8.581120000000000000e+05 1.889893747244136172e-22
8.586240000000000000e+05 1.889893747244136172e-22
8.591360000000000000e+05 1.423745196600385358e-22
8.596480000000000000e+05 1.423745196600385358e-22
8.601600000000000000e+05 1.423745196600385358e-22
8.606720000000000000e+05 1.243553230066066248e-22
8.611840000000000000e+05 1.243553230066066248e-22
8.616960000000000000e+05 1.243553230066066248e-22
8.622080000000000000e+05 1.243553230066066248e-22
8.627200000000000000e+05 1.243553230066066248e-22
8.632320000000000000e+05 7.066864675975537633e-23
8.637440000000000000e+05 7.066864675975537633e-23
8.642560000000000000e+05 7.066864675975537633e-23
8.647680000000000000e+05 7.066864675975537633e-23
8.652800000000000000e+05 7.066864675975537633e-23
8.657920000000000000e+05 7.066864675975537633e-23
8.663040000000000000e+05 7.066864675975537633e-23
8.668160000000000000e+05 7.066864675975537633e-23
8.673280000000000000e+05 7.066864675975537633e-23
8.678400000000000000e+05 7.066864675975537633e-23
8.683520000000000000e+05 7.066864675975537633e-23
8.688640000000000000e+05 7.066864675975537633e-23
8.693760000000000000e+05 7.066864675975537633e-23
8.698880000000000000e+05 7.066864675975537633e-23
8.704000000000000000e+05 7.066864675975537633e-23
8.709120000000000000e+05 7.066864675975537633e-23
8.714240000000000000e+05 7.066864675975537633e-23
8.719360000000000000e+05 7.066864675975537633e-23
8.724480000000000000e+05 7.066864675975537633e-23
8.729600000000000000e+05 7.066864675975537633e-23
8.734720000000000000e+05 4.757820624437616567e-23
8.739840000000000000e+05 4.757820624437616567e-23
8.744960000000000000e+05 4.757820624437616567e-23
8.750080000000000000e+05 4.757820624437616567e-23
8.755200000000000000e+05 4.757820624437616567e-23
8.760320000000000000e+05 4.757820624437616567e-23
8.765440000000000000e+05 4.757820624437616567e-23
8.770560000000000000e+05 4.757820624437616567e-23
8.775680000000000000e+05 4.431296870780018817e-23
8.780800000000000000e+05 3.118074545103776607e-23
8.785920000000000000e+05 3.118074545103776607e-23
8.791040000000000000e+05 3.118074545103776607e-23
8.796160000000000000e+05 3.118074545103776607e-23
8.801280000000000000e+05 3.118074545103776607e-23
8.806400000000000000e+05 2.983201210994818522e-23
8.811520000000000000e+05 2.983201210994818522e-23
8.816640000000000000e+05 2.983201210994818522e-23
8.821760000000000000e+05 2.983201210994818522e-23
8.826880000000000000e+05 2.983201210994818522e-23
8.832000000000000000e+05 2.983201210994818522e-23
8.837120000000000000e+05 2.983201210994818522e-23
8.842240000000000000e+05 2.983201210994818522e-23
8.847360000000000000e+05 2.983201210994818522e-23
8.852480000000000000e+05 2.983201210994818522e-23
8.857600000000000000e+05 2.557729274498370368e-23
8.862720000000000000e+05 2.557729274498370368e-23
8.867840000000000000e+05 2.557729274498370368e-23
8.872960000000000000e+05 2.557729274498370368e-23
8.878080000000000000e+05 2.557729274498370368e-23
8.883200000000000000e+05 2.557729274498370368e-23
8.888320000000000000e+05 2.557729274498370368e-23
8.893440000000000000e+05 1.907362772021202120e-23
8.898560000000000000e+05 1.907362772021202120e-23
8.903680000000000000e+05 1.907362772021202120e-23
8.908800000000000000e+05 1.802732063147139408e-23
8.913920000000000000e+05 1.802732063147139408e-23
8.919040000000000000e+05 1.802732063147139408e-23
8.924160000000000000e+05 1.802732063147139408e-23
8.929280000000000000e+05 1.802732063147139408e-23
8.934400000000000000e+05 1.802732063147139408e-23
8.939520000000000000e+05 1.636456219749705230e-23
8.944640000000000000e+05 1.636456219749705230e-23
8.949760000000000000e+05 1.636456219749705230e-23
8.954880000000000000e+05 1.636456219749705230e-23
8.960000000000000000e+05 1.063360013879683859e-23
8.965120000000000000e+05 1.063360013879683859e-23
8.970240000000000000e+05 1.063360013879683859e-23
8.975360000000000000e+05 1.063360013879683859e-23
8.980480000000000000e+05 1.063360013879683859e-23
8.985600000000000000e+05 7.916833995514857401e-24
8.990720000000000000e+05 7.916833995514857401e-24
8.995840000000000000e+05 7.916833995514857401e-24
9.000960000000000000e+05 7.916833995514857401e-24
9.006080000000000000e+05 7.916833995514857401e-24
9.011200000000000000e+05 7.916833995514857401e-24
9.016320000000000000e+05 7.916833995514857401e-24
9.021440000000000000e+05 7.916833995514857401e-24
9.026560000000000000e+05 7.916833995514857401e-24
9.031680000000000000e+05 7.916833995514857401e-24
9.036800000000000000e+05 7.916833995514857401e-24
9.041920000000000000e+05 7.916833995514857401e-24
9.047040000000000000e+05 7.916833995514857401e-24
9.052160000000000000e+05 7.916833995514857401e-24
9.057280000000000000e+05 7.916833995514857401e-24
9.062400000000000000e+05 7.916833995514857401e-24
9.067520000000000000e+05 6.768254250740333191e-24
9.072640000000000000e+05 6.768254250740333191e-24
9.077760000000000000e+05 6.768254250740333191e-24
9.082880000000000000e+05 6.768254250740333191e-24
9.088000000000000000e+05 6.768254250740333191e-24
9.093120000000000000e+05 6.768254250740333191e-24
9.098240000000000000e+05 6.768254250740333191e-24
9.103360000000000000e+05 6.637718670182306970e-24
9.108480000000000000e+05 6.637718670182306970e-24
9.113600000000000000e+05 6.637718670182306970e-24
9.118720000000000000e+05 5.720173661719496970e-24
9.123840000000000000e+05 5.720173661719496970e-24
9.128960000000000000e+05 5.720173661719496970e-24
9.134080000000000000e+05 5.720173661719496970e-24
9.139200000000000000e+05 4.662438225184479747e-24
9.144320000000000000e+05 4.662438225184479747e-24
9.149440000000000000e+05 3.709638960365993652e-24
9.154560000000000000e+05 3.709638960365993652e-24
9.159680000000000000e+05 3.709638960365993652e-24
9.164800000000000000e+05 3.709638960365993652e-24
9.169920000000000000e+05 3.709638960365993652e-24
9.175040000000000000e+05 3.709638960365993652e-24
9.180160000000000000e+05 3.709638960365993652e-24
9.185280000000000000e+05 3.709638960365993652e-24
9.190400000000000000e+05 3.709638960365993652e-24
9.195520000000000000e+05 3.709638960365993652e-24
9.200640000000000000e+05 3.658956283121738882e-24
9.205760000000000000e+05 3.658956283121738882e-24
9.210880000000000000e+05 3.658956283121738882e-24
9.216000000000000000e+05 3.658956283121738882e-24
9.221120000000000000e+05 3.658956283121738882e-24
9.226240000000000000e+05 3.658956283121738882e-24
9.231360000000000000e+05 3.415337099158350744e-24
9.236480000000000000e+05 3.415337099158350744e-24
9.241600000000000000e+05 3.415337099158350744e-24
9.246720000000000000e+05 2.694860165428766650e-24
9.251840000000000000e+05 2.694860165428766650e-24
9.256960000000000000e+05 2.694860165428766650e-24
9.262080000000000000e+05 2.694860165428766650e-24
9.267200000000000000e+05 2.694860165428766650e-24
9.272320000000000000e+05 2.694860165428766650e-24
9.277440000000000000e+05 2.694860165428766650e-24
9.282560000000000000e+05 2.694860165428766650e-24
9.287680000000000000e+05 2.694860165428766650e-24
9.292800000000000000e+05 2.694860165428766650e-24
9.297920000000000000e+05 2.554100814017217750e-24
9.303040000000000000e+05 2.285735694048129376e-24
9.308160000000000000e+05 1.994915717642050130e-24
9.313280000000000000e+05 1.994915717642050130e-24
9.318400000000000000e+05 1.964217718441928394e-24
9.323520000000000000e+05 1.092916483813186665e-24
9.328640000000000000e+05 1.092916483813186665e-24
9.333760000000000000e+05 1.092916483813186665e-24
9.338880000000000000e+05 1.092916483813186665e-24
9.344000000000000000e+05 1.092916483813186665e-24
9.349120000000000000e+05 1.092916483813186665e-24
9.354240000000000000e+05 1.092916483813186665e-24
9.359360000000000000e+05 1.092916483813186665e-24
9.364480000000000000e+05 1.092916483813186665e-24
9.369600000000000000e+05 1.092916483813186665e-24
9.374720000000000000e+05 1.092916483813186665e-24
9.379840000000000000e+05 1.092916483813186665e-24
9.384960000000000000e+05 7.376517157041812809e-25
9.390080000000000000e+05 7.376517157041812809e-25
9.395200000000000000e+05 7.376517157041812809e-25
9.400320000000000000e+05 7.376517157041812809e-25
9.405440000000000000e+05 7.376517157041812809e-25
9.410560000000000000e+05 7.376517157041812809e-25
9.415680000000000000e+05 7.376517157041812809e-25
9.420800000000000000e+05 7.376517157041812809e-25
9.425920000000000000e+05 7.376517157041812809e-25
9.431040000000000000e+05 7.376517157041812809e-25
9.436160000000000000e+05 5.126602484234899416e-25
9.441280000000000000e+05 5.126602484234899416e-25
9.446400000000000000e+05 5.126602484234899416e-25
9.451520000000000000e+05 5.126602484234899416e-25
9.456640000000000000e+05 5.126602484234899416e-25
9.461760000000000000e+05 5.126602484234899416e-25
9.466880000000000000e+05 5.126602484234899416e-25
9.472000000000000000e+05 5.126602484234899416e-25
9.477120000000000000e+05 5.126602484234899416e-25
9.482240000000000000e+05 5.126602484234899416e-25
9.487360000000000000e+05 5.126602484234899416e-25
9.492480000000000000e+05 5.126602484234899416e-25
9.497600000000000000e+05 3.662527507042145281e-25
9.502720000000000000e+05 3.662527507042145281e-25
9.507840000000000000e+05 3.662527507042145281e-25
9.512960000000000000e+05 3.662527507042145281e-25
9.518080000000000000e+05 3.662527507042145281e-25
9.523200000000000000e+05 3.662527507042145281e-25
9.528320000000000000e+05 3.662527507042145281e-25
9.533440000000000000e+05 3.662527507042145281e-25
9.538560000000000000e+05 3.662527507042145281e-25
9.543680000000000000e+05 3.662527507042145281e-25
9.548800000000000000e+05 3.662527507042145281e-25
9.553920000000000000e+05 3.662527507042145281e-25
9.559040000000000000e+05 3.662527507042145281e-25
9.564160000000000000e+05 3.662527507042145281e-25
9.569280000000000000e+05 3.662527507042145281e-25
9.574400000000000000e+05 3.662527507042145281e-25
9.579520000000000000e+05 3.662527507042145281e-25
9.584640000000000000e+05 3.662527507042145281e-25
9.589760000000000000e+05 3.662527507042145281e-25
9.594880000000000000e+05 3.662527507042145281e-25
9.600000000000000000e+05 3.231973397082204770e-25
9.605120000000000000e+05 3.231973397082204770e-25
9.610240000000000000e+05 3.231973397082204770e-25
9.615360000000000000e+05 3.231973397082204770e-25
9.620480000000000000e+05 3.184519684242462858e-25
9.625600000000000000e+05 3.184519684242462858e-25
9.630720000000000000e+05 3.184519684242462858e-25
9.635840000000000000e+05 3.022925168258249908e-25
9.640960000000000000e+05 3.022925168258249908e-25
9.646080000000000000e+05 1.219888603041484382e-25
9.651200000000000000e+05 1.219888603041484382e-25
9.656320000000000000e+05 1.219888603041484382e-25
9.661440000000000000e+05 1.219888603041484382e-25
9.666560000000000000e+05 1.219888603041484382e-25
9.671680000000000000e+05 1.219888603041484382e-25
9.676800000000000000e+05 1.219888603041484382e-25
9.681920000000000000e+05 1.219888603041484382e-25
9.687040000000000000e+05 1.219888603041484382e-25
9.692160000000000000e+05 1.219888603041484382e-25
9.697280000000000000e+05 1.219888603041484382e-25
9.702400000000000000e+05 1.219888603041484382e-25
9.707520000000000000e+05 1.007308964172652125e-25
9.712640000000000000e+05 1.007308964172652125e-25
9.717760000000000000e+05 1.007308964172652125e-25
9.722880000000000000e+05 1.007308964172652125e-25
9.728000000000000000e+05 1.007308964172652125e-25
9.733120000000000000e+05 1.007308964172652125e-25
9.738240000000000000e+05 1.007308964172652125e-25
9.743360000000000000e+05 1.007308964172652125e-25
9.748480000000000000e+05 1.007308964172652125e-25
9.753600000000000000e+05 1.007308964172652125e-25
9.758720000000000000e+05 1.007308964172652125e-25
9.763840000000000000e+05 1.007308964172652125e-25
9.768960000000000000e+05 1.007308964172652125e-25
9.774080000000000000e+05 1.007308964172652125e-25
9.779200000000000000e+05 7.911407311376232092e-26
9.784320000000000000e+05 7.911407311376232092e-26
9.789440000000000000e+05 7.911407311376232092e-26
9.794560000000000000e+05 7.911407311376232092e-26
9.799680000000000000e+05 7.911407311376232092e-26
9.804800000000000000e+05 7.911407311376232092e-26
9.809920000000000000e+05 7.911407311376232092e-26
9.815040000000000000e+05 7.911407311376232092e-26
9.820160000000000000e+05 7.911407311376232092e-26
9.825280000000000000e+05 7.911407311376232092e-26
9.830400000000000000e+05 6.302006224972217471e-26
9.835520000000000000e+05 6.302006224972217471e-26
9.840640000000000000e+05 6.302006224972217471e-26
9.845760000000000000e+05 6.302006224972217471e-26
9.850880000000000000e+05 6.302006224972217471e-26
9.856000000000000000e+05 6.302006224972217471e-26
9.861120000000000000e+05 5.106206641249600909e-26
9.866240000000000000e+05 5.106206641249600909e-26
9.871360000000000000e+05 5.106206641249600909e-26
9.876480000000000000e+05 5.106206641249600909e-26
9.881600000000000000e+05 3.314717228787656728e-26
9.886720000000000000e+05 3.314717228787656728e-26
9.891840000000000000e+05 3.314717228787656728e-26
9.896960000000000000e+05 3.314717228787656728e-26
9.902080000000000000e+05 3.314717228787656728e-26
9.907200000000000000e+05 3.314717228787656728e-26
9.912320000000000000e+05 3.314717228787656728e-26
9.917440000000000000e+05 3.314717228787656728e-26
9.922560000000000000e+05 3.314717228787656728e-26
9.927680000000000000e+05 3.314717228787656728e-26
9.932800000000000000e+05 3.314717228787656728e-26
9.937920000000000000e+05 3.314717228787656728e-26
9.943040000000000000e+05 3.314717228787656728e-26
9.948160000000000000e+05 3.314717228787656728e-26
9.953280000000000000e+05 3.309794661164170589e-26
9.958400000000000000e+05 3.309794661164170589e-26
9.963520000000000000e+05 3.309794661164170589e-26
9.968640000000000000e+05 3.309794661164170589e-26
9.973760000000000000e+05 3.309794661164170589e-26
9.978880000000000000e+05 3.309794661164170589e-26
9.984000000000000000e+05 3.309794661164170589e-26
9.989120000000000000e+05 3.309794661164170589e-26
9.994240000000000000e+05 2.337576995445740313e-26
9.999360000000000000e+05 2.337576995445740313e-26
1.000448000000000000e+06 2.337576995445740313e-26
