1.280000000000000000e+02 2.176869140622766374e-01
2.560000000000000000e+02 1.353056074223157601e-01
3.840000000000000000e+02 4.791027437188227073e-02
5.120000000000000000e+02 4.791027437188227073e-02
6.400000000000000000e+02 4.791027437188227073e-02
7.680000000000000000e+02 4.791027437188227073e-02
8.960000000000000000e+02 2.428065807757174774e-02
1.024000000000000000e+03 2.428065807757174774e-02
1.152000000000000000e+03 1.138235365764150506e-02
1.280000000000000000e+03 8.587844457281206684e-03
1.408000000000000000e+03 4.630452658398062811e-03
1.536000000000000000e+03 4.630452658398062811e-03
1.664000000000000000e+03 2.192374428124205764e-03
1.792000000000000000e+03 5.600213478111222532e-05
1.920000000000000000e+03 5.600213478111222532e-05
2.048000000000000000e+03 5.600213478111222532e-05
2.176000000000000000e+03 5.600213478111222532e-05
2.304000000000000000e+03 5.600213478111222532e-05
2.432000000000000000e+03 5.600213478111222532e-05
2.560000000000000000e+03 5.600213478111222532e-05
2.688000000000000000e+03 5.600213478111222532e-05
2.816000000000000000e+03 8.453045031957075848e-06
2.944000000000000000e+03 8.453045031957075848e-06
3.072000000000000000e+03 1.342145597711814884e-06
3.200000000000000000e+03 1.342145597711814884e-06
3.328000000000000000e+03 1.342145597711814884e-06
3.456000000000000000e+03 1.342145597711814884e-06
3.584000000000000000e+03 2.225762620497785561e-07
3.712000000000000000e+03 5.923150725373142815e-08
3.840000000000000000e+03 5.923150725373142815e-08
3.968000000000000000e+03 5.923150725373142815e-08
4.096000000000000000e+03 5.923150725373142815e-08
4.224000000000000000e+03 5.923150725373142815e-08
4.352000000000000000e+03 3.471402705713457692e-08
4.480000000000000000e+03 3.471402705713457692e-08
4.608000000000000000e+03 3.471402705713457692e-08
4.736000000000000000e+03 1.112969571256765119e-08
4.864000000000000000e+03 1.112969571256765119e-08
4.992000000000000000e+03 2.304297859367328401e-09
5.120000000000000000e+03 2.304297859367328401e-09
5.248000000000000000e+03 2.304297859367328401e-09
5.376000000000000000e+03 1.793227332515578993e-09
5.504000000000000000e+03 1.067004089561119688e-10
5.632000000000000000e+03 1.067004089561119688e-10
5.760000000000000000e+03 3.741799206977720440e-11
5.888000000000000000e+03 2.205726757828558683e-11
6.016000000000000000e+03 2.205726757828558683e-11
6.144000000000000000e+03 2.205726757828558683e-11
6.272000000000000000e+03 2.205726757828558683e-11
6.400000000000000000e+03 2.205726757828558683e-11
6.528000000000000000e+03 2.205726757828558683e-11
6.656000000000000000e+03 1.624308663030705639e-12
6.784000000000000000e+03 1.624308663030705639e-12
6.912000000000000000e+03 1.624308663030705639e-12
7.040000000000000000e+03 1.624308663030705639e-12
7.168000000000000000e+03 1.624308663030705639e-12
7.296000000000000000e+03 1.624308663030705639e-12
7.424000000000000000e+03 1.761776705285054065e-14
7.552000000000000000e+03 1.761776705285054065e-14
7.680000000000000000e+03 1.761776705285054065e-14
7.808000000000000000e+03 1.761776705285054065e-14
7.936000000000000000e+03 1.761776705285054065e-14
8.064000000000000000e+03 1.761776705285054065e-14
8.192000000000000000e+03 1.761776705285054065e-14
8.320000000000000000e+03 1.761776705285054065e-14
8.448000000000000000e+03 1.722874621963848206e-14
8.576000000000000000e+03 1.722874621963848206e-14
8.704000000000000000e+03 1.722874621963848206e-14
8.832000000000000000e+03 3.412527588149662747e-15
8.960000000000000000e+03 3.412527588149662747e-15
9.088000000000000000e+03 2.459685083841067519e-15
9.216000000000000000e+03 2.459685083841067519e-15
9.344000000000000000e+03 6.474810617870909459e-16
9.472000000000000000e+03 6.474810617870909459e-16
9.600000000000000000e+03 5.896514414100402188e-17
9.728000000000000000e+03 5.896514414100402188e-17
9.856000000000000000e+03 2.309320631718832345e-17
9.984000000000000000e+03 2.309320631718832345e-17
1.011200000000000000e+04 2.309320631718832345e-17
1.024000000000000000e+04 2.309320631718832345e-17
1.036800000000000000e+04 2.309320631718832345e-17
1.049600000000000000e+04 2.309320631718832345e-17
1.062400000000000000e+04 2.309320631718832345e-17
1.075200000000000000e+04 6.534267374148297065e-19
1.088000000000000000e+04 6.534267374148297065e-19
1.100800000000000000e+04 6.534267374148297065e-19
1.113600000000000000e+04 3.195191554718979682e-19
1.126400000000000000e+04 3.195191554718979682e-19
1.139200000000000000e+04 3.195191554718979682e-19
1.152000000000000000e+04 3.195191554718979682e-19
1.164800000000000000e+04 2.519401788724326789e-19
1.177600000000000000e+04 1.346079272485885593e-19
1.190400000000000000e+04 1.346079272485885593e-19
1.203200000000000000e+04 7.190511372642104404e-20
1.216000000000000000e+04 7.190511372642104404e-20
1.228800000000000000e+04 5.684904056815272665e-20
1.241600000000000000e+04 9.221161107741413677e-21
1.254400000000000000e+04 9.221161107741413677e-21
1.267200000000000000e+04 9.221161107741413677e-21
1.280000000000000000e+04 4.325455428832179672e-21
1.292800000000000000e+04 2.209363973739405893e-21
1.305600000000000000e+04 9.777895208613511670e-22
1.318400000000000000e+04 9.777895208613511670e-22
1.331200000000000000e+04 9.777895208613511670e-22
1.344000000000000000e+04 1.511137814887615019e-23
1.356800000000000000e+04 1.511137814887615019e-23
1.369600000000000000e+04 1.511137814887615019e-23
1.382400000000000000e+04 1.511137814887615019e-23
1.395200000000000000e+04 1.511137814887615019e-23
1.408000000000000000e+04 1.511137814887615019e-23
1.420800000000000000e+04 1.104426181971708898e-23
1.433600000000000000e+04 1.090898768259732462e-23
1.446400000000000000e+04 1.090898768259732462e-23
1.459200000000000000e+04 2.438300862090298049e-24
1.472000000000000000e+04 1.901775748874032717e-24
1.484800000000000000e+04 1.824565613555310848e-24
1.497600000000000000e+04 1.824565613555310848e-24
1.510400000000000000e+04 4.492682483119872489e-25
1.523200000000000000e+04 4.492682483119872489e-25
1.536000000000000000e+04 4.492682483119872489e-25
1.548800000000000000e+04 2.651572326498376607e-25
1.561600000000000000e+04 2.651572326498376607e-25
1.574400000000000000e+04 1.925770062022555969e-25
1.587200000000000000e+04 1.831719318681713846e-26
1.600000000000000000e+04 1.831719318681713846e-26
1.612800000000000000e+04 1.831719318681713846e-26
1.625600000000000000e+04 1.529448212012693235e-26
1.638400000000000000e+04 2.481213517776062018e-27
1.651200000000000000e+04 2.481213517776062018e-27
1.664000000000000000e+04 2.481213517776062018e-27
1.676800000000000000e+04 1.081006381826614555e-27
1.689600000000000000e+04 1.081006381826614555e-27
1.702400000000000000e+04 1.081006381826614555e-27
1.715200000000000000e+04 7.023228994847734064e-28
1.728000000000000000e+04 4.264302735426965923e-29
1.740800000000000000e+04 4.264302735426965923e-29
1.753600000000000000e+04 4.264302735426965923e-29
1.766400000000000000e+04 4.264302735426965923e-29
1.779200000000000000e+04 2.866345808298169771e-29
1.792000000000000000e+04 2.866345808298169771e-29
1.804800000000000000e+04 2.866345808298169771e-29
1.817600000000000000e+04 1.654513179004676977e-29
1.830400000000000000e+04 1.654513179004676977e-29
1.843200000000000000e+04 1.132759121976863638e-29
1.856000000000000000e+04 1.132759121976863638e-29
1.868800000000000000e+04 1.132759121976863638e-29
1.881600000000000000e+04 9.574296754676627357e-30
1.894400000000000000e+04 2.605690099454342875e-30
1.907200000000000000e+04 2.605690099454342875e-30
1.920000000000000000e+04 3.277522557183536991e-31
1.932800000000000000e+04 3.277522557183536991e-31
1.945600000000000000e+04 3.277522557183536991e-31
1.958400000000000000e+04 9.826162223596370727e-32
1.971200000000000000e+04 2.366762484028717778e-33
1.984000000000000000e+04 2.366762484028717778e-33
1.996800000000000000e+04 2.366762484028717778e-33
2.009600000000000000e+04 2.366762484028717778e-33
2.022400000000000000e+04 2.366762484028717778e-33
2.035200000000000000e+04 2.366762484028717778e-33
2.048000000000000000e+04 2.366762484028717778e-33
2.060800000000000000e+04 2.366762484028717778e-33
2.073600000000000000e+04 1.098461348444946651e-33
2.086400000000000000e+04 2.165430972830209151e-34
2.099200000000000000e+04 2.165430972830209151e-34
2.112000000000000000e+04 2.165430972830209151e-34
2.124800000000000000e+04 1.223920700442754495e-34
2.137600000000000000e+04 1.223920700442754495e-34
2.150400000000000000e+04 1.223920700442754495e-34
2.163200000000000000e+04 4.856520728056206194e-35
2.176000000000000000e+04 4.856520728056206194e-35
2.188800000000000000e+04 3.190874488428327455e-35
2.201600000000000000e+04 2.588825113776364647e-35
2.214400000000000000e+04 2.588825113776364647e-35
2.227200000000000000e+04 2.588825113776364647e-35
2.240000000000000000e+04 2.588825113776364647e-35
2.252800000000000000e+04 1.941702919253527896e-35
2.265600000000000000e+04 1.941702919253527896e-35
2.278400000000000000e+04 2.166245854316074276e-36
2.291200000000000000e+04 1.701253375803397677e-36
2.304000000000000000e+04 1.701253375803397677e-36
2.316800000000000000e+04 1.102907540421850364e-36
2.329600000000000000e+04 1.102907540421850364e-36
2.342400000000000000e+04 1.102907540421850364e-36
2.355200000000000000e+04 3.120028404056720561e-37
2.368000000000000000e+04 9.340119244293001734e-38
2.380800000000000000e+04 1.739106564634031759e-38
2.393600000000000000e+04 1.739106564634031759e-38
2.406400000000000000e+04 1.739106564634031759e-38
2.419200000000000000e+04 1.739106564634031759e-38
2.432000000000000000e+04 1.739106564634031759e-38
2.444800000000000000e+04 1.279386558812767529e-39
2.457600000000000000e+04 1.279386558812767529e-39
2.470400000000000000e+04 1.279386558812767529e-39
2.483200000000000000e+04 1.279386558812767529e-39
2.496000000000000000e+04 6.139651428224317530e-40
2.508800000000000000e+04 6.139651428224317530e-40
2.521600000000000000e+04 6.139651428224317530e-40
2.534400000000000000e+04 1.261874423531706573e-40
2.547200000000000000e+04 1.261874423531706573e-40
2.560000000000000000e+04 1.261874423531706573e-40
2.572800000000000000e+04 1.261874423531706573e-40
2.585600000000000000e+04 1.261874423531706573e-40
2.598400000000000000e+04 1.261874423531706573e-40
2.611200000000000000e+04 1.261874423531706573e-40
2.624000000000000000e+04 1.568178487680173873e-41
2.636800000000000000e+04 1.162033596307479818e-41
2.649600000000000000e+04 2.520653833256448511e-42
2.662400000000000000e+04 2.520653833256448511e-42
2.675200000000000000e+04 1.177494074005849404e-42
2.688000000000000000e+04 1.177494074005849404e-42
2.700800000000000000e+04 5.536755467566205244e-43
2.713600000000000000e+04 2.275952439321875667e-43
2.726400000000000000e+04 2.275952439321875667e-43
2.739200000000000000e+04 2.275952439321875667e-43
2.752000000000000000e+04 1.121016803345061304e-43
2.764800000000000000e+04 1.121016803345061304e-43
2.777600000000000000e+04 1.121016803345061304e-43
2.790400000000000000e+04 1.121016803345061304e-43
2.803200000000000000e+04 1.121016803345061304e-43
2.816000000000000000e+04 1.121016803345061304e-43
2.828800000000000000e+04 3.917998610462808646e-44
2.841600000000000000e+04 3.873039997296415184e-44
2.854400000000000000e+04 1.379155713457289260e-44
2.867200000000000000e+04 1.379155713457289260e-44
2.880000000000000000e+04 9.929552883025599936e-45
2.892800000000000000e+04 5.845945051856959508e-45
2.905600000000000000e+04 5.845945051856959508e-45
2.918400000000000000e+04 1.126313099705973082e-45
2.931200000000000000e+04 1.126313099705973082e-45
2.944000000000000000e+04 1.126313099705973082e-45
2.956800000000000000e+04 9.305115423369784313e-46
2.969600000000000000e+04 9.305115423369784313e-46
2.982400000000000000e+04 2.823026396060807691e-46
2.995200000000000000e+04 2.823026396060807691e-46
3.008000000000000000e+04 6.342413614136467217e-48
3.020800000000000000e+04 6.342413614136467217e-48
3.033600000000000000e+04 6.342413614136467217e-48
3.046400000000000000e+04 6.342413614136467217e-48
3.059200000000000000e+04 6.342413614136467217e-48
3.072000000000000000e+04 2.147092823753216025e-48
3.084800000000000000e+04 2.147092823753216025e-48
3.097600000000000000e+04 1.176535635081232881e-49
3.110400000000000000e+04 1.176535635081232881e-49
3.123200000000000000e+04 1.176535635081232881e-49
3.136000000000000000e+04 1.176535635081232881e-49
3.148800000000000000e+04 1.035844678389866748e-50
3.161600000000000000e+04 1.035844678389866748e-50
3.174400000000000000e+04 1.035844678389866748e-50
3.187200000000000000e+04 1.035844678389866748e-50
3.200000000000000000e+04 1.035844678389866748e-50
3.212800000000000000e+04 1.035844678389866748e-50
3.225600000000000000e+04 1.035844678389866748e-50
3.238400000000000000e+04 1.035844678389866748e-50
3.251200000000000000e+04 1.035844678389866748e-50
3.264000000000000000e+04 1.035844678389866748e-50
3.276800000000000000e+04 9.777793990820328915e-52
3.289600000000000000e+04 9.777793990820328915e-52
3.302400000000000000e+04 9.777793990820328915e-52
3.315200000000000000e+04 9.777793990820328915e-52
3.328000000000000000e+04 7.468427353128279749e-52
3.340800000000000000e+04 2.483915135887185675e-52
3.353600000000000000e+04 8.217467164465352554e-53
3.366400000000000000e+04 4.050467597208017444e-53
3.379200000000000000e+04 4.050467597208017444e-53
3.392000000000000000e+04 7.067185293247660485e-55
3.404800000000000000e+04 7.067185293247660485e-55
3.417600000000000000e+04 7.067185293247660485e-55
3.430400000000000000e+04 7.067185293247660485e-55
3.443200000000000000e+04 7.067185293247660485e-55
3.456000000000000000e+04 7.067185293247660485e-55
3.468800000000000000e+04 7.067185293247660485e-55
3.481600000000000000e+04 7.067185293247660485e-55
3.494400000000000000e+04 7.067185293247660485e-55
3.507200000000000000e+04 7.067185293247660485e-55
3.520000000000000000e+04 7.067185293247660485e-55
3.532800000000000000e+04 7.067185293247660485e-55
3.545600000000000000e+04 4.769954463530308469e-55
3.558400000000000000e+04 2.745368454864982098e-55
3.571200000000000000e+04 2.291626600379807499e-56
3.584000000000000000e+04 2.291626600379807499e-56
3.596800000000000000e+04 2.291626600379807499e-56
3.609600000000000000e+04 2.291626600379807499e-56
3.622400000000000000e+04 2.187516228753804380e-56
3.635200000000000000e+04 7.249537923001891908e-58
3.648000000000000000e+04 7.249537923001891908e-58
3.660800000000000000e+04 7.249537923001891908e-58
3.673600000000000000e+04 7.249537923001891908e-58
3.686400000000000000e+04 7.249537923001891908e-58
3.699200000000000000e+04 7.249537923001891908e-58
3.712000000000000000e+04 7.249537923001891908e-58
3.724800000000000000e+04 7.249537923001891908e-58
3.737600000000000000e+04 7.249537923001891908e-58
3.750400000000000000e+04 3.554424129850516992e-58
3.763200000000000000e+04 1.950539654245239968e-58
3.776000000000000000e+04 1.950539654245239968e-58
3.788800000000000000e+04 1.950539654245239968e-58
3.801600000000000000e+04 1.950539654245239968e-58
3.814400000000000000e+04 3.079307164145323220e-59
3.827200000000000000e+04 1.758842784680841348e-59
3.840000000000000000e+04 1.758842784680841348e-59
3.852800000000000000e+04 1.417493762840178116e-59
3.865600000000000000e+04 3.454123359753894152e-60
3.878400000000000000e+04 3.454123359753894152e-60
3.891200000000000000e+04 2.542848834691056010e-60
3.904000000000000000e+04 1.141555879296721885e-60
3.916800000000000000e+04 5.913166491809386263e-61
3.929600000000000000e+04 4.289461724868235368e-61
3.942400000000000000e+04 4.289461724868235368e-61
3.955200000000000000e+04 4.280907991699423978e-61
3.968000000000000000e+04 4.280907991699423978e-61
3.980800000000000000e+04 1.777610938241048706e-61
3.993600000000000000e+04 8.941447441754105598e-62
4.006400000000000000e+04 8.941447441754105598e-62
4.019200000000000000e+04 2.027664220432994167e-63
4.032000000000000000e+04 2.027664220432994167e-63
4.044800000000000000e+04 2.027664220432994167e-63
4.057600000000000000e+04 2.027664220432994167e-63
4.070400000000000000e+04 2.027664220432994167e-63
4.083200000000000000e+04 2.027664220432994167e-63
4.096000000000000000e+04 2.027664220432994167e-63
4.108800000000000000e+04 2.027664220432994167e-63
4.121600000000000000e+04 1.598290604425297555e-63
4.134400000000000000e+04 1.598290604425297555e-63
4.147200000000000000e+04 1.598290604425297555e-63
4.160000000000000000e+04 1.317010728265487479e-64
4.172800000000000000e+04 1.150560330089976113e-64
4.185600000000000000e+04 1.150560330089976113e-64
4.198400000000000000e+04 7.309507216047934489e-65
4.211200000000000000e+04 7.309507216047934489e-65
4.224000000000000000e+04 7.309507216047934489e-65
4.236800000000000000e+04 2.099928176029852987e-65
4.249600000000000000e+04 2.051764206213558311e-65
4.262400000000000000e+04 2.051764206213558311e-65
4.275200000000000000e+04 1.062717835381768851e-65
4.288000000000000000e+04 3.133817754272738750e-66
4.300800000000000000e+04 3.133817754272738750e-66
4.313600000000000000e+04 1.363663856679537619e-66
4.326400000000000000e+04 2.525231196882164471e-68
4.339200000000000000e+04 2.525231196882164471e-68
4.352000000000000000e+04 2.525231196882164471e-68
4.364800000000000000e+04 2.525231196882164471e-68
4.377600000000000000e+04 2.525231196882164471e-68
4.390400000000000000e+04 2.525231196882164471e-68
4.403200000000000000e+04 1.081272956940883192e-68
4.416000000000000000e+04 8.851830653138918174e-69
4.428800000000000000e+04 8.851830653138918174e-69
4.441600000000000000e+04 8.851830653138918174e-69
4.454400000000000000e+04 7.218236613287714423e-70
4.467200000000000000e+04 7.218236613287714423e-70
4.480000000000000000e+04 7.218236613287714423e-70
4.492800000000000000e+04 7.218236613287714423e-70
4.505600000000000000e+04 7.218236613287714423e-70
4.518400000000000000e+04 7.218236613287714423e-70
4.531200000000000000e+04 5.609953700750096926e-70
4.544000000000000000e+04 4.575251039128896925e-70
4.556800000000000000e+04 4.575251039128896925e-70
4.569600000000000000e+04 3.004432505892016539e-70
4.582400000000000000e+04 3.004432505892016539e-70
4.595200000000000000e+04 1.299266249995418204e-70
4.608000000000000000e+04 1.109904508745403801e-70
4.620800000000000000e+04 8.808413578745545235e-71
4.633600000000000000e+04 1.581651315975331219e-71
4.646400000000000000e+04 1.581651315975331219e-71
4.659200000000000000e+04 4.927686280037022010e-72
4.672000000000000000e+04 4.927686280037022010e-72
4.684800000000000000e+04 4.927686280037022010e-72
4.697600000000000000e+04 1.508010419592422983e-72
4.710400000000000000e+04 1.508010419592422983e-72
4.723200000000000000e+04 1.508010419592422983e-72
4.736000000000000000e+04 1.508010419592422983e-72
4.748800000000000000e+04 1.156556600223978735e-72
4.761600000000000000e+04 3.515171201611641788e-73
4.774400000000000000e+04 3.515171201611641788e-73
4.787200000000000000e+04 3.129625592989683096e-73
4.800000000000000000e+04 8.104597436280766071e-74
4.812800000000000000e+04 8.104597436280766071e-74
4.825600000000000000e+04 1.312031230458969277e-74
4.838400000000000000e+04 1.312031230458969277e-74
4.851200000000000000e+04 5.699930618197143964e-75
4.864000000000000000e+04 5.699930618197143964e-75
4.876800000000000000e+04 5.699930618197143964e-75
4.889600000000000000e+04 1.194961614037630755e-75
4.902400000000000000e+04 1.194961614037630755e-75
4.915200000000000000e+04 1.194961614037630755e-75
4.928000000000000000e+04 1.993406485162613798e-76
4.940800000000000000e+04 1.993406485162613798e-76
4.953600000000000000e+04 2.552796631373694033e-77
4.966400000000000000e+04 2.552796631373694033e-77
4.979200000000000000e+04 2.552796631373694033e-77
4.992000000000000000e+04 2.552796631373694033e-77
5.004800000000000000e+04 2.552796631373694033e-77
5.017600000000000000e+04 2.552796631373694033e-77
5.030400000000000000e+04 2.552796631373694033e-77
5.043200000000000000e+04 1.273969453335472982e-77
5.056000000000000000e+04 1.273969453335472982e-77
5.068800000000000000e+04 1.160583427053729831e-77
5.081600000000000000e+04 1.160583427053729831e-77
5.094400000000000000e+04 6.887399526319923910e-78
5.107200000000000000e+04 3.030462656107725509e-78
5.120000000000000000e+04 1.417139696850411748e-78
5.132800000000000000e+04 3.748000513993269204e-79
5.145600000000000000e+04 9.245548214051148224e-80
5.158400000000000000e+04 9.245548214051148224e-80
5.171200000000000000e+04 9.245548214051148224e-80
5.184000000000000000e+04 9.245548214051148224e-80
5.196800000000000000e+04 2.647417384868427274e-80
5.209600000000000000e+04 1.313299508730468695e-80
5.222400000000000000e+04 7.688930342347863794e-81
5.235200000000000000e+04 7.688930342347863794e-81
5.248000000000000000e+04 7.688930342347863794e-81
5.260800000000000000e+04 1.847603915816731737e-81
5.273600000000000000e+04 1.847603915816731737e-81
5.286400000000000000e+04 1.847603915816731737e-81
5.299200000000000000e+04 4.189568117724322694e-82
5.312000000000000000e+04 4.189568117724322694e-82
5.324800000000000000e+04 4.189568117724322694e-82
5.337600000000000000e+04 4.189568117724322694e-82
5.350400000000000000e+04 2.593600535461347729e-82
5.363200000000000000e+04 2.407780760018069037e-83
5.376000000000000000e+04 2.407780760018069037e-83
5.388800000000000000e+04 2.407780760018069037e-83
5.401600000000000000e+04 2.407780760018069037e-83
5.414400000000000000e+04 2.407780760018069037e-83
5.427200000000000000e+04 2.407780760018069037e-83
5.440000000000000000e+04 7.079770718878198028e-84
5.452800000000000000e+04 4.172101669536542187e-84
5.465600000000000000e+04 4.172101669536542187e-84
5.478400000000000000e+04 4.172101669536542187e-84
5.491200000000000000e+04 4.172101669536542187e-84
5.504000000000000000e+04 4.172101669536542187e-84
5.516800000000000000e+04 4.172101669536542187e-84
5.529600000000000000e+04 1.257506790662047891e-84
5.542400000000000000e+04 2.781953487990163763e-85
5.555200000000000000e+04 2.762858143153867178e-85
5.568000000000000000e+04 2.762858143153867178e-85
5.580800000000000000e+04 2.762858143153867178e-85
5.593600000000000000e+04 2.762858143153867178e-85
5.606400000000000000e+04 2.762858143153867178e-85
5.619200000000000000e+04 2.117408422010586431e-85
5.632000000000000000e+04 6.923056072379623106e-86
5.644800000000000000e+04 7.073237743364841236e-87
5.657600000000000000e+04 7.073237743364841236e-87
5.670400000000000000e+04 3.849623441955872998e-87
5.683200000000000000e+04 3.849623441955872998e-87
5.696000000000000000e+04 1.198805753168246210e-87
5.708800000000000000e+04 1.198805753168246210e-87
5.721600000000000000e+04 1.198805753168246210e-87
5.734400000000000000e+04 1.198805753168246210e-87
5.747200000000000000e+04 1.803803645294936704e-89
5.760000000000000000e+04 1.803803645294936704e-89
5.772800000000000000e+04 1.803803645294936704e-89
5.785600000000000000e+04 1.803803645294936704e-89
5.798400000000000000e+04 1.803803645294936704e-89
5.811200000000000000e+04 1.803803645294936704e-89
5.824000000000000000e+04 1.803803645294936704e-89
5.836800000000000000e+04 1.803803645294936704e-89
5.849600000000000000e+04 1.803803645294936704e-89
5.862400000000000000e+04 1.803803645294936704e-89
5.875200000000000000e+04 1.803803645294936704e-89
5.888000000000000000e+04 6.723141277743275791e-90
5.900800000000000000e+04 1.227246444473128560e-90
5.913600000000000000e+04 1.227246444473128560e-90
5.926400000000000000e+04 1.227246444473128560e-90
5.939200000000000000e+04 2.453327533351196966e-91
5.952000000000000000e+04 2.453327533351196966e-91
5.964800000000000000e+04 2.453327533351196966e-91
5.977600000000000000e+04 1.925015357489803688e-91
5.990400000000000000e+04 1.925015357489803688e-91
6.003200000000000000e+04 1.925015357489803688e-91
6.016000000000000000e+04 8.662474604416074631e-92
6.028800000000000000e+04 4.735056142337740343e-93
6.041600000000000000e+04 4.735056142337740343e-93
6.054400000000000000e+04 2.357752388710806802e-93
6.067200000000000000e+04 2.357752388710806802e-93
6.080000000000000000e+04 2.357752388710806802e-93
6.092800000000000000e+04 2.357752388710806802e-93
6.105600000000000000e+04 2.346702155655956038e-93
6.118400000000000000e+04 1.638930377167174445e-93
6.131200000000000000e+04 1.638930377167174445e-93
6.144000000000000000e+04 7.526719011576200253e-94
6.156800000000000000e+04 2.886362445173968569e-94
6.169600000000000000e+04 1.998620881538831809e-95
6.182400000000000000e+04 1.998620881538831809e-95
6.195200000000000000e+04 1.998620881538831809e-95
6.208000000000000000e+04 1.998620881538831809e-95
6.220800000000000000e+04 1.998620881538831809e-95
6.233600000000000000e+04 1.458435729874415520e-95
6.246400000000000000e+04 1.458435729874415520e-95
6.259200000000000000e+04 5.423340863135822689e-96
6.272000000000000000e+04 1.090578441495307008e-96
6.284800000000000000e+04 1.090578441495307008e-96
6.297600000000000000e+04 1.090578441495307008e-96
6.310400000000000000e+04 1.090578441495307008e-96
6.323200000000000000e+04 1.090578441495307008e-96
6.336000000000000000e+04 7.959723046257423910e-98
6.348800000000000000e+04 7.959723046257423910e-98
6.361600000000000000e+04 7.959723046257423910e-98
6.374400000000000000e+04 7.959723046257423910e-98
6.387200000000000000e+04 7.959723046257423910e-98
6.400000000000000000e+04 7.959723046257423910e-98
6.412800000000000000e+04 7.959723046257423910e-98
6.425600000000000000e+04 2.241047010215657354e-98
6.438400000000000000e+04 2.241047010215657354e-98
6.451200000000000000e+04 2.241047010215657354e-98
6.464000000000000000e+04 2.241047010215657354e-98
6.476800000000000000e+04 5.551987498391617591e-100
6.489600000000000000e+04 5.551987498391617591e-100
6.502400000000000000e+04 5.551987498391617591e-100
6.515200000000000000e+04 5.551987498391617591e-100
6.528000000000000000e+04 5.551987498391617591e-100
6.540800000000000000e+04 5.551987498391617591e-100
6.553600000000000000e+04 5.551987498391617591e-100
6.566400000000000000e+04 4.150838726893412227e-101
6.579200000000000000e+04 4.150838726893412227e-101
6.592000000000000000e+04 4.150838726893412227e-101
6.604800000000000000e+04 4.150838726893412227e-101
6.617600000000000000e+04 4.150838726893412227e-101
6.630400000000000000e+04 4.150838726893412227e-101
6.643200000000000000e+04 4.150838726893412227e-101
6.656000000000000000e+04 1.297913042746072533e-101
6.668800000000000000e+04 1.297913042746072533e-101
6.681600000000000000e+04 8.449943010406131812e-102
6.694400000000000000e+04 3.171702603182492024e-103
6.707200000000000000e+04 3.171702603182492024e-103
6.720000000000000000e+04 3.171702603182492024e-103
6.732800000000000000e+04 8.779454872084472516e-104
6.745600000000000000e+04 8.779454872084472516e-104
6.758400000000000000e+04 6.772705101795880403e-105
6.771200000000000000e+04 6.772705101795880403e-105
6.784000000000000000e+04 6.772705101795880403e-105
6.796800000000000000e+04 6.772705101795880403e-105
6.809600000000000000e+04 5.538866781796773465e-105
6.822400000000000000e+04 2.084137698514242909e-105
6.835200000000000000e+04 2.084137698514242909e-105
6.848000000000000000e+04 2.084137698514242909e-105
6.860800000000000000e+04 1.337157724774068905e-105
6.873600000000000000e+04 1.337157724774068905e-105
6.886400000000000000e+04 1.337157724774068905e-105
6.899200000000000000e+04 1.066081600164316055e-106
6.912000000000000000e+04 2.720530159099862258e-107
6.924800000000000000e+04 2.720530159099862258e-107
6.937600000000000000e+04 2.720530159099862258e-107
6.950400000000000000e+04 2.720530159099862258e-107
6.963200000000000000e+04 9.094552817647053415e-108
6.976000000000000000e+04 9.094552817647053415e-108
6.988800000000000000e+04 9.094552817647053415e-108
7.001600000000000000e+04 9.094552817647053415e-108
7.014400000000000000e+04 1.722150508872526695e-108
7.027200000000000000e+04 1.722150508872526695e-108
7.040000000000000000e+04 1.722150508872526695e-108
7.052800000000000000e+04 1.434001294965017411e-109
7.065600000000000000e+04 1.434001294965017411e-109
7.078400000000000000e+04 1.434001294965017411e-109
7.091200000000000000e+04 1.434001294965017411e-109
7.104000000000000000e+04 3.399104176013413209e-110
7.116800000000000000e+04 3.399104176013413209e-110
7.129600000000000000e+04 3.399104176013413209e-110
7.142400000000000000e+04 4.704491105355750631e-111
7.155200000000000000e+04 4.704491105355750631e-111
7.168000000000000000e+04 4.704491105355750631e-111
7.180800000000000000e+04 4.704491105355750631e-111
7.193600000000000000e+04 4.704491105355750631e-111
7.206400000000000000e+04 3.881409551832409130e-111
7.219200000000000000e+04 3.881409551832409130e-111
7.232000000000000000e+04 3.881409551832409130e-111
7.244800000000000000e+04 1.135799349606316611e-111
7.257600000000000000e+04 1.135799349606316611e-111
7.270400000000000000e+04 1.135799349606316611e-111
7.283200000000000000e+04 1.394795981099431774e-112
7.296000000000000000e+04 6.420402860325685202e-113
7.308800000000000000e+04 6.420402860325685202e-113
7.321600000000000000e+04 6.420402860325685202e-113
7.334400000000000000e+04 4.267503875311816539e-113
7.347200000000000000e+04 4.267503875311816539e-113
7.360000000000000000e+04 3.476643652205063048e-113
7.372800000000000000e+04 3.476643652205063048e-113
7.385600000000000000e+04 1.009427637473052404e-115
7.398400000000000000e+04 1.009427637473052404e-115
7.411200000000000000e+04 1.009427637473052404e-115
7.424000000000000000e+04 1.009427637473052404e-115
7.436800000000000000e+04 1.009427637473052404e-115
7.449600000000000000e+04 1.009427637473052404e-115
7.462400000000000000e+04 1.009427637473052404e-115
7.475200000000000000e+04 1.009427637473052404e-115
7.488000000000000000e+04 1.009427637473052404e-115
7.500800000000000000e+04 1.009427637473052404e-115
7.513600000000000000e+04 1.009427637473052404e-115
7.526400000000000000e+04 1.009427637473052404e-115
7.539200000000000000e+04 1.009427637473052404e-115
7.552000000000000000e+04 1.009427637473052404e-115
7.564800000000000000e+04 1.009427637473052404e-115
7.577600000000000000e+04 6.695539790628410154e-116
7.590400000000000000e+04 1.458880277654331863e-116
7.603200000000000000e+04 1.458880277654331863e-116
7.616000000000000000e+04 3.557672447937762466e-117
7.628800000000000000e+04 8.130678412417324419e-118
7.641600000000000000e+04 8.130678412417324419e-118
7.654400000000000000e+04 8.130678412417324419e-118
7.667200000000000000e+04 8.130678412417324419e-118
7.680000000000000000e+04 8.130678412417324419e-118
7.692800000000000000e+04 2.327981469310662865e-118
7.705600000000000000e+04 2.327981469310662865e-118
7.718400000000000000e+04 2.327981469310662865e-118
7.731200000000000000e+04 2.327981469310662865e-118
7.744000000000000000e+04 2.327981469310662865e-118
7.756800000000000000e+04 2.163664112989720866e-118
7.769600000000000000e+04 1.377052178793928717e-118
7.782400000000000000e+04 4.555224762294055445e-119
7.795200000000000000e+04 4.555224762294055445e-119
7.808000000000000000e+04 2.980518761024062632e-120
7.820800000000000000e+04 2.980518761024062632e-120
7.833600000000000000e+04 2.980518761024062632e-120
7.846400000000000000e+04 2.980518761024062632e-120
7.859200000000000000e+04 4.667807246335941836e-121
7.872000000000000000e+04 3.864512237423693970e-122
7.884800000000000000e+04 3.864512237423693970e-122
7.897600000000000000e+04 3.864512237423693970e-122
7.910400000000000000e+04 3.864512237423693970e-122
7.923200000000000000e+04 3.864512237423693970e-122
7.936000000000000000e+04 3.864512237423693970e-122
7.948800000000000000e+04 3.864512237423693970e-122
7.961600000000000000e+04 3.864512237423693970e-122
7.974400000000000000e+04 3.864512237423693970e-122
7.987200000000000000e+04 3.864512237423693970e-122
8.000000000000000000e+04 2.117114425135639874e-122
8.012800000000000000e+04 1.464735559898115566e-122
8.025600000000000000e+04 1.179910895172162400e-122
8.038400000000000000e+04 5.472837287282873041e-123
8.051200000000000000e+04 1.302805526056946851e-123
8.064000000000000000e+04 1.302805526056946851e-123
8.076800000000000000e+04 7.497301466223364284e-124
8.089600000000000000e+04 7.497301466223364284e-124
8.102400000000000000e+04 1.866043926785948114e-124
8.115200000000000000e+04 1.866043926785948114e-124
8.128000000000000000e+04 1.866043926785948114e-124
8.140800000000000000e+04 8.665219140847481924e-125
8.153600000000000000e+04 6.497543364025685453e-125
8.166400000000000000e+04 3.579346295202940124e-125
8.179200000000000000e+04 7.901125476086514851e-127
8.192000000000000000e+04 7.901125476086514851e-127
8.204800000000000000e+04 7.901125476086514851e-127
8.217600000000000000e+04 7.901125476086514851e-127
8.230400000000000000e+04 7.901125476086514851e-127
8.243200000000000000e+04 7.901125476086514851e-127
8.256000000000000000e+04 7.901125476086514851e-127
8.268800000000000000e+04 7.901125476086514851e-127
8.281600000000000000e+04 7.901125476086514851e-127
8.294400000000000000e+04 7.901125476086514851e-127
8.307200000000000000e+04 7.901125476086514851e-127
8.320000000000000000e+04 3.734151726951228722e-127
8.332800000000000000e+04 3.704673477059238369e-127
8.345600000000000000e+04 8.559781370955541305e-128
8.358400000000000000e+04 6.429120410018288211e-128
8.371200000000000000e+04 9.872934110413269999e-129
8.384000000000000000e+04 9.872934110413269999e-129
8.396800000000000000e+04 9.872934110413269999e-129
8.409600000000000000e+04 8.890089130593460802e-129
8.422400000000000000e+04 8.890089130593460802e-129
8.435200000000000000e+04 4.041561090911907717e-129
8.448000000000000000e+04 4.041561090911907717e-129
8.460800000000000000e+04 1.348931152283535372e-129
8.473600000000000000e+04 1.348931152283535372e-129
8.486400000000000000e+04 8.299714159292835998e-130
8.499200000000000000e+04 8.299714159292835998e-130
8.512000000000000000e+04 1.090020928965849917e-130
8.524800000000000000e+04 1.090020928965849917e-130
8.537600000000000000e+04 1.090020928965849917e-130
8.550400000000000000e+04 5.611620356776772287e-131
8.563200000000000000e+04 5.611620356776772287e-131
8.576000000000000000e+04 2.570163645897699746e-131
8.588800000000000000e+04 2.570163645897699746e-131
8.601600000000000000e+04 1.266680039409054666e-131
8.614400000000000000e+04 2.618367436054452904e-132
8.627200000000000000e+04 2.618367436054452904e-132
8.640000000000000000e+04 2.618367436054452904e-132
8.652800000000000000e+04 2.618367436054452904e-132
8.665600000000000000e+04 1.452114166248921593e-132
8.678400000000000000e+04 2.243160971855583434e-133
8.691200000000000000e+04 2.243160971855583434e-133
8.704000000000000000e+04 2.243160971855583434e-133
8.716800000000000000e+04 2.243160971855583434e-133
8.729600000000000000e+04 9.581380577052525431e-134
8.742400000000000000e+04 2.488665131151328612e-134
8.755200000000000000e+04 6.862754395526367576e-135
8.768000000000000000e+04 6.862754395526367576e-135
8.780800000000000000e+04 6.862754395526367576e-135
8.793600000000000000e+04 6.862754395526367576e-135
8.806400000000000000e+04 6.862754395526367576e-135
8.819200000000000000e+04 6.862754395526367576e-135
8.832000000000000000e+04 1.937032472188784709e-136
8.844800000000000000e+04 1.937032472188784709e-136
8.857600000000000000e+04 1.937032472188784709e-136
8.870400000000000000e+04 1.937032472188784709e-136
8.883200000000000000e+04 1.937032472188784709e-136
8.896000000000000000e+04 1.937032472188784709e-136
8.908800000000000000e+04 1.937032472188784709e-136
8.921600000000000000e+04 1.105475789265140351e-136
8.934400000000000000e+04 1.105475789265140351e-136
8.947200000000000000e+04 1.105475789265140351e-136
8.960000000000000000e+04 3.154633180699443887e-137
8.972800000000000000e+04 3.154633180699443887e-137
8.985600000000000000e+04 1.131766850268278053e-137
8.998400000000000000e+04 1.131766850268278053e-137
9.011200000000000000e+04 1.131766850268278053e-137
9.024000000000000000e+04 1.131766850268278053e-137
9.036800000000000000e+04 3.768796907767974259e-138
9.049600000000000000e+04 3.768796907767974259e-138
9.062400000000000000e+04 1.993413425360592536e-138
9.075200000000000000e+04 5.893279558684127968e-139
9.088000000000000000e+04 5.706962321804087493e-139
9.100800000000000000e+04 8.579309447572797774e-140
9.113600000000000000e+04 3.624003975849023039e-140
9.126400000000000000e+04 3.624003975849023039e-140
9.139200000000000000e+04 3.624003975849023039e-140
9.152000000000000000e+04 3.624003975849023039e-140
9.164800000000000000e+04 3.624003975849023039e-140
9.177600000000000000e+04 2.556414394587198051e-140
9.190400000000000000e+04 2.556414394587198051e-140
9.203200000000000000e+04 1.221564672510655381e-140
9.216000000000000000e+04 1.084481353704410073e-140
9.228800000000000000e+04 1.016117586365403110e-141
9.241600000000000000e+04 1.016117586365403110e-141
9.254400000000000000e+04 1.016117586365403110e-141
9.267200000000000000e+04 1.016117586365403110e-141
9.280000000000000000e+04 8.995505703705376884e-143
9.292800000000000000e+04 8.995505703705376884e-143
9.305600000000000000e+04 8.995505703705376884e-143
9.318400000000000000e+04 8.995505703705376884e-143
9.331200000000000000e+04 8.995505703705376884e-143
9.344000000000000000e+04 6.086218464400421343e-143
9.356800000000000000e+04 6.086218464400421343e-143
9.369600000000000000e+04 2.805428892813853705e-143
9.382400000000000000e+04 1.512989721041319278e-143
9.395200000000000000e+04 4.986328290898656048e-144
9.408000000000000000e+04 3.872288994098390085e-144
9.420800000000000000e+04 3.872288994098390085e-144
9.433600000000000000e+04 3.872288994098390085e-144
9.446400000000000000e+04 3.872288994098390085e-144
9.459200000000000000e+04 3.400003158703933579e-144
9.472000000000000000e+04 3.400003158703933579e-144
9.484800000000000000e+04 1.478310540066002754e-144
9.497600000000000000e+04 1.220023400477870215e-145
9.510400000000000000e+04 1.220023400477870215e-145
9.523200000000000000e+04 1.220023400477870215e-145
9.536000000000000000e+04 1.220023400477870215e-145
9.548800000000000000e+04 3.702160774672696842e-146
9.561600000000000000e+04 3.702160774672696842e-146
9.574400000000000000e+04 3.702160774672696842e-146
9.587200000000000000e+04 3.519454137339272886e-146
9.600000000000000000e+04 3.519454137339272886e-146
9.612800000000000000e+04 2.855809356364919645e-146
9.625600000000000000e+04 8.841345302935408827e-148
9.638400000000000000e+04 4.966455669199434347e-148
9.651200000000000000e+04 4.966455669199434347e-148
9.664000000000000000e+04 4.966455669199434347e-148
9.676800000000000000e+04 4.966455669199434347e-148
9.689600000000000000e+04 7.524778189191156325e-149
9.702400000000000000e+04 7.524778189191156325e-149
9.715200000000000000e+04 7.524778189191156325e-149
9.728000000000000000e+04 7.524778189191156325e-149
9.740800000000000000e+04 6.482311401295386338e-150
9.753600000000000000e+04 6.482311401295386338e-150
9.766400000000000000e+04 6.482311401295386338e-150
9.779200000000000000e+04 6.482311401295386338e-150
9.792000000000000000e+04 3.998641757858513727e-150
9.804800000000000000e+04 3.070625049660300050e-150
9.817600000000000000e+04 3.070625049660300050e-150
9.830400000000000000e+04 3.070625049660300050e-150
9.843200000000000000e+04 2.056706403461851248e-150
9.856000000000000000e+04 1.511976297897700680e-150
9.868800000000000000e+04 1.511976297897700680e-150
9.881600000000000000e+04 1.511976297897700680e-150
9.894400000000000000e+04 2.847390457178238051e-151
9.907200000000000000e+04 2.030050739177367732e-151
9.920000000000000000e+04 2.030050739177367732e-151
9.932800000000000000e+04 2.030050739177367732e-151
9.945600000000000000e+04 3.528741706004797457e-152
9.958400000000000000e+04 3.528741706004797457e-152
9.971200000000000000e+04 3.528741706004797457e-152
9.984000000000000000e+04 1.617856863608384799e-152
9.996800000000000000e+04 1.617856863608384799e-152
1.000960000000000000e+05 1.617856863608384799e-152
