2.048000000000000000e+03 1.379238466193173362e-01
4.096000000000000000e+03 1.379238466193173362e-01
6.144000000000000000e+03 1.379238466193173362e-01
8.192000000000000000e+03 5.568703772070958402e-02
1.024000000000000000e+04 5.568703772070958402e-02
1.228800000000000000e+04 1.454849657444759817e-02
1.433600000000000000e+04 1.454849657444759817e-02
1.638400000000000000e+04 1.454849657444759817e-02
1.843200000000000000e+04 1.454849657444759817e-02
2.048000000000000000e+04 1.454849657444759817e-02
2.252800000000000000e+04 1.454849657444759817e-02
2.457600000000000000e+04 1.454849657444759817e-02
2.662400000000000000e+04 1.454849657444759817e-02
2.867200000000000000e+04 1.454849657444759817e-02
3.072000000000000000e+04 1.454849657444759817e-02
3.276800000000000000e+04 1.454849657444759817e-02
3.481600000000000000e+04 1.454849657444759817e-02
3.686400000000000000e+04 9.210407354721981271e-03
3.891200000000000000e+04 9.210407354721981271e-03
4.096000000000000000e+04 8.004525570825054073e-03
4.300800000000000000e+04 8.004525570825054073e-03
4.505600000000000000e+04 8.004525570825054073e-03
4.710400000000000000e+04 4.907456290444857545e-03
4.915200000000000000e+04 4.907456290444857545e-03
5.120000000000000000e+04 4.907456290444857545e-03
5.324800000000000000e+04 4.907456290444857545e-03
5.529600000000000000e+04 4.907456290444857545e-03
5.734400000000000000e+04 4.907456290444857545e-03
5.939200000000000000e+04 4.907456290444857545e-03
6.144000000000000000e+04 4.804194702173298151e-03
6.348800000000000000e+04 4.804194702173298151e-03
6.553600000000000000e+04 4.804194702173298151e-03
6.758400000000000000e+04 3.879255525096934974e-03
6.963200000000000000e+04 3.879255525096934974e-03
7.168000000000000000e+04 2.013268593955121546e-03
7.372800000000000000e+04 8.752929617362222980e-04
7.577600000000000000e+04 8.752929617362222980e-04
7.782400000000000000e+04 8.752929617362222980e-04
7.987200000000000000e+04 8.752929617362222980e-04
8.192000000000000000e+04 5.416285120099801481e-04
8.396800000000000000e+04 5.416285120099801481e-04
8.601600000000000000e+04 2.483569836424077385e-04
8.806400000000000000e+04 2.483569836424077385e-04
9.011200000000000000e+04 2.089658497352862333e-04
9.216000000000000000e+04 2.089658497352862333e-04
9.420800000000000000e+04 3.524393986434522648e-05
9.625600000000000000e+04 3.524393986434522648e-05
9.830400000000000000e+04 3.524393986434522648e-05
1.003520000000000000e+05 3.524393986434522648e-05
