2.048000000000000000e+03 4.243770334305711767e-02
4.096000000000000000e+03 4.243770334305711767e-02
6.144000000000000000e+03 4.243770334305711767e-02
8.192000000000000000e+03 4.243770334305711767e-02
1.024000000000000000e+04 7.392812762851063910e-03
1.228800000000000000e+04 7.392812762851063910e-03
1.433600000000000000e+04 7.392812762851063910e-03
1.638400000000000000e+04 7.392812762851063910e-03
1.843200000000000000e+04 7.392812762851063910e-03
2.048000000000000000e+04 7.392812762851063910e-03
2.252800000000000000e+04 7.392812762851063910e-03
2.457600000000000000e+04 7.392812762851063910e-03
2.662400000000000000e+04 7.392812762851063910e-03
2.867200000000000000e+04 7.392812762851063910e-03
3.072000000000000000e+04 7.392812762851063910e-03
3.276800000000000000e+04 7.392812762851063910e-03
3.481600000000000000e+04 7.392812762851063910e-03
3.686400000000000000e+04 7.392812762851063910e-03
3.891200000000000000e+04 7.392812762851063910e-03
4.096000000000000000e+04 4.917523607622450652e-03
4.300800000000000000e+04 4.917523607622450652e-03
4.505600000000000000e+04 4.917523607622450652e-03
4.710400000000000000e+04 4.917523607622450652e-03
4.915200000000000000e+04 4.917523607622450652e-03
5.120000000000000000e+04 4.917523607622450652e-03
5.324800000000000000e+04 4.917523607622450652e-03
5.529600000000000000e+04 4.917523607622450652e-03
5.734400000000000000e+04 4.917523607622450652e-03
5.939200000000000000e+04 4.917523607622450652e-03
6.144000000000000000e+04 4.917523607622450652e-03
6.348800000000000000e+04 4.917523607622450652e-03
6.553600000000000000e+04 2.960112422942242846e-04
6.758400000000000000e+04 2.960112422942242846e-04
6.963200000000000000e+04 2.960112422942242846e-04
7.168000000000000000e+04 2.960112422942242846e-04
7.372800000000000000e+04 2.960112422942242846e-04
7.577600000000000000e+04 2.960112422942242846e-04
7.782400000000000000e+04 2.960112422942242846e-04
7.987200000000000000e+04 2.960112422942242846e-04
8.192000000000000000e+04 2.960112422942242846e-04
8.396800000000000000e+04 2.960112422942242846e-04
8.601600000000000000e+04 1.537832559133215954e-04
8.806400000000000000e+04 1.537832559133215954e-04
9.011200000000000000e+04 9.508856992010645062e-05
9.216000000000000000e+04 9.508856992010645062e-05
9.420800000000000000e+04 9.508856992010645062e-05
9.625600000000000000e+04 9.508856992010645062e-05
9.830400000000000000e+04 9.508856992010645062e-05
1.003520000000000000e+05 9.508856992010645062e-05
