1.024000000000000000e+03 8.420248789650063015e-02
2.048000000000000000e+03 1.888022570280134191e-02
3.072000000000000000e+03 1.888022570280134191e-02
4.096000000000000000e+03 6.408615393877027449e-04
5.120000000000000000e+03 6.408615393877027449e-04
6.144000000000000000e+03 6.408615393877027449e-04
7.168000000000000000e+03 6.408615393877027449e-04
8.192000000000000000e+03 6.408615393877027449e-04
9.216000000000000000e+03 6.408615393877027449e-04
1.024000000000000000e+04 1.289451578335496895e-04
1.126400000000000000e+04 1.289451578335496895e-04
1.228800000000000000e+04 1.289451578335496895e-04
1.331200000000000000e+04 1.289451578335496895e-04
1.433600000000000000e+04 1.289451578335496895e-04
1.536000000000000000e+04 1.289451578335496895e-04
1.638400000000000000e+04 1.289451578335496895e-04
1.740800000000000000e+04 2.013449169688760629e-05
1.843200000000000000e+04 2.013449169688760629e-05
1.945600000000000000e+04 1.634788050332804983e-05
2.048000000000000000e+04 1.198334505706684146e-05
2.150400000000000000e+04 1.198334505706684146e-05
2.252800000000000000e+04 1.011610405749557718e-05
2.355200000000000000e+04 1.011610405749557718e-05
2.457600000000000000e+04 3.080587072310759340e-06
2.560000000000000000e+04 1.991220281909869530e-06
2.662400000000000000e+04 1.991220281909869530e-06
2.764800000000000000e+04 3.020757889228781664e-07
2.867200000000000000e+04 3.020757889228781664e-07
2.969600000000000000e+04 3.020757889228781664e-07
3.072000000000000000e+04 5.496285695616407758e-08
3.174400000000000000e+04 5.496285695616407758e-08
3.276800000000000000e+04 1.434441857800449694e-08
3.379200000000000000e+04 1.434441857800449694e-08
3.481600000000000000e+04 3.696678310406294384e-09
3.584000000000000000e+04 3.696678310406294384e-09
3.686400000000000000e+04 2.406979661522396791e-10
3.788800000000000000e+04 2.406979661522396791e-10
3.891200000000000000e+04 2.406979661522396791e-10
3.993600000000000000e+04 2.406979661522396791e-10
4.096000000000000000e+04 2.406979661522396791e-10
4.198400000000000000e+04 2.406979661522396791e-10
4.300800000000000000e+04 2.406979661522396791e-10
4.403200000000000000e+04 2.406979661522396791e-10
4.505600000000000000e+04 2.272590286245006378e-10
4.608000000000000000e+04 2.272590286245006378e-10
4.710400000000000000e+04 1.355288962247315876e-10
4.812800000000000000e+04 4.094422013648727231e-11
4.915200000000000000e+04 3.603915674402428431e-12
5.017600000000000000e+04 3.603915674402428431e-12
5.120000000000000000e+04 3.603915674402428431e-12
5.222400000000000000e+04 3.603915674402428431e-12
5.324800000000000000e+04 3.603915674402428431e-12
5.427200000000000000e+04 3.603915674402428431e-12
5.529600000000000000e+04 3.603915674402428431e-12
5.632000000000000000e+04 1.768158443418477401e-12
5.734400000000000000e+04 1.768158443418477401e-12
5.836800000000000000e+04 3.986293634613556535e-13
5.939200000000000000e+04 3.986293634613556535e-13
6.041600000000000000e+04 3.986293634613556535e-13
6.144000000000000000e+04 3.986293634613556535e-13
6.246400000000000000e+04 3.127328567511169649e-13
6.348800000000000000e+04 2.935836123841963423e-13
6.451200000000000000e+04 2.935836123841963423e-13
6.553600000000000000e+04 1.660696618189289481e-13
6.656000000000000000e+04 1.792406895198006807e-14
6.758400000000000000e+04 1.792406895198006807e-14
6.860800000000000000e+04 1.792406895198006807e-14
6.963200000000000000e+04 2.611943561686224646e-15
7.065600000000000000e+04 2.611943561686224646e-15
7.168000000000000000e+04 2.611943561686224646e-15
7.270400000000000000e+04 2.611943561686224646e-15
7.372800000000000000e+04 2.611943561686224646e-15
7.475200000000000000e+04 2.611943561686224646e-15
7.577600000000000000e+04 3.878119079967064034e-16
7.680000000000000000e+04 3.878119079967064034e-16
7.782400000000000000e+04 5.310734401336142194e-17
7.884800000000000000e+04 5.310734401336142194e-17
7.987200000000000000e+04 5.310734401336142194e-17
8.089600000000000000e+04 5.310734401336142194e-17
8.192000000000000000e+04 5.310734401336142194e-17
8.294400000000000000e+04 5.310734401336142194e-17
8.396800000000000000e+04 1.083730244886592638e-17
8.499200000000000000e+04 2.555606042547047448e-19
8.601600000000000000e+04 2.555606042547047448e-19
8.704000000000000000e+04 2.555606042547047448e-19
8.806400000000000000e+04 2.555606042547047448e-19
8.908800000000000000e+04 2.555606042547047448e-19
9.011200000000000000e+04 2.555606042547047448e-19
9.113600000000000000e+04 2.555606042547047448e-19
9.216000000000000000e+04 2.555606042547047448e-19
9.318400000000000000e+04 2.555606042547047448e-19
9.420800000000000000e+04 2.555606042547047448e-19
9.523200000000000000e+04 1.219272455664760097e-19
9.625600000000000000e+04 1.957761743767899601e-20
9.728000000000000000e+04 1.957761743767899601e-20
9.830400000000000000e+04 1.294605661574966954e-20
9.932800000000000000e+04 1.294605661574966954e-20
1.003520000000000000e+05 1.294605661574966954e-20
