1.024000000000000000e+03 2.177499108291917201e-02
2.048000000000000000e+03 3.315532370312330654e-03
3.072000000000000000e+03 3.315532370312330654e-03
4.096000000000000000e+03 3.315532370312330654e-03
5.120000000000000000e+03 2.607549078664243760e-03
6.144000000000000000e+03 2.607549078664243760e-03
7.168000000000000000e+03 2.607549078664243760e-03
8.192000000000000000e+03 4.629776066480803445e-04
9.216000000000000000e+03 4.629776066480803445e-04
1.024000000000000000e+04 4.629776066480803445e-04
1.126400000000000000e+04 4.629776066480803445e-04
1.228800000000000000e+04 3.769729321387639575e-04
1.331200000000000000e+04 3.381206922009035381e-05
1.433600000000000000e+04 3.381206922009035381e-05
1.536000000000000000e+04 3.011959435145910875e-05
1.638400000000000000e+04 3.011959435145910875e-05
1.740800000000000000e+04 3.011959435145910875e-05
1.843200000000000000e+04 2.064330544984509320e-05
1.945600000000000000e+04 2.064330544984509320e-05
2.048000000000000000e+04 8.474064380401006427e-06
2.150400000000000000e+04 8.474064380401006427e-06
2.252800000000000000e+04 8.141280992747656672e-07
2.355200000000000000e+04 8.141280992747656672e-07
2.457600000000000000e+04 8.141280992747656672e-07
2.560000000000000000e+04 8.141280992747656672e-07
2.662400000000000000e+04 8.141280992747656672e-07
2.764800000000000000e+04 8.141280992747656672e-07
2.867200000000000000e+04 4.457373730020665150e-07
2.969600000000000000e+04 3.207941049510436835e-07
3.072000000000000000e+04 3.207941049510436835e-07
3.174400000000000000e+04 3.207941049510436835e-07
3.276800000000000000e+04 2.061022599179499351e-08
3.379200000000000000e+04 2.061022599179499351e-08
3.481600000000000000e+04 2.061022599179499351e-08
3.584000000000000000e+04 2.061022599179499351e-08
3.686400000000000000e+04 2.061022599179499351e-08
3.788800000000000000e+04 1.285954005984441549e-09
3.891200000000000000e+04 1.285954005984441549e-09
3.993600000000000000e+04 1.285954005984441549e-09
4.096000000000000000e+04 3.306548719419791331e-10
4.198400000000000000e+04 3.306548719419791331e-10
4.300800000000000000e+04 3.306548719419791331e-10
4.403200000000000000e+04 3.306548719419791331e-10
4.505600000000000000e+04 3.306548719419791331e-10
4.608000000000000000e+04 1.946630587599213461e-11
4.710400000000000000e+04 1.946630587599213461e-11
4.812800000000000000e+04 1.946630587599213461e-11
4.915200000000000000e+04 1.946630587599213461e-11
5.017600000000000000e+04 1.946630587599213461e-11
5.120000000000000000e+04 1.946630587599213461e-11
5.222400000000000000e+04 8.155683204434270219e-14
5.324800000000000000e+04 8.155683204434270219e-14
5.427200000000000000e+04 8.155683204434270219e-14
5.529600000000000000e+04 8.155683204434270219e-14
5.632000000000000000e+04 8.155683204434270219e-14
5.734400000000000000e+04 8.155683204434270219e-14
5.836800000000000000e+04 8.155683204434270219e-14
5.939200000000000000e+04 8.155683204434270219e-14
6.041600000000000000e+04 8.155683204434270219e-14
6.144000000000000000e+04 8.155683204434270219e-14
6.246400000000000000e+04 8.155683204434270219e-14
6.348800000000000000e+04 8.155683204434270219e-14
6.451200000000000000e+04 8.155683204434270219e-14
6.553600000000000000e+04 6.042779351769527096e-14
6.656000000000000000e+04 1.662674096046229526e-14
6.758400000000000000e+04 1.662674096046229526e-14
6.860800000000000000e+04 1.662674096046229526e-14
6.963200000000000000e+04 1.662674096046229526e-14
7.065600000000000000e+04 1.662674096046229526e-14
7.168000000000000000e+04 1.662674096046229526e-14
7.270400000000000000e+04 5.496456709256672915e-15
7.372800000000000000e+04 3.114975473781223716e-15
7.475200000000000000e+04 2.237456688938194877e-15
7.577600000000000000e+04 2.157707625371577689e-15
7.680000000000000000e+04 1.105618222060652924e-15
7.782400000000000000e+04 1.105618222060652924e-15
7.884800000000000000e+04 1.105618222060652924e-15
7.987200000000000000e+04 1.414938535500438804e-16
8.089600000000000000e+04 1.414938535500438804e-16
8.192000000000000000e+04 6.378550480403122393e-18
8.294400000000000000e+04 6.378550480403122393e-18
8.396800000000000000e+04 6.378550480403122393e-18
8.499200000000000000e+04 6.378550480403122393e-18
8.601600000000000000e+04 6.378550480403122393e-18
8.704000000000000000e+04 4.057166237978565786e-18
8.806400000000000000e+04 4.057166237978565786e-18
8.908800000000000000e+04 4.057166237978565786e-18
9.011200000000000000e+04 1.534306276959653876e-18
9.113600000000000000e+04 1.534306276959653876e-18
9.216000000000000000e+04 1.534306276959653876e-18
9.318400000000000000e+04 2.058727711413233981e-19
9.420800000000000000e+04 2.058727711413233981e-19
9.523200000000000000e+04 2.058727711413233981e-19
9.625600000000000000e+04 2.058727711413233981e-19
9.728000000000000000e+04 5.283421373842829048e-20
9.830400000000000000e+04 1.258761828280949846e-20
9.932800000000000000e+04 1.258761828280949846e-20
1.003520000000000000e+05 1.258761828280949846e-20
