5.120000000000000000e+02 7.037289958917763499e+01
1.024000000000000000e+03 7.037289958917763499e+01
1.536000000000000000e+03 7.037289958917763499e+01
2.048000000000000000e+03 7.037289958917763499e+01
2.560000000000000000e+03 7.037289958917763499e+01
3.072000000000000000e+03 7.037289958917763499e+01
3.584000000000000000e+03 7.037289958917763499e+01
4.096000000000000000e+03 7.037289958917763499e+01
4.608000000000000000e+03 7.037289958917763499e+01
5.120000000000000000e+03 7.037289958917763499e+01
5.632000000000000000e+03 7.037289958917763499e+01
6.144000000000000000e+03 7.037289958917763499e+01
6.656000000000000000e+03 7.037289958917763499e+01
7.168000000000000000e+03 6.428853758483901970e+01
7.680000000000000000e+03 6.428853758483901970e+01
8.192000000000000000e+03 6.428853758483901970e+01
8.704000000000000000e+03 6.428853758483901970e+01
9.216000000000000000e+03 6.428853758483901970e+01
9.728000000000000000e+03 6.428853758483901970e+01
1.024000000000000000e+04 6.428853758483901970e+01
1.075200000000000000e+04 6.428853758483901970e+01
1.126400000000000000e+04 6.428853758483901970e+01
1.177600000000000000e+04 1.994765523215579606e+01
1.228800000000000000e+04 1.994765523215579606e+01
1.280000000000000000e+04 1.994765523215579606e+01
1.331200000000000000e+04 1.994765523215579606e+01
1.382400000000000000e+04 1.994765523215579606e+01
1.433600000000000000e+04 1.994765523215579606e+01
1.484800000000000000e+04 1.994765523215579606e+01
1.536000000000000000e+04 1.994765523215579606e+01
1.587200000000000000e+04 1.994765523215579606e+01
1.638400000000000000e+04 1.994765523215579606e+01
1.689600000000000000e+04 1.994765523215579606e+01
1.740800000000000000e+04 1.994765523215579606e+01
1.792000000000000000e+04 1.994765523215579606e+01
1.843200000000000000e+04 1.994765523215579606e+01
1.894400000000000000e+04 1.994765523215579606e+01
1.945600000000000000e+04 1.994765523215579606e+01
1.996800000000000000e+04 1.994765523215579606e+01
2.048000000000000000e+04 1.994765523215579606e+01
2.099200000000000000e+04 1.994765523215579606e+01
2.150400000000000000e+04 1.994765523215579606e+01
2.201600000000000000e+04 1.994765523215579606e+01
2.252800000000000000e+04 1.994765523215579606e+01
2.304000000000000000e+04 1.994765523215579606e+01
2.355200000000000000e+04 1.994765523215579606e+01
2.406400000000000000e+04 1.994765523215579606e+01
2.457600000000000000e+04 1.994765523215579606e+01
2.508800000000000000e+04 1.994765523215579606e+01
2.560000000000000000e+04 1.994765523215579606e+01
2.611200000000000000e+04 1.994765523215579606e+01
2.662400000000000000e+04 1.994765523215579606e+01
2.713600000000000000e+04 1.994765523215579606e+01
2.764800000000000000e+04 1.994765523215579606e+01
2.816000000000000000e+04 1.994765523215579606e+01
2.867200000000000000e+04 1.994765523215579606e+01
2.918400000000000000e+04 1.994765523215579606e+01
2.969600000000000000e+04 1.994765523215579606e+01
3.020800000000000000e+04 1.994765523215579606e+01
3.072000000000000000e+04 1.994765523215579606e+01
3.123200000000000000e+04 1.994765523215579606e+01
3.174400000000000000e+04 1.994765523215579606e+01
3.225600000000000000e+04 1.994765523215579606e+01
3.276800000000000000e+04 1.994765523215579606e+01
3.328000000000000000e+04 1.994765523215579606e+01
3.379200000000000000e+04 1.994765523215579606e+01
3.430400000000000000e+04 1.994765523215579606e+01
3.481600000000000000e+04 1.994765523215579606e+01
3.532800000000000000e+04 1.994765523215579606e+01
3.584000000000000000e+04 1.994765523215579606e+01
3.635200000000000000e+04 1.994765523215579606e+01
3.686400000000000000e+04 1.994765523215579606e+01
3.737600000000000000e+04 1.994765523215579606e+01
3.788800000000000000e+04 1.994765523215579606e+01
3.840000000000000000e+04 1.994765523215579606e+01
3.891200000000000000e+04 1.994765523215579606e+01
3.942400000000000000e+04 1.994765523215579606e+01
3.993600000000000000e+04 1.994765523215579606e+01
4.044800000000000000e+04 1.994765523215579606e+01
4.096000000000000000e+04 1.994765523215579606e+01
4.147200000000000000e+04 1.994765523215579606e+01
4.198400000000000000e+04 1.994765523215579606e+01
4.249600000000000000e+04 1.994765523215579606e+01
4.300800000000000000e+04 1.994765523215579606e+01
4.352000000000000000e+04 1.994765523215579606e+01
4.403200000000000000e+04 1.994765523215579606e+01
4.454400000000000000e+04 1.994765523215579606e+01
4.505600000000000000e+04 1.994765523215579606e+01
4.556800000000000000e+04 1.994765523215579606e+01
4.608000000000000000e+04 1.994765523215579606e+01
4.659200000000000000e+04 1.994765523215579606e+01
4.710400000000000000e+04 1.994765523215579606e+01
4.761600000000000000e+04 1.994765523215579606e+01
4.812800000000000000e+04 1.994765523215579606e+01
4.864000000000000000e+04 1.994765523215579606e+01
4.915200000000000000e+04 1.994765523215579606e+01
4.966400000000000000e+04 1.994765523215579606e+01
5.017600000000000000e+04 1.994765523215579606e+01
5.068800000000000000e+04 1.994765523215579606e+01
5.120000000000000000e+04 1.994765523215579606e+01
5.171200000000000000e+04 1.994765523215579606e+01
5.222400000000000000e+04 1.994765523215579606e+01
5.273600000000000000e+04 1.994765523215579606e+01
5.324800000000000000e+04 1.994765523215579606e+01
5.376000000000000000e+04 1.994765523215579606e+01
5.427200000000000000e+04 1.994765523215579606e+01
5.478400000000000000e+04 1.994765523215579606e+01
5.529600000000000000e+04 1.994765523215579606e+01
5.580800000000000000e+04 1.994765523215579606e+01
5.632000000000000000e+04 1.994765523215579606e+01
5.683200000000000000e+04 1.994765523215579606e+01
5.734400000000000000e+04 1.432397166915965592e+01
5.785600000000000000e+04 1.432397166915965592e+01
5.836800000000000000e+04 1.432397166915965592e+01
5.888000000000000000e+04 1.432397166915965592e+01
5.939200000000000000e+04 1.432397166915965592e+01
5.990400000000000000e+04 1.432397166915965592e+01
6.041600000000000000e+04 1.432397166915965592e+01
6.092800000000000000e+04 1.432397166915965592e+01
6.144000000000000000e+04 1.432397166915965592e+01
6.195200000000000000e+04 1.432397166915965592e+01
6.246400000000000000e+04 1.432397166915965592e+01
6.297600000000000000e+04 1.432397166915965592e+01
6.348800000000000000e+04 1.432397166915965592e+01
6.400000000000000000e+04 1.432397166915965592e+01
6.451200000000000000e+04 1.432397166915965592e+01
6.502400000000000000e+04 1.432397166915965592e+01
6.553600000000000000e+04 1.432397166915965592e+01
6.604800000000000000e+04 1.432397166915965592e+01
6.656000000000000000e+04 1.432397166915965592e+01
6.707200000000000000e+04 1.432397166915965592e+01
6.758400000000000000e+04 1.432397166915965592e+01
6.809600000000000000e+04 1.432397166915965592e+01
6.860800000000000000e+04 1.082940407624518286e+01
6.912000000000000000e+04 1.082940407624518286e+01
6.963200000000000000e+04 1.082940407624518286e+01
7.014400000000000000e+04 1.082940407624518286e+01
7.065600000000000000e+04 1.082940407624518286e+01
7.116800000000000000e+04 1.082940407624518286e+01
7.168000000000000000e+04 1.082940407624518286e+01
7.219200000000000000e+04 1.082940407624518286e+01
7.270400000000000000e+04 1.082940407624518286e+01
7.321600000000000000e+04 1.082940407624518286e+01
7.372800000000000000e+04 7.141495258220198927e+00
7.424000000000000000e+04 7.141495258220198927e+00
7.475200000000000000e+04 7.141495258220198927e+00
7.526400000000000000e+04 7.141495258220198927e+00
7.577600000000000000e+04 7.141495258220198927e+00
7.628800000000000000e+04 7.141495258220198927e+00
7.680000000000000000e+04 7.141495258220198927e+00
7.731200000000000000e+04 7.141495258220198927e+00
7.782400000000000000e+04 7.141495258220198927e+00
7.833600000000000000e+04 7.141495258220198927e+00
7.884800000000000000e+04 7.141495258220198927e+00
7.936000000000000000e+04 7.141495258220198927e+00
7.987200000000000000e+04 7.141495258220198927e+00
8.038400000000000000e+04 7.141495258220198927e+00
8.089600000000000000e+04 7.141495258220198927e+00
8.140800000000000000e+04 7.141495258220198927e+00
8.192000000000000000e+04 7.141495258220198927e+00
8.243200000000000000e+04 7.141495258220198927e+00
8.294400000000000000e+04 7.141495258220198927e+00
8.345600000000000000e+04 7.141495258220198927e+00
8.396800000000000000e+04 7.141495258220198927e+00
8.448000000000000000e+04 6.209084004972239335e+00
8.499200000000000000e+04 6.209084004972239335e+00
8.550400000000000000e+04 6.209084004972239335e+00
8.601600000000000000e+04 6.209084004972239335e+00
8.652800000000000000e+04 6.209084004972239335e+00
8.704000000000000000e+04 6.209084004972239335e+00
8.755200000000000000e+04 6.209084004972239335e+00
8.806400000000000000e+04 6.209084004972239335e+00
8.857600000000000000e+04 6.209084004972239335e+00
8.908800000000000000e+04 6.209084004972239335e+00
8.960000000000000000e+04 6.209084004972239335e+00
9.011200000000000000e+04 6.209084004972239335e+00
9.062400000000000000e+04 6.209084004972239335e+00
9.113600000000000000e+04 6.209084004972239335e+00
9.164800000000000000e+04 6.209084004972239335e+00
9.216000000000000000e+04 6.209084004972239335e+00
9.267200000000000000e+04 6.209084004972239335e+00
9.318400000000000000e+04 6.209084004972239335e+00
9.369600000000000000e+04 6.209084004972239335e+00
9.420800000000000000e+04 6.209084004972239335e+00
9.472000000000000000e+04 6.209084004972239335e+00
9.523200000000000000e+04 6.209084004972239335e+00
9.574400000000000000e+04 6.209084004972239335e+00
9.625600000000000000e+04 6.209084004972239335e+00
9.676800000000000000e+04 5.974355731986356055e+00
9.728000000000000000e+04 5.974355731986356055e+00
9.779200000000000000e+04 5.974355731986356055e+00
9.830400000000000000e+04 5.974355731986356055e+00
9.881600000000000000e+04 5.974355731986356055e+00
9.932800000000000000e+04 4.265993515156048410e+00
9.984000000000000000e+04 4.265993515156048410e+00
1.003520000000000000e+05 4.265993515156048410e+00
1.008640000000000000e+05 4.265993515156048410e+00
1.013760000000000000e+05 4.265993515156048410e+00
1.018880000000000000e+05 4.265993515156048410e+00
1.024000000000000000e+05 4.265993515156048410e+00
1.029120000000000000e+05 4.265993515156048410e+00
1.034240000000000000e+05 4.265993515156048410e+00
1.039360000000000000e+05 4.265993515156048410e+00
1.044480000000000000e+05 4.265993515156048410e+00
1.049600000000000000e+05 4.265993515156048410e+00
1.054720000000000000e+05 4.265993515156048410e+00
1.059840000000000000e+05 4.265993515156048410e+00
1.064960000000000000e+05 4.265993515156048410e+00
1.070080000000000000e+05 4.265993515156048410e+00
1.075200000000000000e+05 4.265993515156048410e+00
1.080320000000000000e+05 4.265993515156048410e+00
1.085440000000000000e+05 4.265993515156048410e+00
1.090560000000000000e+05 4.265993515156048410e+00
1.095680000000000000e+05 4.265993515156048410e+00
1.100800000000000000e+05 4.265993515156048410e+00
1.105920000000000000e+05 4.265993515156048410e+00
1.111040000000000000e+05 4.265993515156048410e+00
1.116160000000000000e+05 4.265993515156048410e+00
1.121280000000000000e+05 4.265993515156048410e+00
1.126400000000000000e+05 4.265993515156048410e+00
1.131520000000000000e+05 4.265993515156048410e+00
1.136640000000000000e+05 4.265993515156048410e+00
1.141760000000000000e+05 4.265993515156048410e+00
1.146880000000000000e+05 4.265993515156048410e+00
1.152000000000000000e+05 4.265993515156048410e+00
1.157120000000000000e+05 3.561128764433757254e+00
1.162240000000000000e+05 3.561128764433757254e+00
1.167360000000000000e+05 3.561128764433757254e+00
1.172480000000000000e+05 3.561128764433757254e+00
1.177600000000000000e+05 3.561128764433757254e+00
1.182720000000000000e+05 3.561128764433757254e+00
1.187840000000000000e+05 3.561128764433757254e+00
1.192960000000000000e+05 3.561128764433757254e+00
1.198080000000000000e+05 3.561128764433757254e+00
1.203200000000000000e+05 3.561128764433757254e+00
1.208320000000000000e+05 3.294370610982169989e+00
1.213440000000000000e+05 3.294370610982169989e+00
1.218560000000000000e+05 3.294370610982169989e+00
1.223680000000000000e+05 3.294370610982169989e+00
1.228800000000000000e+05 3.294370610982169989e+00
1.233920000000000000e+05 3.179894313259894467e+00
1.239040000000000000e+05 3.179894313259894467e+00
1.244160000000000000e+05 3.179894313259894467e+00
1.249280000000000000e+05 3.179894313259894467e+00
1.254400000000000000e+05 2.960550603385626367e+00
1.259520000000000000e+05 2.960550603385626367e+00
1.264640000000000000e+05 2.960550603385626367e+00
1.269760000000000000e+05 2.960550603385626367e+00
1.274880000000000000e+05 2.960550603385626367e+00
1.280000000000000000e+05 2.960550603385626367e+00
1.285120000000000000e+05 2.960550603385626367e+00
1.290240000000000000e+05 2.960550603385626367e+00
1.295360000000000000e+05 2.960550603385626367e+00
1.300480000000000000e+05 2.960550603385626367e+00
1.305600000000000000e+05 2.960550603385626367e+00
1.310720000000000000e+05 2.960550603385626367e+00
1.315840000000000000e+05 2.472682727470449038e+00
1.320960000000000000e+05 2.472682727470449038e+00
1.326080000000000000e+05 2.472682727470449038e+00
1.331200000000000000e+05 2.472682727470449038e+00
1.336320000000000000e+05 2.472682727470449038e+00
1.341440000000000000e+05 2.472682727470449038e+00
1.346560000000000000e+05 2.472682727470449038e+00
1.351680000000000000e+05 2.472682727470449038e+00
1.356800000000000000e+05 2.472682727470449038e+00
1.361920000000000000e+05 2.472682727470449038e+00
1.367040000000000000e+05 2.025546746843426504e+00
1.372160000000000000e+05 2.025546746843426504e+00
1.377280000000000000e+05 2.025546746843426504e+00
1.382400000000000000e+05 2.025546746843426504e+00
1.387520000000000000e+05 2.025546746843426504e+00
1.392640000000000000e+05 1.783106993578027266e+00
1.397760000000000000e+05 1.783106993578027266e+00
1.402880000000000000e+05 1.783106993578027266e+00
1.408000000000000000e+05 1.783106993578027266e+00
1.413120000000000000e+05 1.639452747845165925e+00
1.418240000000000000e+05 1.639452747845165925e+00
1.423360000000000000e+05 1.639452747845165925e+00
1.428480000000000000e+05 1.639452747845165925e+00
1.433600000000000000e+05 1.639452747845165925e+00
1.438720000000000000e+05 1.639452747845165925e+00
1.443840000000000000e+05 1.639452747845165925e+00
1.448960000000000000e+05 1.639452747845165925e+00
1.454080000000000000e+05 1.639452747845165925e+00
1.459200000000000000e+05 1.639452747845165925e+00
1.464320000000000000e+05 1.639452747845165925e+00
1.469440000000000000e+05 1.127879617790231270e+00
1.474560000000000000e+05 1.055150335345268475e+00
1.479680000000000000e+05 1.055150335345268475e+00
1.484800000000000000e+05 1.055150335345268475e+00
1.489920000000000000e+05 1.055150335345268475e+00
1.495040000000000000e+05 1.055150335345268475e+00
1.500160000000000000e+05 1.055150335345268475e+00
1.505280000000000000e+05 1.055150335345268475e+00
1.510400000000000000e+05 1.055150335345268475e+00
1.515520000000000000e+05 1.055150335345268475e+00
1.520640000000000000e+05 1.055150335345268475e+00
1.525760000000000000e+05 1.055150335345268475e+00
1.530880000000000000e+05 1.055150335345268475e+00
1.536000000000000000e+05 1.055150335345268475e+00
1.541120000000000000e+05 1.055150335345268475e+00
1.546240000000000000e+05 1.055150335345268475e+00
1.551360000000000000e+05 1.055150335345268475e+00
1.556480000000000000e+05 1.055150335345268475e+00
1.561600000000000000e+05 8.545675683632982800e-01
1.566720000000000000e+05 8.545675683632982800e-01
1.571840000000000000e+05 8.545675683632982800e-01
1.576960000000000000e+05 8.545675683632982800e-01
1.582080000000000000e+05 8.545675683632982800e-01
1.587200000000000000e+05 8.545675683632982800e-01
1.592320000000000000e+05 8.545675683632982800e-01
1.597440000000000000e+05 8.545675683632982800e-01
1.602560000000000000e+05 8.545675683632982800e-01
1.607680000000000000e+05 8.545675683632982800e-01
1.612800000000000000e+05 8.545675683632982800e-01
1.617920000000000000e+05 8.545675683632982800e-01
1.623040000000000000e+05 8.545675683632982800e-01
1.628160000000000000e+05 7.359443829330416520e-01
1.633280000000000000e+05 4.474189065642151242e-01
1.638400000000000000e+05 4.474189065642151242e-01
1.643520000000000000e+05 4.474189065642151242e-01
1.648640000000000000e+05 4.474189065642151242e-01
1.653760000000000000e+05 4.474189065642151242e-01
1.658880000000000000e+05 4.474189065642151242e-01
1.664000000000000000e+05 4.474189065642151242e-01
1.669120000000000000e+05 4.474189065642151242e-01
1.674240000000000000e+05 4.474189065642151242e-01
1.679360000000000000e+05 4.474189065642151242e-01
1.684480000000000000e+05 4.474189065642151242e-01
1.689600000000000000e+05 4.474189065642151242e-01
1.694720000000000000e+05 4.474189065642151242e-01
1.699840000000000000e+05 4.474189065642151242e-01
1.704960000000000000e+05 4.474189065642151242e-01
1.710080000000000000e+05 4.474189065642151242e-01
1.715200000000000000e+05 4.474189065642151242e-01
1.720320000000000000e+05 4.474189065642151242e-01
1.725440000000000000e+05 4.474189065642151242e-01
1.730560000000000000e+05 4.474189065642151242e-01
1.735680000000000000e+05 4.474189065642151242e-01
1.740800000000000000e+05 4.474189065642151242e-01
1.745920000000000000e+05 4.474189065642151242e-01
1.751040000000000000e+05 4.474189065642151242e-01
1.756160000000000000e+05 4.474189065642151242e-01
1.761280000000000000e+05 4.474189065642151242e-01
1.766400000000000000e+05 4.474189065642151242e-01
1.771520000000000000e+05 4.474189065642151242e-01
1.776640000000000000e+05 4.474189065642151242e-01
1.781760000000000000e+05 4.474189065642151242e-01
1.786880000000000000e+05 4.474189065642151242e-01
1.792000000000000000e+05 4.474189065642151242e-01
1.797120000000000000e+05 4.306106469184272645e-01
1.802240000000000000e+05 4.306106469184272645e-01
1.807360000000000000e+05 4.306106469184272645e-01
1.812480000000000000e+05 4.306106469184272645e-01
1.817600000000000000e+05 4.306106469184272645e-01
1.822720000000000000e+05 4.306106469184272645e-01
1.827840000000000000e+05 4.306106469184272645e-01
1.832960000000000000e+05 4.306106469184272645e-01
1.838080000000000000e+05 4.306106469184272645e-01
1.843200000000000000e+05 4.306106469184272645e-01
1.848320000000000000e+05 4.306106469184272645e-01
1.853440000000000000e+05 4.306106469184272645e-01
1.858560000000000000e+05 3.723283003285869919e-01
1.863680000000000000e+05 3.723283003285869919e-01
1.868800000000000000e+05 3.723283003285869919e-01
1.873920000000000000e+05 3.723283003285869919e-01
1.879040000000000000e+05 3.723283003285869919e-01
1.884160000000000000e+05 3.723283003285869919e-01
1.889280000000000000e+05 3.723283003285869919e-01
1.894400000000000000e+05 3.723283003285869919e-01
1.899520000000000000e+05 3.723283003285869919e-01
1.904640000000000000e+05 3.723283003285869919e-01
1.909760000000000000e+05 3.723283003285869919e-01
1.914880000000000000e+05 3.723283003285869919e-01
1.920000000000000000e+05 3.723283003285869919e-01
1.925120000000000000e+05 3.723283003285869919e-01
1.930240000000000000e+05 3.723283003285869919e-01
1.935360000000000000e+05 3.723283003285869919e-01
1.940480000000000000e+05 1.285038886989384732e-01
1.945600000000000000e+05 1.285038886989384732e-01
1.950720000000000000e+05 1.285038886989384732e-01
1.955840000000000000e+05 1.285038886989384732e-01
1.960960000000000000e+05 1.285038886989384732e-01
1.966080000000000000e+05 1.285038886989384732e-01
1.971200000000000000e+05 1.285038886989384732e-01
1.976320000000000000e+05 1.285038886989384732e-01
1.981440000000000000e+05 1.285038886989384732e-01
1.986560000000000000e+05 1.285038886989384732e-01
1.991680000000000000e+05 1.285038886989384732e-01
1.996800000000000000e+05 1.285038886989384732e-01
2.001920000000000000e+05 1.285038886989384732e-01
2.007040000000000000e+05 1.285038886989384732e-01
2.012160000000000000e+05 1.285038886989384732e-01
2.017280000000000000e+05 1.285038886989384732e-01
2.022400000000000000e+05 1.285038886989384732e-01
2.027520000000000000e+05 1.285038886989384732e-01
2.032640000000000000e+05 1.285038886989384732e-01
2.037760000000000000e+05 1.285038886989384732e-01
2.042880000000000000e+05 1.285038886989384732e-01
2.048000000000000000e+05 1.285038886989384732e-01
2.053120000000000000e+05 1.285038886989384732e-01
2.058240000000000000e+05 1.285038886989384732e-01
2.063360000000000000e+05 1.285038886989384732e-01
2.068480000000000000e+05 1.285038886989384732e-01
2.073600000000000000e+05 1.285038886989384732e-01
2.078720000000000000e+05 1.285038886989384732e-01
2.083840000000000000e+05 1.285038886989384732e-01
2.088960000000000000e+05 1.285038886989384732e-01
2.094080000000000000e+05 1.285038886989384732e-01
2.099200000000000000e+05 1.285038886989384732e-01
2.104320000000000000e+05 1.285038886989384732e-01
2.109440000000000000e+05 1.285038886989384732e-01
2.114560000000000000e+05 1.285038886989384732e-01
2.119680000000000000e+05 1.285038886989384732e-01
2.124800000000000000e+05 1.285038886989384732e-01
2.129920000000000000e+05 1.285038886989384732e-01
2.135040000000000000e+05 1.285038886989384732e-01
2.140160000000000000e+05 1.285038886989384732e-01
2.145280000000000000e+05 1.285038886989384732e-01
2.150400000000000000e+05 1.285038886989384732e-01
2.155520000000000000e+05 1.285038886989384732e-01
2.160640000000000000e+05 1.285038886989384732e-01
2.165760000000000000e+05 1.285038886989384732e-01
2.170880000000000000e+05 1.285038886989384732e-01
2.176000000000000000e+05 1.285038886989384732e-01
2.181120000000000000e+05 1.285038886989384732e-01
2.186240000000000000e+05 1.285038886989384732e-01
2.191360000000000000e+05 1.285038886989384732e-01
2.196480000000000000e+05 1.285038886989384732e-01
2.201600000000000000e+05 1.285038886989384732e-01
2.206720000000000000e+05 1.285038886989384732e-01
2.211840000000000000e+05 1.096869320927577190e-01
2.216960000000000000e+05 1.096869320927577190e-01
2.222080000000000000e+05 1.096869320927577190e-01
2.227200000000000000e+05 1.096869320927577190e-01
2.232320000000000000e+05 1.096869320927577190e-01
2.237440000000000000e+05 1.096869320927577190e-01
2.242560000000000000e+05 1.096869320927577190e-01
2.247680000000000000e+05 1.096869320927577190e-01
2.252800000000000000e+05 1.096869320927577190e-01
2.257920000000000000e+05 1.096869320927577190e-01
2.263040000000000000e+05 1.096869320927577190e-01
2.268160000000000000e+05 1.096869320927577190e-01
2.273280000000000000e+05 9.315490942591250767e-02
2.278400000000000000e+05 9.315490942591250767e-02
2.283520000000000000e+05 9.315490942591250767e-02
2.288640000000000000e+05 9.315490942591250767e-02
2.293760000000000000e+05 9.315490942591250767e-02
2.298880000000000000e+05 9.315490942591250767e-02
2.304000000000000000e+05 7.752851191594063718e-02
2.309120000000000000e+05 7.752851191594063718e-02
2.314240000000000000e+05 7.752851191594063718e-02
2.319360000000000000e+05 7.752851191594063718e-02
2.324480000000000000e+05 7.752851191594063718e-02
2.329600000000000000e+05 7.752851191594063718e-02
2.334720000000000000e+05 7.752851191594063718e-02
2.339840000000000000e+05 7.752851191594063718e-02
2.344960000000000000e+05 7.752851191594063718e-02
2.350080000000000000e+05 7.752851191594063718e-02
2.355200000000000000e+05 7.752851191594063718e-02
2.360320000000000000e+05 7.752851191594063718e-02
2.365440000000000000e+05 5.833763036198216789e-02
2.370560000000000000e+05 5.833763036198216789e-02
2.375680000000000000e+05 5.833763036198216789e-02
2.380800000000000000e+05 5.833763036198216789e-02
2.385920000000000000e+05 5.833763036198216789e-02
2.391040000000000000e+05 5.833763036198216789e-02
2.396160000000000000e+05 5.520093399371976683e-02
2.401280000000000000e+05 5.520093399371976683e-02
2.406400000000000000e+05 5.520093399371976683e-02
2.411520000000000000e+05 5.520093399371976683e-02
2.416640000000000000e+05 5.520093399371976683e-02
2.421760000000000000e+05 5.520093399371976683e-02
2.426880000000000000e+05 5.520093399371976683e-02
2.432000000000000000e+05 5.520093399371976683e-02
2.437120000000000000e+05 5.520093399371976683e-02
2.442240000000000000e+05 5.520093399371976683e-02
2.447360000000000000e+05 5.520093399371976683e-02
2.452480000000000000e+05 4.694468788433980855e-02
2.457600000000000000e+05 4.694468788433980855e-02
2.462720000000000000e+05 4.694468788433980855e-02
2.467840000000000000e+05 4.694468788433980855e-02
2.472960000000000000e+05 4.694468788433980855e-02
2.478080000000000000e+05 4.694468788433980855e-02
2.483200000000000000e+05 4.694468788433980855e-02
2.488320000000000000e+05 4.482912387587539155e-02
2.493440000000000000e+05 4.012213095961639220e-02
2.498560000000000000e+05 4.012213095961639220e-02
2.503680000000000000e+05 4.012213095961639220e-02
2.508800000000000000e+05 4.012213095961639220e-02
2.513920000000000000e+05 4.012213095961639220e-02
2.519040000000000000e+05 4.012213095961639220e-02
2.524160000000000000e+05 4.012213095961639220e-02
2.529280000000000000e+05 4.012213095961639220e-02
2.534400000000000000e+05 4.012213095961639220e-02
2.539520000000000000e+05 4.012213095961639220e-02
2.544640000000000000e+05 4.012213095961639220e-02
2.549760000000000000e+05 4.012213095961639220e-02
2.554880000000000000e+05 4.012213095961639220e-02
2.560000000000000000e+05 4.012213095961639220e-02
2.565120000000000000e+05 2.614868660425031036e-02
2.570240000000000000e+05 2.614868660425031036e-02
2.575360000000000000e+05 2.614868660425031036e-02
2.580480000000000000e+05 2.614868660425031036e-02
2.585600000000000000e+05 2.614868660425031036e-02
2.590720000000000000e+05 2.614868660425031036e-02
2.595840000000000000e+05 2.614868660425031036e-02
2.600960000000000000e+05 2.490265454681563073e-02
2.606080000000000000e+05 2.490265454681563073e-02
2.611200000000000000e+05 2.490265454681563073e-02
2.616320000000000000e+05 2.490265454681563073e-02
2.621440000000000000e+05 2.490265454681563073e-02
2.626560000000000000e+05 2.490265454681563073e-02
2.631680000000000000e+05 2.490265454681563073e-02
2.636800000000000000e+05 2.490265454681563073e-02
2.641920000000000000e+05 2.490265454681563073e-02
2.647040000000000000e+05 2.490265454681563073e-02
2.652160000000000000e+05 2.490265454681563073e-02
2.657280000000000000e+05 2.490265454681563073e-02
2.662400000000000000e+05 2.490265454681563073e-02
2.667520000000000000e+05 2.490265454681563073e-02
2.672640000000000000e+05 2.490265454681563073e-02
2.677760000000000000e+05 2.490265454681563073e-02
2.682880000000000000e+05 2.490265454681563073e-02
2.688000000000000000e+05 2.490265454681563073e-02
2.693120000000000000e+05 2.490265454681563073e-02
2.698240000000000000e+05 2.443731770486351138e-02
2.703360000000000000e+05 2.443731770486351138e-02
2.708480000000000000e+05 2.443731770486351138e-02
2.713600000000000000e+05 2.443731770486351138e-02
2.718720000000000000e+05 2.418831716704474694e-02
2.723840000000000000e+05 2.418831716704474694e-02
2.728960000000000000e+05 1.948644336473919977e-02
2.734080000000000000e+05 1.948644336473919977e-02
2.739200000000000000e+05 1.558159852962704220e-02
2.744320000000000000e+05 1.558159852962704220e-02
2.749440000000000000e+05 1.442845956075420287e-02
2.754560000000000000e+05 1.442845956075420287e-02
2.759680000000000000e+05 1.442845956075420287e-02
2.764800000000000000e+05 1.442845956075420287e-02
2.769920000000000000e+05 1.442845956075420287e-02
2.775040000000000000e+05 1.442845956075420287e-02
2.780160000000000000e+05 1.442845956075420287e-02
2.785280000000000000e+05 1.442845956075420287e-02
2.790400000000000000e+05 1.442845956075420287e-02
2.795520000000000000e+05 1.442845956075420287e-02
2.800640000000000000e+05 1.442845956075420287e-02
2.805760000000000000e+05 1.442845956075420287e-02
2.810880000000000000e+05 1.442845956075420287e-02
2.816000000000000000e+05 1.442845956075420287e-02
2.821120000000000000e+05 1.442845956075420287e-02
2.826240000000000000e+05 1.442845956075420287e-02
2.831360000000000000e+05 1.442845956075420287e-02
2.836480000000000000e+05 1.311357607716439125e-02
2.841600000000000000e+05 1.311357607716439125e-02
2.846720000000000000e+05 1.311357607716439125e-02
2.851840000000000000e+05 1.311357607716439125e-02
2.856960000000000000e+05 1.311357607716439125e-02
2.862080000000000000e+05 1.311357607716439125e-02
2.867200000000000000e+05 1.311357607716439125e-02
2.872320000000000000e+05 1.311357607716439125e-02
2.877440000000000000e+05 1.311357607716439125e-02
2.882560000000000000e+05 1.311357607716439125e-02
2.887680000000000000e+05 1.311357607716439125e-02
2.892800000000000000e+05 1.311357607716439125e-02
2.897920000000000000e+05 1.311357607716439125e-02
2.903040000000000000e+05 1.311357607716439125e-02
2.908160000000000000e+05 8.721440199832021165e-03
2.913280000000000000e+05 8.721440199832021165e-03
2.918400000000000000e+05 8.721440199832021165e-03
2.923520000000000000e+05 8.721440199832021165e-03
2.928640000000000000e+05 8.721440199832021165e-03
2.933760000000000000e+05 8.721440199832021165e-03
2.938880000000000000e+05 8.721440199832021165e-03
2.944000000000000000e+05 8.721440199832021165e-03
2.949120000000000000e+05 8.721440199832021165e-03
2.954240000000000000e+05 8.721440199832021165e-03
2.959360000000000000e+05 8.721440199832021165e-03
2.964480000000000000e+05 8.721440199832021165e-03
2.969600000000000000e+05 8.721440199832021165e-03
2.974720000000000000e+05 8.721440199832021165e-03
2.979840000000000000e+05 8.721440199832021165e-03
2.984960000000000000e+05 8.721440199832021165e-03
2.990080000000000000e+05 8.721440199832021165e-03
2.995200000000000000e+05 8.721440199832021165e-03
3.000320000000000000e+05 8.721440199832021165e-03
3.005440000000000000e+05 8.721440199832021165e-03
3.010560000000000000e+05 8.721440199832021165e-03
3.015680000000000000e+05 8.721440199832021165e-03
3.020800000000000000e+05 8.721440199832021165e-03
3.025920000000000000e+05 7.844899824326134058e-03
3.031040000000000000e+05 7.844899824326134058e-03
3.036160000000000000e+05 7.844899824326134058e-03
3.041280000000000000e+05 7.844899824326134058e-03
3.046400000000000000e+05 7.844899824326134058e-03
3.051520000000000000e+05 7.844899824326134058e-03
3.056640000000000000e+05 7.844899824326134058e-03
3.061760000000000000e+05 7.844899824326134058e-03
3.066880000000000000e+05 7.844899824326134058e-03
3.072000000000000000e+05 5.047087592643843303e-03
3.077120000000000000e+05 5.047087592643843303e-03
3.082240000000000000e+05 5.047087592643843303e-03
3.087360000000000000e+05 5.047087592643843303e-03
3.092480000000000000e+05 5.047087592643843303e-03
3.097600000000000000e+05 5.047087592643843303e-03
3.102720000000000000e+05 5.047087592643843303e-03
3.107840000000000000e+05 5.047087592643843303e-03
3.112960000000000000e+05 5.047087592643843303e-03
3.118080000000000000e+05 5.047087592643843303e-03
3.123200000000000000e+05 5.047087592643843303e-03
3.128320000000000000e+05 5.047087592643843303e-03
3.133440000000000000e+05 5.047087592643843303e-03
3.138560000000000000e+05 4.625694033570756057e-03
3.143680000000000000e+05 4.625694033570756057e-03
3.148800000000000000e+05 4.625694033570756057e-03
3.153920000000000000e+05 4.625694033570756057e-03
3.159040000000000000e+05 4.625694033570756057e-03
3.164160000000000000e+05 4.625694033570756057e-03
3.169280000000000000e+05 4.625694033570756057e-03
3.174400000000000000e+05 2.681441319983277841e-03
3.179520000000000000e+05 2.681441319983277841e-03
3.184640000000000000e+05 2.681441319983277841e-03
3.189760000000000000e+05 2.681441319983277841e-03
3.194880000000000000e+05 2.681441319983277841e-03
3.200000000000000000e+05 2.681441319983277841e-03
3.205120000000000000e+05 2.681441319983277841e-03
3.210240000000000000e+05 2.681441319983277841e-03
3.215360000000000000e+05 2.681441319983277841e-03
3.220480000000000000e+05 2.681441319983277841e-03
3.225600000000000000e+05 2.681441319983277841e-03
3.230720000000000000e+05 2.681441319983277841e-03
3.235840000000000000e+05 2.681441319983277841e-03
3.240960000000000000e+05 2.681441319983277841e-03
3.246080000000000000e+05 2.681441319983277841e-03
3.251200000000000000e+05 2.596055211283582968e-03
3.256320000000000000e+05 2.596055211283582968e-03
3.261440000000000000e+05 2.596055211283582968e-03
3.266560000000000000e+05 2.596055211283582968e-03
3.271680000000000000e+05 2.596055211283582968e-03
3.276800000000000000e+05 2.596055211283582968e-03
3.281920000000000000e+05 2.596055211283582968e-03
3.287040000000000000e+05 1.995245183410103169e-03
3.292160000000000000e+05 1.995245183410103169e-03
3.297280000000000000e+05 1.995245183410103169e-03
3.302400000000000000e+05 1.995245183410103169e-03
3.307520000000000000e+05 1.995245183410103169e-03
3.312640000000000000e+05 1.995245183410103169e-03
3.317760000000000000e+05 1.995245183410103169e-03
3.322880000000000000e+05 1.995245183410103169e-03
3.328000000000000000e+05 1.995245183410103169e-03
3.333120000000000000e+05 1.995245183410103169e-03
3.338240000000000000e+05 1.995245183410103169e-03
3.343360000000000000e+05 1.130352200727707075e-03
3.348480000000000000e+05 1.130352200727707075e-03
3.353600000000000000e+05 1.130352200727707075e-03
3.358720000000000000e+05 1.130352200727707075e-03
3.363840000000000000e+05 1.130352200727707075e-03
3.368960000000000000e+05 1.130352200727707075e-03
3.374080000000000000e+05 1.130352200727707075e-03
3.379200000000000000e+05 1.130352200727707075e-03
3.384320000000000000e+05 1.130352200727707075e-03
3.389440000000000000e+05 1.130352200727707075e-03
3.394560000000000000e+05 1.130352200727707075e-03
3.399680000000000000e+05 1.130352200727707075e-03
3.404800000000000000e+05 1.130352200727707075e-03
3.409920000000000000e+05 1.130352200727707075e-03
3.415040000000000000e+05 1.130352200727707075e-03
3.420160000000000000e+05 1.130352200727707075e-03
3.425280000000000000e+05 1.130352200727707075e-03
3.430400000000000000e+05 1.130352200727707075e-03
3.435520000000000000e+05 1.130352200727707075e-03
3.440640000000000000e+05 1.130352200727707075e-03
3.445760000000000000e+05 1.130352200727707075e-03
3.450880000000000000e+05 1.130352200727707075e-03
3.456000000000000000e+05 1.130352200727707075e-03
3.461120000000000000e+05 1.130352200727707075e-03
3.466240000000000000e+05 1.130352200727707075e-03
3.471360000000000000e+05 1.130352200727707075e-03
3.476480000000000000e+05 1.130352200727707075e-03
3.481600000000000000e+05 1.130352200727707075e-03
3.486720000000000000e+05 1.130352200727707075e-03
3.491840000000000000e+05 1.130352200727707075e-03
3.496960000000000000e+05 1.130352200727707075e-03
3.502080000000000000e+05 1.130352200727707075e-03
3.507200000000000000e+05 1.130352200727707075e-03
3.512320000000000000e+05 1.130352200727707075e-03
3.517440000000000000e+05 1.130352200727707075e-03
3.522560000000000000e+05 1.130352200727707075e-03
3.527680000000000000e+05 1.130352200727707075e-03
3.532800000000000000e+05 1.130352200727707075e-03
3.537920000000000000e+05 1.130352200727707075e-03
3.543040000000000000e+05 1.130352200727707075e-03
3.548160000000000000e+05 1.130352200727707075e-03
3.553280000000000000e+05 1.130352200727707075e-03
3.558400000000000000e+05 1.130352200727707075e-03
3.563520000000000000e+05 1.130352200727707075e-03
3.568640000000000000e+05 1.130352200727707075e-03
3.573760000000000000e+05 1.130352200727707075e-03
3.578880000000000000e+05 1.130352200727707075e-03
3.584000000000000000e+05 1.130352200727707075e-03
3.589120000000000000e+05 1.130352200727707075e-03
3.594240000000000000e+05 5.784106291056077907e-04
3.599360000000000000e+05 5.784106291056077907e-04
3.604480000000000000e+05 5.784106291056077907e-04
3.609600000000000000e+05 5.784106291056077907e-04
3.614720000000000000e+05 5.784106291056077907e-04
3.619840000000000000e+05 5.784106291056077907e-04
3.624960000000000000e+05 5.784106291056077907e-04
3.630080000000000000e+05 5.784106291056077907e-04
3.635200000000000000e+05 5.784106291056077907e-04
3.640320000000000000e+05 5.784106291056077907e-04
3.645440000000000000e+05 5.784106291056077907e-04
3.650560000000000000e+05 5.784106291056077907e-04
3.655680000000000000e+05 5.784106291056077907e-04
3.660800000000000000e+05 5.784106291056077907e-04
3.665920000000000000e+05 5.784106291056077907e-04
3.671040000000000000e+05 4.775127506828800929e-04
3.676160000000000000e+05 4.775127506828800929e-04
3.681280000000000000e+05 4.775127506828800929e-04
3.686400000000000000e+05 3.997783050596924524e-04
3.691520000000000000e+05 3.997783050596924524e-04
3.696640000000000000e+05 3.997783050596924524e-04
3.701760000000000000e+05 3.997783050596924524e-04
3.706880000000000000e+05 3.997783050596924524e-04
3.712000000000000000e+05 3.997783050596924524e-04
3.717120000000000000e+05 3.997783050596924524e-04
3.722240000000000000e+05 3.997783050596924524e-04
3.727360000000000000e+05 3.997783050596924524e-04
3.732480000000000000e+05 3.997783050596924524e-04
3.737600000000000000e+05 3.997783050596924524e-04
3.742720000000000000e+05 3.997783050596924524e-04
3.747840000000000000e+05 3.997783050596924524e-04
3.752960000000000000e+05 3.997783050596924524e-04
3.758080000000000000e+05 3.997783050596924524e-04
3.763200000000000000e+05 3.997783050596924524e-04
3.768320000000000000e+05 3.997783050596924524e-04
3.773440000000000000e+05 3.997783050596924524e-04
3.778560000000000000e+05 3.997783050596924524e-04
3.783680000000000000e+05 3.997783050596924524e-04
3.788800000000000000e+05 3.997783050596924524e-04
3.793920000000000000e+05 3.199313881826728245e-04
3.799040000000000000e+05 3.199313881826728245e-04
3.804160000000000000e+05 3.199313881826728245e-04
3.809280000000000000e+05 3.199313881826728245e-04
3.814400000000000000e+05 3.199313881826728245e-04
3.819520000000000000e+05 3.199313881826728245e-04
3.824640000000000000e+05 3.199313881826728245e-04
3.829760000000000000e+05 3.199313881826728245e-04
3.834880000000000000e+05 3.199313881826728245e-04
3.840000000000000000e+05 3.199313881826728245e-04
3.845120000000000000e+05 2.891461262821078712e-04
3.850240000000000000e+05 2.891461262821078712e-04
3.855360000000000000e+05 2.891461262821078712e-04
3.860480000000000000e+05 2.891461262821078712e-04
3.865600000000000000e+05 2.891461262821078712e-04
3.870720000000000000e+05 2.891461262821078712e-04
3.875840000000000000e+05 2.891461262821078712e-04
3.880960000000000000e+05 2.891461262821078712e-04
3.886080000000000000e+05 2.891461262821078712e-04
3.891200000000000000e+05 2.891461262821078712e-04
3.896320000000000000e+05 2.891461262821078712e-04
3.901440000000000000e+05 2.891461262821078712e-04
3.906560000000000000e+05 2.891461262821078712e-04
3.911680000000000000e+05 2.891461262821078712e-04
3.916800000000000000e+05 2.891461262821078712e-04
3.921920000000000000e+05 2.891461262821078712e-04
3.927040000000000000e+05 2.891461262821078712e-04
3.932160000000000000e+05 2.891461262821078712e-04
3.937280000000000000e+05 2.098970873892989084e-04
3.942400000000000000e+05 2.098970873892989084e-04
3.947520000000000000e+05 2.098970873892989084e-04
3.952640000000000000e+05 2.098970873892989084e-04
3.957760000000000000e+05 2.098970873892989084e-04
3.962880000000000000e+05 2.098970873892989084e-04
3.968000000000000000e+05 1.913327679295922070e-04
3.973120000000000000e+05 1.913327679295922070e-04
3.978240000000000000e+05 1.913327679295922070e-04
3.983360000000000000e+05 1.913327679295922070e-04
3.988480000000000000e+05 1.913327679295922070e-04
3.993600000000000000e+05 1.913327679295922070e-04
3.998720000000000000e+05 1.913327679295922070e-04
4.003840000000000000e+05 1.913327679295922070e-04
4.008960000000000000e+05 1.913327679295922070e-04
4.014080000000000000e+05 1.913327679295922070e-04
4.019200000000000000e+05 1.913327679295922070e-04
4.024320000000000000e+05 1.913327679295922070e-04
4.029440000000000000e+05 1.913327679295922070e-04
4.034560000000000000e+05 1.913327679295922070e-04
4.039680000000000000e+05 1.913327679295922070e-04
4.044800000000000000e+05 1.913327679295922070e-04
4.049920000000000000e+05 1.913327679295922070e-04
4.055040000000000000e+05 1.913327679295922070e-04
4.060160000000000000e+05 1.913327679295922070e-04
4.065280000000000000e+05 1.913327679295922070e-04
4.070400000000000000e+05 1.913327679295922070e-04
4.075520000000000000e+05 1.753820658993606981e-04
4.080640000000000000e+05 1.753820658993606981e-04
4.085760000000000000e+05 1.324731443581005097e-04
4.090880000000000000e+05 6.702051566449311278e-05
4.096000000000000000e+05 6.702051566449311278e-05
4.101120000000000000e+05 6.702051566449311278e-05
4.106240000000000000e+05 6.702051566449311278e-05
4.111360000000000000e+05 6.702051566449311278e-05
4.116480000000000000e+05 6.702051566449311278e-05
4.121600000000000000e+05 6.702051566449311278e-05
4.126720000000000000e+05 6.702051566449311278e-05
4.131840000000000000e+05 6.702051566449311278e-05
4.136960000000000000e+05 6.702051566449311278e-05
4.142080000000000000e+05 6.702051566449311278e-05
4.147200000000000000e+05 6.702051566449311278e-05
4.152320000000000000e+05 6.702051566449311278e-05
4.157440000000000000e+05 6.702051566449311278e-05
4.162560000000000000e+05 6.702051566449311278e-05
4.167680000000000000e+05 6.702051566449311278e-05
4.172800000000000000e+05 6.702051566449311278e-05
4.177920000000000000e+05 6.702051566449311278e-05
4.183040000000000000e+05 6.702051566449311278e-05
4.188160000000000000e+05 6.702051566449311278e-05
4.193280000000000000e+05 6.702051566449311278e-05
4.198400000000000000e+05 6.702051566449311278e-05
4.203520000000000000e+05 6.702051566449311278e-05
4.208640000000000000e+05 6.702051566449311278e-05
4.213760000000000000e+05 6.702051566449311278e-05
4.218880000000000000e+05 6.702051566449311278e-05
4.224000000000000000e+05 6.702051566449311278e-05
4.229120000000000000e+05 6.702051566449311278e-05
4.234240000000000000e+05 6.702051566449311278e-05
4.239360000000000000e+05 6.702051566449311278e-05
4.244480000000000000e+05 6.702051566449311278e-05
4.249600000000000000e+05 6.702051566449311278e-05
4.254720000000000000e+05 6.702051566449311278e-05
4.259840000000000000e+05 6.220923568691520201e-05
4.264960000000000000e+05 6.220923568691520201e-05
4.270080000000000000e+05 6.220923568691520201e-05
4.275200000000000000e+05 6.220923568691520201e-05
4.280320000000000000e+05 4.968000571059485104e-05
4.285440000000000000e+05 4.968000571059485104e-05
4.290560000000000000e+05 4.968000571059485104e-05
4.295680000000000000e+05 4.968000571059485104e-05
4.300800000000000000e+05 4.968000571059485104e-05
4.305920000000000000e+05 4.968000571059485104e-05
4.311040000000000000e+05 4.968000571059485104e-05
4.316160000000000000e+05 4.295257871329631708e-05
4.321280000000000000e+05 4.295257871329631708e-05
4.326400000000000000e+05 4.295257871329631708e-05
4.331520000000000000e+05 4.295257871329631708e-05
4.336640000000000000e+05 4.295257871329631708e-05
4.341760000000000000e+05 4.295257871329631708e-05
4.346880000000000000e+05 4.295257871329631708e-05
4.352000000000000000e+05 4.295257871329631708e-05
4.357120000000000000e+05 4.295257871329631708e-05
4.362240000000000000e+05 4.295257871329631708e-05
4.367360000000000000e+05 4.295257871329631708e-05
4.372480000000000000e+05 4.295257871329631708e-05
4.377600000000000000e+05 4.295257871329631708e-05
4.382720000000000000e+05 4.295257871329631708e-05
4.387840000000000000e+05 3.857890687739857762e-05
4.392960000000000000e+05 3.857890687739857762e-05
4.398080000000000000e+05 3.857890687739857762e-05
4.403200000000000000e+05 3.857890687739857762e-05
4.408320000000000000e+05 3.857890687739857762e-05
4.413440000000000000e+05 3.857890687739857762e-05
4.418560000000000000e+05 3.857890687739857762e-05
4.423680000000000000e+05 3.830319133264837640e-05
4.428800000000000000e+05 3.830319133264837640e-05
4.433920000000000000e+05 3.830319133264837640e-05
4.439040000000000000e+05 3.830319133264837640e-05
4.444160000000000000e+05 3.830319133264837640e-05
4.449280000000000000e+05 3.830319133264837640e-05
4.454400000000000000e+05 3.830319133264837640e-05
4.459520000000000000e+05 3.830319133264837640e-05
4.464640000000000000e+05 3.830319133264837640e-05
4.469760000000000000e+05 3.830319133264837640e-05
4.474880000000000000e+05 3.830319133264837640e-05
4.480000000000000000e+05 3.018517061710592982e-05
4.485120000000000000e+05 3.018517061710592982e-05
4.490240000000000000e+05 3.018517061710592982e-05
4.495360000000000000e+05 3.018517061710592982e-05
4.500480000000000000e+05 3.018517061710592982e-05
4.505600000000000000e+05 3.018517061710592982e-05
4.510720000000000000e+05 2.135062143646441845e-05
4.515840000000000000e+05 2.135062143646441845e-05
4.520960000000000000e+05 2.135062143646441845e-05
4.526080000000000000e+05 2.135062143646441845e-05
4.531200000000000000e+05 2.135062143646441845e-05
4.536320000000000000e+05 1.497136157478450337e-05
4.541440000000000000e+05 1.497136157478450337e-05
4.546560000000000000e+05 1.497136157478450337e-05
4.551680000000000000e+05 1.497136157478450337e-05
4.556800000000000000e+05 1.497136157478450337e-05
4.561920000000000000e+05 1.497136157478450337e-05
4.567040000000000000e+05 1.497136157478450337e-05
4.572160000000000000e+05 1.497136157478450337e-05
4.577280000000000000e+05 1.497136157478450337e-05
4.582400000000000000e+05 1.497136157478450337e-05
4.587520000000000000e+05 1.497136157478450337e-05
4.592640000000000000e+05 1.497136157478450337e-05
4.597760000000000000e+05 1.497136157478450337e-05
4.602880000000000000e+05 1.497136157478450337e-05
4.608000000000000000e+05 1.497136157478450337e-05
4.613120000000000000e+05 1.497136157478450337e-05
4.618240000000000000e+05 1.497136157478450337e-05
4.623360000000000000e+05 1.497136157478450337e-05
4.628480000000000000e+05 1.497136157478450337e-05
4.633600000000000000e+05 1.497136157478450337e-05
4.638720000000000000e+05 1.497136157478450337e-05
4.643840000000000000e+05 1.361875642237488710e-05
4.648960000000000000e+05 1.361875642237488710e-05
4.654080000000000000e+05 1.361875642237488710e-05
4.659200000000000000e+05 1.361875642237488710e-05
4.664320000000000000e+05 1.361875642237488710e-05
4.669440000000000000e+05 1.126064429810102031e-05
4.674560000000000000e+05 1.126064429810102031e-05
4.679680000000000000e+05 1.126064429810102031e-05
4.684800000000000000e+05 1.126064429810102031e-05
4.689920000000000000e+05 1.126064429810102031e-05
4.695040000000000000e+05 1.126064429810102031e-05
4.700160000000000000e+05 1.126064429810102031e-05
4.705280000000000000e+05 1.126064429810102031e-05
4.710400000000000000e+05 1.126064429810102031e-05
4.715520000000000000e+05 1.126064429810102031e-05
4.720640000000000000e+05 1.126064429810102031e-05
4.725760000000000000e+05 1.126064429810102031e-05
4.730880000000000000e+05 1.126064429810102031e-05
4.736000000000000000e+05 1.126064429810102031e-05
4.741120000000000000e+05 1.126064429810102031e-05
4.746240000000000000e+05 1.126064429810102031e-05
4.751360000000000000e+05 1.126064429810102031e-05
4.756480000000000000e+05 1.126064429810102031e-05
4.761600000000000000e+05 1.126064429810102031e-05
4.766720000000000000e+05 1.126064429810102031e-05
4.771840000000000000e+05 1.126064429810102031e-05
4.776960000000000000e+05 1.126064429810102031e-05
4.782080000000000000e+05 1.126064429810102031e-05
4.787200000000000000e+05 1.126064429810102031e-05
4.792320000000000000e+05 1.126064429810102031e-05
4.797440000000000000e+05 1.091800323775810899e-05
4.802560000000000000e+05 1.091800323775810899e-05
4.807680000000000000e+05 1.041117357068423745e-05
4.812800000000000000e+05 1.041117357068423745e-05
4.817920000000000000e+05 8.044214519826574388e-06
4.823040000000000000e+05 8.044214519826574388e-06
4.828160000000000000e+05 8.044214519826574388e-06
4.833280000000000000e+05 8.044214519826574388e-06
4.838400000000000000e+05 8.044214519826574388e-06
4.843520000000000000e+05 5.500849941292481031e-06
4.848640000000000000e+05 5.500849941292481031e-06
4.853760000000000000e+05 5.500849941292481031e-06
4.858880000000000000e+05 5.500849941292481031e-06
4.864000000000000000e+05 5.500849941292481031e-06
4.869120000000000000e+05 5.500849941292481031e-06
4.874240000000000000e+05 5.500849941292481031e-06
4.879360000000000000e+05 5.500849941292481031e-06
4.884480000000000000e+05 5.500849941292481031e-06
4.889600000000000000e+05 5.500849941292481031e-06
4.894720000000000000e+05 5.500849941292481031e-06
4.899840000000000000e+05 5.500849941292481031e-06
4.904960000000000000e+05 5.500849941292481031e-06
4.910080000000000000e+05 5.500849941292481031e-06
4.915200000000000000e+05 5.500849941292481031e-06
4.920320000000000000e+05 5.500849941292481031e-06
4.925440000000000000e+05 5.500849941292481031e-06
4.930560000000000000e+05 5.500849941292481031e-06
4.935680000000000000e+05 5.500849941292481031e-06
4.940800000000000000e+05 5.500849941292481031e-06
4.945920000000000000e+05 5.500849941292481031e-06
4.951040000000000000e+05 5.500849941292481031e-06
4.956160000000000000e+05 5.500849941292481031e-06
4.961280000000000000e+05 5.500849941292481031e-06
4.966400000000000000e+05 5.500849941292481031e-06
4.971520000000000000e+05 5.500849941292481031e-06
4.976640000000000000e+05 5.500849941292481031e-06
4.981760000000000000e+05 5.500849941292481031e-06
4.986880000000000000e+05 5.500849941292481031e-06
4.992000000000000000e+05 5.500849941292481031e-06
4.997120000000000000e+05 5.500849941292481031e-06
5.002240000000000000e+05 5.500849941292481031e-06
5.007360000000000000e+05 5.500849941292481031e-06
5.012480000000000000e+05 5.500849941292481031e-06
5.017600000000000000e+05 5.500849941292481031e-06
5.022720000000000000e+05 5.500849941292481031e-06
5.027840000000000000e+05 4.883876356332546133e-06
5.032960000000000000e+05 4.883876356332546133e-06
5.038080000000000000e+05 4.800207106579541165e-06
5.043200000000000000e+05 4.800207106579541165e-06
5.048320000000000000e+05 4.800207106579541165e-06
5.053440000000000000e+05 4.800207106579541165e-06
5.058560000000000000e+05 4.800207106579541165e-06
5.063680000000000000e+05 4.800207106579541165e-06
5.068800000000000000e+05 4.800207106579541165e-06
5.073920000000000000e+05 4.800207106579541165e-06
5.079040000000000000e+05 4.800207106579541165e-06
5.084160000000000000e+05 3.622785954556271885e-06
5.089280000000000000e+05 3.622785954556271885e-06
5.094400000000000000e+05 3.622785954556271885e-06
5.099520000000000000e+05 3.622785954556271885e-06
5.104640000000000000e+05 2.997135100491132066e-06
5.109760000000000000e+05 2.997135100491132066e-06
5.114880000000000000e+05 2.997135100491132066e-06
5.120000000000000000e+05 2.997135100491132066e-06
5.125120000000000000e+05 2.997135100491132066e-06
5.130240000000000000e+05 2.997135100491132066e-06
5.135360000000000000e+05 2.997135100491132066e-06
5.140480000000000000e+05 2.997135100491132066e-06
5.145600000000000000e+05 2.997135100491132066e-06
5.150720000000000000e+05 2.997135100491132066e-06
5.155840000000000000e+05 2.997135100491132066e-06
5.160960000000000000e+05 2.997135100491132066e-06
5.166080000000000000e+05 2.997135100491132066e-06
5.171200000000000000e+05 2.997135100491132066e-06
5.176320000000000000e+05 2.997135100491132066e-06
5.181440000000000000e+05 2.997135100491132066e-06
5.186560000000000000e+05 2.997135100491132066e-06
5.191680000000000000e+05 2.796437782025372521e-06
5.196800000000000000e+05 2.796437782025372521e-06
5.201920000000000000e+05 2.796437782025372521e-06
5.207040000000000000e+05 2.796437782025372521e-06
5.212160000000000000e+05 2.796437782025372521e-06
5.217280000000000000e+05 2.049347555421280560e-06
5.222400000000000000e+05 2.049347555421280560e-06
5.227520000000000000e+05 2.049347555421280560e-06
5.232640000000000000e+05 2.049347555421280560e-06
5.237760000000000000e+05 2.049347555421280560e-06
5.242880000000000000e+05 2.049347555421280560e-06
5.248000000000000000e+05 1.946478893587698462e-06
5.253120000000000000e+05 1.946478893587698462e-06
5.258240000000000000e+05 1.946478893587698462e-06
5.263360000000000000e+05 1.946478893587698462e-06
5.268480000000000000e+05 1.946478893587698462e-06
5.273600000000000000e+05 1.946478893587698462e-06
5.278720000000000000e+05 1.946478893587698462e-06
5.283840000000000000e+05 1.946478893587698462e-06
5.288960000000000000e+05 1.884821939585025968e-06
5.294080000000000000e+05 1.884821939585025968e-06
5.299200000000000000e+05 1.884821939585025968e-06
5.304320000000000000e+05 1.884821939585025968e-06
5.309440000000000000e+05 1.884821939585025968e-06
5.314560000000000000e+05 1.884821939585025968e-06
5.319680000000000000e+05 1.439093219288909367e-06
5.324800000000000000e+05 1.439093219288909367e-06
5.329920000000000000e+05 1.439093219288909367e-06
5.335040000000000000e+05 1.439093219288909367e-06
5.340160000000000000e+05 1.439093219288909367e-06
5.345280000000000000e+05 1.439093219288909367e-06
5.350400000000000000e+05 1.439093219288909367e-06
5.355520000000000000e+05 1.439093219288909367e-06
5.360640000000000000e+05 1.439093219288909367e-06
5.365760000000000000e+05 1.439093219288909367e-06
5.370880000000000000e+05 1.439093219288909367e-06
5.376000000000000000e+05 1.439093219288909367e-06
5.381120000000000000e+05 1.439093219288909367e-06
5.386240000000000000e+05 1.439093219288909367e-06
5.391360000000000000e+05 1.439093219288909367e-06
5.396480000000000000e+05 8.760053313317083967e-07
5.401600000000000000e+05 8.760053313317083967e-07
5.406720000000000000e+05 8.760053313317083967e-07
5.411840000000000000e+05 8.760053313317083967e-07
5.416960000000000000e+05 8.760053313317083967e-07
5.422080000000000000e+05 8.760053313317083967e-07
5.427200000000000000e+05 8.760053313317083967e-07
5.432320000000000000e+05 8.760053313317083967e-07
5.437440000000000000e+05 8.760053313317083967e-07
5.442560000000000000e+05 8.760053313317083967e-07
5.447680000000000000e+05 8.760053313317083967e-07
5.452800000000000000e+05 8.760053313317083967e-07
5.457920000000000000e+05 8.760053313317083967e-07
5.463040000000000000e+05 8.760053313317083967e-07
5.468160000000000000e+05 8.760053313317083967e-07
5.473280000000000000e+05 8.760053313317083967e-07
5.478400000000000000e+05 8.760053313317083967e-07
5.483520000000000000e+05 8.760053313317083967e-07
5.488640000000000000e+05 8.543053663777216406e-07
5.493760000000000000e+05 8.543053663777216406e-07
5.498880000000000000e+05 8.543053663777216406e-07
5.504000000000000000e+05 8.543053663777216406e-07
5.509120000000000000e+05 8.543053663777216406e-07
5.514240000000000000e+05 8.543053663777216406e-07
5.519360000000000000e+05 8.543053663777216406e-07
5.524480000000000000e+05 8.543053663777216406e-07
5.529600000000000000e+05 8.543053663777216406e-07
5.534720000000000000e+05 8.543053663777216406e-07
5.539840000000000000e+05 8.543053663777216406e-07
5.544960000000000000e+05 8.543053663777216406e-07
5.550080000000000000e+05 6.622555807549324174e-07
5.555200000000000000e+05 6.622555807549324174e-07
5.560320000000000000e+05 6.622555807549324174e-07
5.565440000000000000e+05 6.622555807549324174e-07
5.570560000000000000e+05 6.622555807549324174e-07
5.575680000000000000e+05 6.622555807549324174e-07
5.580800000000000000e+05 6.016472300283922280e-07
5.585920000000000000e+05 6.016472300283922280e-07
5.591040000000000000e+05 6.016472300283922280e-07
5.596160000000000000e+05 6.016472300283922280e-07
5.601280000000000000e+05 6.016472300283922280e-07
5.606400000000000000e+05 6.016472300283922280e-07
5.611520000000000000e+05 6.016472300283922280e-07
5.616640000000000000e+05 6.016472300283922280e-07
5.621760000000000000e+05 6.016472300283922280e-07
5.626880000000000000e+05 6.016472300283922280e-07
5.632000000000000000e+05 6.016472300283922280e-07
5.637120000000000000e+05 6.016472300283922280e-07
5.642240000000000000e+05 6.016472300283922280e-07
5.647360000000000000e+05 6.016472300283922280e-07
5.652480000000000000e+05 6.016472300283922280e-07
5.657600000000000000e+05 6.016472300283922280e-07
5.662720000000000000e+05 4.702059153320439873e-07
5.667840000000000000e+05 4.702059153320439873e-07
5.672960000000000000e+05 4.702059153320439873e-07
5.678080000000000000e+05 4.702059153320439873e-07
5.683200000000000000e+05 4.702059153320439873e-07
5.688320000000000000e+05 4.702059153320439873e-07
5.693440000000000000e+05 4.702059153320439873e-07
5.698560000000000000e+05 4.702059153320439873e-07
5.703680000000000000e+05 4.702059153320439873e-07
5.708800000000000000e+05 4.702059153320439873e-07
5.713920000000000000e+05 4.702059153320439873e-07
5.719040000000000000e+05 4.702059153320439873e-07
5.724160000000000000e+05 4.702059153320439873e-07
5.729280000000000000e+05 4.702059153320439873e-07
5.734400000000000000e+05 4.702059153320439873e-07
5.739520000000000000e+05 4.702059153320439873e-07
5.744640000000000000e+05 4.702059153320439873e-07
5.749760000000000000e+05 4.248961748316393851e-07
5.754880000000000000e+05 4.248961748316393851e-07
5.760000000000000000e+05 4.114309155481169883e-07
5.765120000000000000e+05 4.114309155481169883e-07
5.770240000000000000e+05 4.114309155481169883e-07
5.775360000000000000e+05 4.114309155481169883e-07
5.780480000000000000e+05 4.114309155481169883e-07
5.785600000000000000e+05 2.761019074604400425e-07
5.790720000000000000e+05 2.244108350094217532e-07
5.795840000000000000e+05 2.244108350094217532e-07
5.800960000000000000e+05 2.244108350094217532e-07
5.806080000000000000e+05 2.244108350094217532e-07
5.811200000000000000e+05 2.244108350094217532e-07
5.816320000000000000e+05 2.244108350094217532e-07
5.821440000000000000e+05 2.244108350094217532e-07
5.826560000000000000e+05 2.244108350094217532e-07
5.831680000000000000e+05 2.244108350094217532e-07
5.836800000000000000e+05 2.244108350094217532e-07
5.841920000000000000e+05 2.244108350094217532e-07
5.847040000000000000e+05 2.244108350094217532e-07
5.852160000000000000e+05 2.244108350094217532e-07
5.857280000000000000e+05 2.244108350094217532e-07
5.862400000000000000e+05 2.244108350094217532e-07
5.867520000000000000e+05 2.244108350094217532e-07
5.872640000000000000e+05 1.989780583326413217e-07
5.877760000000000000e+05 1.989780583326413217e-07
5.882880000000000000e+05 1.989780583326413217e-07
5.888000000000000000e+05 1.989780583326413217e-07
5.893120000000000000e+05 1.989780583326413217e-07
5.898240000000000000e+05 1.989780583326413217e-07
5.903360000000000000e+05 1.989780583326413217e-07
5.908480000000000000e+05 1.958506691103406675e-07
5.913600000000000000e+05 1.958506691103406675e-07
5.918720000000000000e+05 1.958506691103406675e-07
5.923840000000000000e+05 1.958506691103406675e-07
5.928960000000000000e+05 1.958506691103406675e-07
5.934080000000000000e+05 1.958506691103406675e-07
5.939200000000000000e+05 1.958506691103406675e-07
5.944320000000000000e+05 1.958506691103406675e-07
5.949440000000000000e+05 1.958506691103406675e-07
5.954560000000000000e+05 1.958506691103406675e-07
5.959680000000000000e+05 1.803428041528672845e-07
5.964800000000000000e+05 1.803428041528672845e-07
5.969920000000000000e+05 1.803428041528672845e-07
5.975040000000000000e+05 1.803428041528672845e-07
5.980160000000000000e+05 1.803428041528672845e-07
5.985280000000000000e+05 1.803428041528672845e-07
5.990400000000000000e+05 1.803428041528672845e-07
5.995520000000000000e+05 1.803428041528672845e-07
6.000640000000000000e+05 1.748607815867014402e-07
6.005760000000000000e+05 1.748607815867014402e-07
6.010880000000000000e+05 1.748607815867014402e-07
6.016000000000000000e+05 1.748607815867014402e-07
6.021120000000000000e+05 1.748607815867014402e-07
6.026240000000000000e+05 1.326344029048799217e-07
6.031360000000000000e+05 1.326344029048799217e-07
6.036480000000000000e+05 1.326344029048799217e-07
6.041600000000000000e+05 1.326344029048799217e-07
6.046720000000000000e+05 1.326344029048799217e-07
6.051840000000000000e+05 1.326344029048799217e-07
6.056960000000000000e+05 1.326344029048799217e-07
6.062080000000000000e+05 1.326344029048799217e-07
6.067200000000000000e+05 1.326344029048799217e-07
6.072320000000000000e+05 1.326344029048799217e-07
6.077440000000000000e+05 1.326344029048799217e-07
6.082560000000000000e+05 1.326344029048799217e-07
6.087680000000000000e+05 1.326344029048799217e-07
6.092800000000000000e+05 1.326344029048799217e-07
6.097920000000000000e+05 1.326344029048799217e-07
6.103040000000000000e+05 1.326344029048799217e-07
6.108160000000000000e+05 1.125320166548978267e-07
6.113280000000000000e+05 1.125320166548978267e-07
6.118400000000000000e+05 7.889958674559399423e-08
6.123520000000000000e+05 7.889958674559399423e-08
6.128640000000000000e+05 6.903280975974146608e-08
6.133760000000000000e+05 6.903280975974146608e-08
6.138880000000000000e+05 6.903280975974146608e-08
6.144000000000000000e+05 6.903280975974146608e-08
6.149120000000000000e+05 6.903280975974146608e-08
6.154240000000000000e+05 6.903280975974146608e-08
6.159360000000000000e+05 6.903280975974146608e-08
6.164480000000000000e+05 6.903280975974146608e-08
6.169600000000000000e+05 6.903280975974146608e-08
6.174720000000000000e+05 6.903280975974146608e-08
6.179840000000000000e+05 6.903280975974146608e-08
6.184960000000000000e+05 6.903280975974146608e-08
6.190080000000000000e+05 6.903280975974146608e-08
6.195200000000000000e+05 6.903280975974146608e-08
6.200320000000000000e+05 6.903280975974146608e-08
6.205440000000000000e+05 6.903280975974146608e-08
6.210560000000000000e+05 6.903280975974146608e-08
6.215680000000000000e+05 6.903280975974146608e-08
6.220800000000000000e+05 6.903280975974146608e-08
6.225920000000000000e+05 6.903280975974146608e-08
6.231040000000000000e+05 6.903280975974146608e-08
6.236160000000000000e+05 5.809935171328343299e-08
6.241280000000000000e+05 5.809935171328343299e-08
6.246400000000000000e+05 5.809935171328343299e-08
6.251520000000000000e+05 5.809935171328343299e-08
6.256640000000000000e+05 4.025420171555227014e-08
6.261760000000000000e+05 4.025420171555227014e-08
6.266880000000000000e+05 4.025420171555227014e-08
6.272000000000000000e+05 4.025420171555227014e-08
6.277120000000000000e+05 4.025420171555227014e-08
6.282240000000000000e+05 4.025420171555227014e-08
6.287360000000000000e+05 4.025420171555227014e-08
6.292480000000000000e+05 4.025420171555227014e-08
6.297600000000000000e+05 4.025420171555227014e-08
6.302720000000000000e+05 4.025420171555227014e-08
6.307840000000000000e+05 4.025420171555227014e-08
6.312960000000000000e+05 4.025420171555227014e-08
6.318080000000000000e+05 4.025420171555227014e-08
6.323200000000000000e+05 4.025420171555227014e-08
6.328320000000000000e+05 4.025420171555227014e-08
6.333440000000000000e+05 4.025420171555227014e-08
6.338560000000000000e+05 4.025420171555227014e-08
6.343680000000000000e+05 4.025420171555227014e-08
6.348800000000000000e+05 4.025420171555227014e-08
6.353920000000000000e+05 4.025420171555227014e-08
6.359040000000000000e+05 4.025420171555227014e-08
6.364160000000000000e+05 4.025420171555227014e-08
6.369280000000000000e+05 2.916809342852115131e-08
6.374400000000000000e+05 2.916809342852115131e-08
6.379520000000000000e+05 2.916809342852115131e-08
6.384640000000000000e+05 2.916809342852115131e-08
6.389760000000000000e+05 2.916809342852115131e-08
6.394880000000000000e+05 2.916809342852115131e-08
6.400000000000000000e+05 2.916809342852115131e-08
6.405120000000000000e+05 2.691022251809691240e-08
6.410240000000000000e+05 2.691022251809691240e-08
6.415360000000000000e+05 2.691022251809691240e-08
6.420480000000000000e+05 2.691022251809691240e-08
6.425600000000000000e+05 2.691022251809691240e-08
6.430720000000000000e+05 2.691022251809691240e-08
6.435840000000000000e+05 2.691022251809691240e-08
6.440960000000000000e+05 2.691022251809691240e-08
6.446080000000000000e+05 2.691022251809691240e-08
6.451200000000000000e+05 2.572897625777948627e-08
6.456320000000000000e+05 2.572897625777948627e-08
6.461440000000000000e+05 2.572897625777948627e-08
6.466560000000000000e+05 2.572897625777948627e-08
6.471680000000000000e+05 2.572897625777948627e-08
6.476800000000000000e+05 2.572897625777948627e-08
6.481920000000000000e+05 2.572897625777948627e-08
6.487040000000000000e+05 2.572897625777948627e-08
6.492160000000000000e+05 2.572897625777948627e-08
6.497280000000000000e+05 2.572897625777948627e-08
6.502400000000000000e+05 2.572897625777948627e-08
6.507520000000000000e+05 2.572897625777948627e-08
6.512640000000000000e+05 2.572897625777948627e-08
6.517760000000000000e+05 2.572897625777948627e-08
6.522880000000000000e+05 2.572897625777948627e-08
6.528000000000000000e+05 2.572897625777948627e-08
6.533120000000000000e+05 2.572897625777948627e-08
6.538240000000000000e+05 2.572897625777948627e-08
6.543360000000000000e+05 2.207702943918104674e-08
6.548480000000000000e+05 2.207702943918104674e-08
6.553600000000000000e+05 2.207702943918104674e-08
6.558720000000000000e+05 2.108889627201733632e-08
6.563840000000000000e+05 1.687728934450837598e-08
6.568960000000000000e+05 1.687728934450837598e-08
6.574080000000000000e+05 1.687728934450837598e-08
6.579200000000000000e+05 1.687728934450837598e-08
6.584320000000000000e+05 1.687728934450837598e-08
6.589440000000000000e+05 1.443508177023293735e-08
6.594560000000000000e+05 1.443508177023293735e-08
6.599680000000000000e+05 1.443508177023293735e-08
6.604800000000000000e+05 1.443508177023293735e-08
6.609920000000000000e+05 1.443508177023293735e-08
6.615040000000000000e+05 1.443508177023293735e-08
6.620160000000000000e+05 1.443508177023293735e-08
6.625280000000000000e+05 1.443508177023293735e-08
6.630400000000000000e+05 1.443508177023293735e-08
6.635520000000000000e+05 1.443508177023293735e-08
6.640640000000000000e+05 1.443508177023293735e-08
6.645760000000000000e+05 1.443508177023293735e-08
6.650880000000000000e+05 1.443508177023293735e-08
6.656000000000000000e+05 1.443508177023293735e-08
6.661120000000000000e+05 1.443508177023293735e-08
6.666240000000000000e+05 1.443508177023293735e-08
6.671360000000000000e+05 1.357186606509807130e-08
6.676480000000000000e+05 1.063802238656714559e-08
6.681600000000000000e+05 1.063802238656714559e-08
6.686720000000000000e+05 1.063802238656714559e-08
6.691840000000000000e+05 1.063802238656714559e-08
6.696960000000000000e+05 1.063802238656714559e-08
6.702080000000000000e+05 1.063802238656714559e-08
6.707200000000000000e+05 1.063802238656714559e-08
6.712320000000000000e+05 1.063802238656714559e-08
6.717440000000000000e+05 1.063802238656714559e-08
6.722560000000000000e+05 1.063802238656714559e-08
6.727680000000000000e+05 1.063802238656714559e-08
6.732800000000000000e+05 1.063802238656714559e-08
6.737920000000000000e+05 1.063802238656714559e-08
6.743040000000000000e+05 1.063802238656714559e-08
6.748160000000000000e+05 1.063802238656714559e-08
6.753280000000000000e+05 1.063802238656714559e-08
6.758400000000000000e+05 1.063802238656714559e-08
6.763520000000000000e+05 1.063802238656714559e-08
6.768640000000000000e+05 1.063802238656714559e-08
6.773760000000000000e+05 1.063802238656714559e-08
6.778880000000000000e+05 1.063802238656714559e-08
6.784000000000000000e+05 1.063802238656714559e-08
6.789120000000000000e+05 1.063802238656714559e-08
6.794240000000000000e+05 1.063802238656714559e-08
6.799360000000000000e+05 1.063802238656714559e-08
6.804480000000000000e+05 1.063802238656714559e-08
6.809600000000000000e+05 1.063802238656714559e-08
6.814720000000000000e+05 1.063802238656714559e-08
6.819840000000000000e+05 1.063802238656714559e-08
6.824960000000000000e+05 7.663396248534704418e-09
6.830080000000000000e+05 7.663396248534704418e-09
6.835200000000000000e+05 7.663396248534704418e-09
6.840320000000000000e+05 7.663396248534704418e-09
6.845440000000000000e+05 4.415520271635465352e-09
6.850560000000000000e+05 4.415520271635465352e-09
6.855680000000000000e+05 4.415520271635465352e-09
6.860800000000000000e+05 4.415520271635465352e-09
6.865920000000000000e+05 4.415520271635465352e-09
6.871040000000000000e+05 4.415520271635465352e-09
6.876160000000000000e+05 4.415520271635465352e-09
6.881280000000000000e+05 4.415520271635465352e-09
6.886400000000000000e+05 4.415520271635465352e-09
6.891520000000000000e+05 4.415520271635465352e-09
6.896640000000000000e+05 4.415520271635465352e-09
6.901760000000000000e+05 4.415520271635465352e-09
6.906880000000000000e+05 4.415520271635465352e-09
6.912000000000000000e+05 4.415520271635465352e-09
6.917120000000000000e+05 4.415520271635465352e-09
6.922240000000000000e+05 4.415520271635465352e-09
6.927360000000000000e+05 4.415520271635465352e-09
6.932480000000000000e+05 4.415520271635465352e-09
6.937600000000000000e+05 4.415520271635465352e-09
6.942720000000000000e+05 4.415520271635465352e-09
6.947840000000000000e+05 4.415520271635465352e-09
6.952960000000000000e+05 4.415520271635465352e-09
6.958080000000000000e+05 4.415520271635465352e-09
6.963200000000000000e+05 4.415520271635465352e-09
6.968320000000000000e+05 3.910283429016884719e-09
6.973440000000000000e+05 3.910283429016884719e-09
6.978560000000000000e+05 3.910283429016884719e-09
6.983680000000000000e+05 3.910283429016884719e-09
6.988800000000000000e+05 3.910283429016884719e-09
6.993920000000000000e+05 3.910283429016884719e-09
6.999040000000000000e+05 3.910283429016884719e-09
7.004160000000000000e+05 3.910283429016884719e-09
7.009280000000000000e+05 3.910283429016884719e-09
7.014400000000000000e+05 3.910283429016884719e-09
7.019520000000000000e+05 3.910283429016884719e-09
7.024640000000000000e+05 3.910283429016884719e-09
7.029760000000000000e+05 3.910283429016884719e-09
7.034880000000000000e+05 3.910283429016884719e-09
7.040000000000000000e+05 3.910283429016884719e-09
7.045120000000000000e+05 3.910283429016884719e-09
7.050240000000000000e+05 3.910283429016884719e-09
7.055360000000000000e+05 3.910283429016884719e-09
7.060480000000000000e+05 3.910283429016884719e-09
7.065600000000000000e+05 3.910283429016884719e-09
7.070720000000000000e+05 3.910283429016884719e-09
7.075840000000000000e+05 3.910283429016884719e-09
7.080960000000000000e+05 3.553825857068531553e-09
7.086080000000000000e+05 3.553825857068531553e-09
7.091200000000000000e+05 2.733115352033566393e-09
7.096320000000000000e+05 2.733115352033566393e-09
7.101440000000000000e+05 2.733115352033566393e-09
7.106560000000000000e+05 2.733115352033566393e-09
7.111680000000000000e+05 2.733115352033566393e-09
7.116800000000000000e+05 2.733115352033566393e-09
7.121920000000000000e+05 2.733115352033566393e-09
7.127040000000000000e+05 2.733115352033566393e-09
7.132160000000000000e+05 2.733115352033566393e-09
7.137280000000000000e+05 2.733115352033566393e-09
7.142400000000000000e+05 2.733115352033566393e-09
7.147520000000000000e+05 2.733115352033566393e-09
7.152640000000000000e+05 2.733115352033566393e-09
7.157760000000000000e+05 2.733115352033566393e-09
7.162880000000000000e+05 2.733115352033566393e-09
7.168000000000000000e+05 2.733115352033566393e-09
7.173120000000000000e+05 2.733115352033566393e-09
7.178240000000000000e+05 2.733115352033566393e-09
7.183360000000000000e+05 2.733115352033566393e-09
7.188480000000000000e+05 2.733115352033566393e-09
7.193600000000000000e+05 2.733115352033566393e-09
7.198720000000000000e+05 2.733115352033566393e-09
7.203840000000000000e+05 2.733115352033566393e-09
7.208960000000000000e+05 2.733115352033566393e-09
7.214080000000000000e+05 2.733115352033566393e-09
7.219200000000000000e+05 2.733115352033566393e-09
7.224320000000000000e+05 1.498256256504064079e-09
7.229440000000000000e+05 1.498256256504064079e-09
7.234560000000000000e+05 1.498256256504064079e-09
7.239680000000000000e+05 1.498256256504064079e-09
7.244800000000000000e+05 1.498256256504064079e-09
7.249920000000000000e+05 1.498256256504064079e-09
7.255040000000000000e+05 1.498256256504064079e-09
7.260160000000000000e+05 1.498256256504064079e-09
7.265280000000000000e+05 1.498256256504064079e-09
7.270400000000000000e+05 1.498256256504064079e-09
7.275520000000000000e+05 1.498256256504064079e-09
7.280640000000000000e+05 1.498256256504064079e-09
7.285760000000000000e+05 1.498256256504064079e-09
7.290880000000000000e+05 1.498256256504064079e-09
7.296000000000000000e+05 1.498256256504064079e-09
7.301120000000000000e+05 1.466967953437148361e-09
7.306240000000000000e+05 1.466967953437148361e-09
7.311360000000000000e+05 1.466967953437148361e-09
7.316480000000000000e+05 1.466967953437148361e-09
7.321600000000000000e+05 1.466967953437148361e-09
7.326720000000000000e+05 1.466967953437148361e-09
7.331840000000000000e+05 1.466967953437148361e-09
7.336960000000000000e+05 1.466967953437148361e-09
7.342080000000000000e+05 1.466967953437148361e-09
7.347200000000000000e+05 1.466967953437148361e-09
7.352320000000000000e+05 1.466967953437148361e-09
7.357440000000000000e+05 1.352439998927547447e-09
7.362560000000000000e+05 1.352439998927547447e-09
7.367680000000000000e+05 1.352439998927547447e-09
7.372800000000000000e+05 1.352439998927547447e-09
7.377920000000000000e+05 1.352439998927547447e-09
7.383040000000000000e+05 1.352439998927547447e-09
7.388160000000000000e+05 1.352439998927547447e-09
7.393280000000000000e+05 1.352439998927547447e-09
7.398400000000000000e+05 1.352439998927547447e-09
7.403520000000000000e+05 1.352439998927547447e-09
7.408640000000000000e+05 1.352439998927547447e-09
7.413760000000000000e+05 7.653780603869059144e-10
7.418880000000000000e+05 7.653780603869059144e-10
7.424000000000000000e+05 7.653780603869059144e-10
7.429120000000000000e+05 7.653780603869059144e-10
7.434240000000000000e+05 7.653780603869059144e-10
7.439360000000000000e+05 7.653780603869059144e-10
7.444480000000000000e+05 7.653780603869059144e-10
7.449600000000000000e+05 7.653780603869059144e-10
7.454720000000000000e+05 7.653780603869059144e-10
7.459840000000000000e+05 3.794661304010854143e-10
7.464960000000000000e+05 3.794661304010854143e-10
7.470080000000000000e+05 3.794661304010854143e-10
7.475200000000000000e+05 3.794661304010854143e-10
7.480320000000000000e+05 3.794661304010854143e-10
7.485440000000000000e+05 3.794661304010854143e-10
7.490560000000000000e+05 3.794661304010854143e-10
7.495680000000000000e+05 3.794661304010854143e-10
7.500800000000000000e+05 3.794661304010854143e-10
7.505920000000000000e+05 3.794661304010854143e-10
7.511040000000000000e+05 3.794661304010854143e-10
7.516160000000000000e+05 3.794661304010854143e-10
7.521280000000000000e+05 3.794661304010854143e-10
7.526400000000000000e+05 3.794661304010854143e-10
7.531520000000000000e+05 3.794661304010854143e-10
7.536640000000000000e+05 3.794661304010854143e-10
7.541760000000000000e+05 3.794661304010854143e-10
7.546880000000000000e+05 3.794661304010854143e-10
7.552000000000000000e+05 3.794661304010854143e-10
7.557120000000000000e+05 3.794661304010854143e-10
7.562240000000000000e+05 3.794661304010854143e-10
7.567360000000000000e+05 3.794661304010854143e-10
7.572480000000000000e+05 3.794661304010854143e-10
7.577600000000000000e+05 3.794661304010854143e-10
7.582720000000000000e+05 3.794661304010854143e-10
7.587840000000000000e+05 3.794661304010854143e-10
7.592960000000000000e+05 3.794661304010854143e-10
7.598080000000000000e+05 3.794661304010854143e-10
7.603200000000000000e+05 3.794661304010854143e-10
7.608320000000000000e+05 3.794661304010854143e-10
7.613440000000000000e+05 3.794661304010854143e-10
7.618560000000000000e+05 3.794661304010854143e-10
7.623680000000000000e+05 3.794661304010854143e-10
7.628800000000000000e+05 3.794661304010854143e-10
7.633920000000000000e+05 3.794661304010854143e-10
7.639040000000000000e+05 3.794661304010854143e-10
7.644160000000000000e+05 3.794661304010854143e-10
7.649280000000000000e+05 3.794661304010854143e-10
7.654400000000000000e+05 3.794661304010854143e-10
7.659520000000000000e+05 3.794661304010854143e-10
7.664640000000000000e+05 3.794661304010854143e-10
7.669760000000000000e+05 3.794661304010854143e-10
7.674880000000000000e+05 3.769149209718989017e-10
7.680000000000000000e+05 3.607881471258873237e-10
7.685120000000000000e+05 3.607881471258873237e-10
7.690240000000000000e+05 3.607881471258873237e-10
7.695360000000000000e+05 3.607881471258873237e-10
7.700480000000000000e+05 3.607881471258873237e-10
7.705600000000000000e+05 3.607881471258873237e-10
7.710720000000000000e+05 3.607881471258873237e-10
7.715840000000000000e+05 3.607881471258873237e-10
7.720960000000000000e+05 1.824858242762352606e-10
7.726080000000000000e+05 1.824858242762352606e-10
7.731200000000000000e+05 1.824858242762352606e-10
7.736320000000000000e+05 1.824858242762352606e-10
7.741440000000000000e+05 1.824858242762352606e-10
7.746560000000000000e+05 1.824858242762352606e-10
7.751680000000000000e+05 1.824858242762352606e-10
7.756800000000000000e+05 1.824858242762352606e-10
7.761920000000000000e+05 1.824858242762352606e-10
7.767040000000000000e+05 1.824858242762352606e-10
7.772160000000000000e+05 1.824858242762352606e-10
7.777280000000000000e+05 1.824858242762352606e-10
7.782400000000000000e+05 1.824858242762352606e-10
7.787520000000000000e+05 1.824858242762352606e-10
7.792640000000000000e+05 1.824858242762352606e-10
7.797760000000000000e+05 1.824858242762352606e-10
7.802880000000000000e+05 1.824858242762352606e-10
7.808000000000000000e+05 1.824858242762352606e-10
7.813120000000000000e+05 1.824858242762352606e-10
7.818240000000000000e+05 1.824858242762352606e-10
7.823360000000000000e+05 1.824858242762352606e-10
7.828480000000000000e+05 1.824858242762352606e-10
7.833600000000000000e+05 1.824858242762352606e-10
7.838720000000000000e+05 1.824858242762352606e-10
7.843840000000000000e+05 1.422460481252802969e-10
7.848960000000000000e+05 1.422460481252802969e-10
7.854080000000000000e+05 1.422460481252802969e-10
7.859200000000000000e+05 1.422460481252802969e-10
7.864320000000000000e+05 1.422460481252802969e-10
7.869440000000000000e+05 1.422460481252802969e-10
7.874560000000000000e+05 1.422460481252802969e-10
7.879680000000000000e+05 1.422460481252802969e-10
7.884800000000000000e+05 1.422460481252802969e-10
7.889920000000000000e+05 1.422460481252802969e-10
7.895040000000000000e+05 1.422460481252802969e-10
7.900160000000000000e+05 1.422460481252802969e-10
7.905280000000000000e+05 1.358053788499078667e-10
7.910400000000000000e+05 1.358053788499078667e-10
7.915520000000000000e+05 1.358053788499078667e-10
7.920640000000000000e+05 1.358053788499078667e-10
7.925760000000000000e+05 1.358053788499078667e-10
7.930880000000000000e+05 7.442945172112314125e-11
7.936000000000000000e+05 7.442945172112314125e-11
7.941120000000000000e+05 7.442945172112314125e-11
7.946240000000000000e+05 7.442945172112314125e-11
7.951360000000000000e+05 7.442945172112314125e-11
7.956480000000000000e+05 7.442945172112314125e-11
7.961600000000000000e+05 7.442945172112314125e-11
7.966720000000000000e+05 7.442945172112314125e-11
7.971840000000000000e+05 7.442945172112314125e-11
7.976960000000000000e+05 7.442945172112314125e-11
7.982080000000000000e+05 7.442945172112314125e-11
7.987200000000000000e+05 7.442945172112314125e-11
7.992320000000000000e+05 7.442945172112314125e-11
7.997440000000000000e+05 7.442945172112314125e-11
8.002560000000000000e+05 7.442945172112314125e-11
8.007680000000000000e+05 7.442945172112314125e-11
8.012800000000000000e+05 7.442945172112314125e-11
8.017920000000000000e+05 7.442945172112314125e-11
8.023040000000000000e+05 7.442945172112314125e-11
8.028160000000000000e+05 7.442945172112314125e-11
8.033280000000000000e+05 7.442945172112314125e-11
8.038400000000000000e+05 7.442945172112314125e-11
8.043520000000000000e+05 7.442945172112314125e-11
8.048640000000000000e+05 7.442945172112314125e-11
8.053760000000000000e+05 7.442945172112314125e-11
8.058880000000000000e+05 7.442945172112314125e-11
8.064000000000000000e+05 7.442945172112314125e-11
8.069120000000000000e+05 7.442945172112314125e-11
8.074240000000000000e+05 7.442945172112314125e-11
8.079360000000000000e+05 7.442945172112314125e-11
8.084480000000000000e+05 7.442945172112314125e-11
8.089600000000000000e+05 7.442945172112314125e-11
8.094720000000000000e+05 7.442945172112314125e-11
8.099840000000000000e+05 7.442945172112314125e-11
8.104960000000000000e+05 7.442945172112314125e-11
8.110080000000000000e+05 7.442945172112314125e-11
8.115200000000000000e+05 5.474101998432532536e-11
8.120320000000000000e+05 5.474101998432532536e-11
8.125440000000000000e+05 5.474101998432532536e-11
8.130560000000000000e+05 5.474101998432532536e-11
8.135680000000000000e+05 5.474101998432532536e-11
8.140800000000000000e+05 5.474101998432532536e-11
8.145920000000000000e+05 5.474101998432532536e-11
8.151040000000000000e+05 5.474101998432532536e-11
8.156160000000000000e+05 5.474101998432532536e-11
8.161280000000000000e+05 5.368161589918464031e-11
8.166400000000000000e+05 5.368161589918464031e-11
8.171520000000000000e+05 5.368161589918464031e-11
8.176640000000000000e+05 5.368161589918464031e-11
8.181760000000000000e+05 5.368161589918464031e-11
8.186880000000000000e+05 5.368161589918464031e-11
8.192000000000000000e+05 5.368161589918464031e-11
8.197120000000000000e+05 5.368161589918464031e-11
8.202240000000000000e+05 5.368161589918464031e-11
8.207360000000000000e+05 5.368161589918464031e-11
8.212480000000000000e+05 5.368161589918464031e-11
8.217600000000000000e+05 5.368161589918464031e-11
8.222720000000000000e+05 5.368161589918464031e-11
8.227840000000000000e+05 3.765376799608618632e-11
8.232960000000000000e+05 3.765376799608618632e-11
8.238080000000000000e+05 3.765376799608618632e-11
8.243200000000000000e+05 3.765376799608618632e-11
8.248320000000000000e+05 3.765376799608618632e-11
8.253440000000000000e+05 3.765376799608618632e-11
8.258560000000000000e+05 3.765376799608618632e-11
8.263680000000000000e+05 3.436108329976535851e-11
8.268800000000000000e+05 3.436108329976535851e-11
8.273920000000000000e+05 3.436108329976535851e-11
8.279040000000000000e+05 3.436108329976535851e-11
8.284160000000000000e+05 3.436108329976535851e-11
8.289280000000000000e+05 3.436108329976535851e-11
8.294400000000000000e+05 3.436108329976535851e-11
8.299520000000000000e+05 3.436108329976535851e-11
8.304640000000000000e+05 3.436108329976535851e-11
8.309760000000000000e+05 2.019654321089458594e-11
8.314880000000000000e+05 2.019654321089458594e-11
8.320000000000000000e+05 2.019654321089458594e-11
8.325120000000000000e+05 2.019654321089458594e-11
8.330240000000000000e+05 2.019654321089458594e-11
8.335360000000000000e+05 2.019654321089458594e-11
8.340480000000000000e+05 2.019654321089458594e-11
8.345600000000000000e+05 2.019654321089458594e-11
8.350720000000000000e+05 2.019654321089458594e-11
8.355840000000000000e+05 2.019654321089458594e-11
8.360960000000000000e+05 2.019654321089458594e-11
8.366080000000000000e+05 2.019654321089458594e-11
8.371200000000000000e+05 2.019654321089458594e-11
8.376320000000000000e+05 2.019654321089458594e-11
8.381440000000000000e+05 2.019654321089458594e-11
8.386560000000000000e+05 2.019654321089458594e-11
8.391680000000000000e+05 1.933138060809169231e-11
8.396800000000000000e+05 1.933138060809169231e-11
8.401920000000000000e+05 1.933138060809169231e-11
8.407040000000000000e+05 1.933138060809169231e-11
8.412160000000000000e+05 1.933138060809169231e-11
8.417280000000000000e+05 1.933138060809169231e-11
8.422400000000000000e+05 1.933138060809169231e-11
8.427520000000000000e+05 1.933138060809169231e-11
8.432640000000000000e+05 1.638108052760999254e-11
8.437760000000000000e+05 1.638108052760999254e-11
8.442880000000000000e+05 1.638108052760999254e-11
8.448000000000000000e+05 1.638108052760999254e-11
8.453120000000000000e+05 1.638108052760999254e-11
8.458240000000000000e+05 1.638108052760999254e-11
8.463360000000000000e+05 1.638108052760999254e-11
8.468480000000000000e+05 1.638108052760999254e-11
8.473600000000000000e+05 1.638108052760999254e-11
8.478720000000000000e+05 1.638108052760999254e-11
8.483840000000000000e+05 6.813578188166125858e-12
8.488960000000000000e+05 6.813578188166125858e-12
8.494080000000000000e+05 6.813578188166125858e-12
8.499200000000000000e+05 6.813578188166125858e-12
8.504320000000000000e+05 6.813578188166125858e-12
8.509440000000000000e+05 6.813578188166125858e-12
8.514560000000000000e+05 6.813578188166125858e-12
8.519680000000000000e+05 6.813578188166125858e-12
8.524800000000000000e+05 6.813578188166125858e-12
8.529920000000000000e+05 6.813578188166125858e-12
8.535040000000000000e+05 6.813578188166125858e-12
8.540160000000000000e+05 6.813578188166125858e-12
8.545280000000000000e+05 6.813578188166125858e-12
8.550400000000000000e+05 6.813578188166125858e-12
8.555520000000000000e+05 6.813578188166125858e-12
8.560640000000000000e+05 6.813578188166125858e-12
8.565760000000000000e+05 6.813578188166125858e-12
8.570880000000000000e+05 6.813578188166125858e-12
8.576000000000000000e+05 6.813578188166125858e-12
8.581120000000000000e+05 6.813578188166125858e-12
8.586240000000000000e+05 6.813578188166125858e-12
8.591360000000000000e+05 6.813578188166125858e-12
8.596480000000000000e+05 6.813578188166125858e-12
8.601600000000000000e+05 6.813578188166125858e-12
8.606720000000000000e+05 6.813578188166125858e-12
8.611840000000000000e+05 6.813578188166125858e-12
8.616960000000000000e+05 6.813578188166125858e-12
8.622080000000000000e+05 6.813578188166125858e-12
8.627200000000000000e+05 6.813578188166125858e-12
8.632320000000000000e+05 6.813578188166125858e-12
8.637440000000000000e+05 6.813578188166125858e-12
8.642560000000000000e+05 6.813578188166125858e-12
8.647680000000000000e+05 6.813578188166125858e-12
8.652800000000000000e+05 6.813578188166125858e-12
8.657920000000000000e+05 6.813578188166125858e-12
8.663040000000000000e+05 6.813578188166125858e-12
8.668160000000000000e+05 6.813578188166125858e-12
8.673280000000000000e+05 6.813578188166125858e-12
8.678400000000000000e+05 6.813578188166125858e-12
8.683520000000000000e+05 6.813578188166125858e-12
8.688640000000000000e+05 6.813578188166125858e-12
8.693760000000000000e+05 6.813578188166125858e-12
8.698880000000000000e+05 6.813578188166125858e-12
8.704000000000000000e+05 6.813578188166125858e-12
8.709120000000000000e+05 6.813578188166125858e-12
8.714240000000000000e+05 6.813578188166125858e-12
8.719360000000000000e+05 5.140290548089745945e-12
8.724480000000000000e+05 5.140290548089745945e-12
8.729600000000000000e+05 5.140290548089745945e-12
8.734720000000000000e+05 5.140290548089745945e-12
8.739840000000000000e+05 5.140290548089745945e-12
8.744960000000000000e+05 5.140290548089745945e-12
8.750080000000000000e+05 5.140290548089745945e-12
8.755200000000000000e+05 5.140290548089745945e-12
8.760320000000000000e+05 5.140290548089745945e-12
8.765440000000000000e+05 5.140290548089745945e-12
8.770560000000000000e+05 5.140290548089745945e-12
8.775680000000000000e+05 5.140290548089745945e-12
8.780800000000000000e+05 5.140290548089745945e-12
8.785920000000000000e+05 4.942676879982118838e-12
8.791040000000000000e+05 4.942676879982118838e-12
8.796160000000000000e+05 4.769146776133951817e-12
8.801280000000000000e+05 4.769146776133951817e-12
8.806400000000000000e+05 4.769146776133951817e-12
8.811520000000000000e+05 4.769146776133951817e-12
8.816640000000000000e+05 4.769146776133951817e-12
8.821760000000000000e+05 4.769146776133951817e-12
8.826880000000000000e+05 4.769146776133951817e-12
8.832000000000000000e+05 4.769146776133951817e-12
8.837120000000000000e+05 4.769146776133951817e-12
8.842240000000000000e+05 4.769146776133951817e-12
8.847360000000000000e+05 4.769146776133951817e-12
8.852480000000000000e+05 4.769146776133951817e-12
8.857600000000000000e+05 4.361551879907724776e-12
8.862720000000000000e+05 4.361551879907724776e-12
8.867840000000000000e+05 4.361551879907724776e-12
8.872960000000000000e+05 4.361551879907724776e-12
8.878080000000000000e+05 4.361551879907724776e-12
8.883200000000000000e+05 4.361551879907724776e-12
8.888320000000000000e+05 4.361551879907724776e-12
8.893440000000000000e+05 4.361551879907724776e-12
8.898560000000000000e+05 4.361551879907724776e-12
8.903680000000000000e+05 3.213760676318477647e-12
8.908800000000000000e+05 3.213760676318477647e-12
8.913920000000000000e+05 3.213760676318477647e-12
8.919040000000000000e+05 3.213760676318477647e-12
8.924160000000000000e+05 3.213760676318477647e-12
8.929280000000000000e+05 3.213760676318477647e-12
8.934400000000000000e+05 3.213760676318477647e-12
8.939520000000000000e+05 3.213760676318477647e-12
8.944640000000000000e+05 3.213760676318477647e-12
8.949760000000000000e+05 3.213760676318477647e-12
8.954880000000000000e+05 3.213760676318477647e-12
8.960000000000000000e+05 3.213760676318477647e-12
8.965120000000000000e+05 3.213760676318477647e-12
8.970240000000000000e+05 3.213760676318477647e-12
8.975360000000000000e+05 3.213760676318477647e-12
8.980480000000000000e+05 3.213760676318477647e-12
8.985600000000000000e+05 3.213760676318477647e-12
8.990720000000000000e+05 3.213760676318477647e-12
8.995840000000000000e+05 3.213760676318477647e-12
9.000960000000000000e+05 3.213760676318477647e-12
9.006080000000000000e+05 3.213760676318477647e-12
9.011200000000000000e+05 3.213760676318477647e-12
9.016320000000000000e+05 3.213760676318477647e-12
9.021440000000000000e+05 3.213760676318477647e-12
9.026560000000000000e+05 3.213760676318477647e-12
9.031680000000000000e+05 3.213760676318477647e-12
9.036800000000000000e+05 3.213760676318477647e-12
9.041920000000000000e+05 3.213760676318477647e-12
9.047040000000000000e+05 3.213760676318477647e-12
9.052160000000000000e+05 3.213760676318477647e-12
9.057280000000000000e+05 3.213760676318477647e-12
9.062400000000000000e+05 1.994172463424702280e-12
9.067520000000000000e+05 1.800431399924772239e-12
9.072640000000000000e+05 1.800431399924772239e-12
9.077760000000000000e+05 1.800431399924772239e-12
9.082880000000000000e+05 1.800431399924772239e-12
9.088000000000000000e+05 1.800431399924772239e-12
9.093120000000000000e+05 1.800431399924772239e-12
9.098240000000000000e+05 1.461405905701697181e-12
9.103360000000000000e+05 1.461405905701697181e-12
9.108480000000000000e+05 1.461405905701697181e-12
9.113600000000000000e+05 1.461405905701697181e-12
9.118720000000000000e+05 1.461405905701697181e-12
9.123840000000000000e+05 1.461405905701697181e-12
9.128960000000000000e+05 1.461405905701697181e-12
9.134080000000000000e+05 1.461405905701697181e-12
9.139200000000000000e+05 1.461405905701697181e-12
9.144320000000000000e+05 1.461405905701697181e-12
9.149440000000000000e+05 1.461405905701697181e-12
9.154560000000000000e+05 1.461405905701697181e-12
9.159680000000000000e+05 1.461405905701697181e-12
9.164800000000000000e+05 1.461405905701697181e-12
9.169920000000000000e+05 1.461405905701697181e-12
9.175040000000000000e+05 1.461405905701697181e-12
9.180160000000000000e+05 1.461405905701697181e-12
9.185280000000000000e+05 1.393910131223326192e-12
9.190400000000000000e+05 1.393910131223326192e-12
9.195520000000000000e+05 1.393910131223326192e-12
9.200640000000000000e+05 1.393910131223326192e-12
9.205760000000000000e+05 1.393910131223326192e-12
9.210880000000000000e+05 1.393910131223326192e-12
9.216000000000000000e+05 1.393910131223326192e-12
9.221120000000000000e+05 1.393910131223326192e-12
9.226240000000000000e+05 1.393910131223326192e-12
9.231360000000000000e+05 1.393910131223326192e-12
9.236480000000000000e+05 1.393910131223326192e-12
9.241600000000000000e+05 1.393910131223326192e-12
9.246720000000000000e+05 1.393910131223326192e-12
9.251840000000000000e+05 1.393910131223326192e-12
9.256960000000000000e+05 1.393910131223326192e-12
9.262080000000000000e+05 1.393910131223326192e-12
9.267200000000000000e+05 1.393910131223326192e-12
9.272320000000000000e+05 1.393910131223326192e-12
9.277440000000000000e+05 1.393910131223326192e-12
9.282560000000000000e+05 1.393910131223326192e-12
9.287680000000000000e+05 1.393910131223326192e-12
9.292800000000000000e+05 1.393910131223326192e-12
9.297920000000000000e+05 1.393910131223326192e-12
9.303040000000000000e+05 1.393910131223326192e-12
9.308160000000000000e+05 1.393910131223326192e-12
9.313280000000000000e+05 1.393910131223326192e-12
9.318400000000000000e+05 9.806752014880773974e-13
9.323520000000000000e+05 8.775661920587346144e-13
9.328640000000000000e+05 8.775661920587346144e-13
9.333760000000000000e+05 8.775661920587346144e-13
9.338880000000000000e+05 8.775661920587346144e-13
9.344000000000000000e+05 8.775661920587346144e-13
9.349120000000000000e+05 8.775661920587346144e-13
9.354240000000000000e+05 8.775661920587346144e-13
9.359360000000000000e+05 8.775661920587346144e-13
9.364480000000000000e+05 8.775661920587346144e-13
9.369600000000000000e+05 5.440221016075613401e-13
9.374720000000000000e+05 5.440221016075613401e-13
9.379840000000000000e+05 5.440221016075613401e-13
9.384960000000000000e+05 5.440221016075613401e-13
9.390080000000000000e+05 5.440221016075613401e-13
9.395200000000000000e+05 5.440221016075613401e-13
9.400320000000000000e+05 5.440221016075613401e-13
9.405440000000000000e+05 5.440221016075613401e-13
9.410560000000000000e+05 5.440221016075613401e-13
9.415680000000000000e+05 5.440221016075613401e-13
9.420800000000000000e+05 5.440221016075613401e-13
9.425920000000000000e+05 5.440221016075613401e-13
9.431040000000000000e+05 5.440221016075613401e-13
9.436160000000000000e+05 5.440221016075613401e-13
9.441280000000000000e+05 5.440221016075613401e-13
9.446400000000000000e+05 5.440221016075613401e-13
9.451520000000000000e+05 5.440221016075613401e-13
9.456640000000000000e+05 5.440221016075613401e-13
9.461760000000000000e+05 5.440221016075613401e-13
9.466880000000000000e+05 5.440221016075613401e-13
9.472000000000000000e+05 5.440221016075613401e-13
9.477120000000000000e+05 5.440221016075613401e-13
9.482240000000000000e+05 4.971510249654123424e-13
9.487360000000000000e+05 4.971510249654123424e-13
9.492480000000000000e+05 4.971510249654123424e-13
9.497600000000000000e+05 4.971510249654123424e-13
9.502720000000000000e+05 4.971510249654123424e-13
9.507840000000000000e+05 4.971510249654123424e-13
9.512960000000000000e+05 4.971510249654123424e-13
9.518080000000000000e+05 4.971510249654123424e-13
9.523200000000000000e+05 4.971510249654123424e-13
9.528320000000000000e+05 4.971510249654123424e-13
9.533440000000000000e+05 4.971510249654123424e-13
9.538560000000000000e+05 4.971510249654123424e-13
9.543680000000000000e+05 4.971510249654123424e-13
9.548800000000000000e+05 4.971510249654123424e-13
9.553920000000000000e+05 4.971510249654123424e-13
9.559040000000000000e+05 4.971510249654123424e-13
9.564160000000000000e+05 4.971510249654123424e-13
9.569280000000000000e+05 4.971510249654123424e-13
9.574400000000000000e+05 4.971510249654123424e-13
9.579520000000000000e+05 3.952996425377695772e-13
9.584640000000000000e+05 3.952996425377695772e-13
9.589760000000000000e+05 3.952996425377695772e-13
9.594880000000000000e+05 3.952996425377695772e-13
9.600000000000000000e+05 3.952996425377695772e-13
9.605120000000000000e+05 3.952996425377695772e-13
9.610240000000000000e+05 3.952996425377695772e-13
9.615360000000000000e+05 3.876609348826405201e-13
9.620480000000000000e+05 3.876609348826405201e-13
9.625600000000000000e+05 2.258549380709429544e-13
9.630720000000000000e+05 2.258549380709429544e-13
9.635840000000000000e+05 2.258549380709429544e-13
9.640960000000000000e+05 2.258549380709429544e-13
9.646080000000000000e+05 2.258549380709429544e-13
9.651200000000000000e+05 2.258549380709429544e-13
9.656320000000000000e+05 2.258549380709429544e-13
9.661440000000000000e+05 2.258549380709429544e-13
9.666560000000000000e+05 2.258549380709429544e-13
9.671680000000000000e+05 2.258549380709429544e-13
9.676800000000000000e+05 2.258549380709429544e-13
9.681920000000000000e+05 2.258549380709429544e-13
9.687040000000000000e+05 2.258549380709429544e-13
9.692160000000000000e+05 2.258549380709429544e-13
9.697280000000000000e+05 2.258549380709429544e-13
9.702400000000000000e+05 2.258549380709429544e-13
9.707520000000000000e+05 2.258549380709429544e-13
9.712640000000000000e+05 2.258549380709429544e-13
9.717760000000000000e+05 2.069276753865266001e-13
9.722880000000000000e+05 2.069276753865266001e-13
9.728000000000000000e+05 2.069276753865266001e-13
9.733120000000000000e+05 2.069276753865266001e-13
9.738240000000000000e+05 2.069276753865266001e-13
9.743360000000000000e+05 8.287128388052129860e-14
9.748480000000000000e+05 8.287128388052129860e-14
9.753600000000000000e+05 8.287128388052129860e-14
9.758720000000000000e+05 8.287128388052129860e-14
9.763840000000000000e+05 8.287128388052129860e-14
9.768960000000000000e+05 8.287128388052129860e-14
9.774080000000000000e+05 8.287128388052129860e-14
9.779200000000000000e+05 8.287128388052129860e-14
9.784320000000000000e+05 8.287128388052129860e-14
9.789440000000000000e+05 8.287128388052129860e-14
9.794560000000000000e+05 8.287128388052129860e-14
9.799680000000000000e+05 8.287128388052129860e-14
9.804800000000000000e+05 8.287128388052129860e-14
9.809920000000000000e+05 8.287128388052129860e-14
9.815040000000000000e+05 8.287128388052129860e-14
9.820160000000000000e+05 8.287128388052129860e-14
9.825280000000000000e+05 8.287128388052129860e-14
9.830400000000000000e+05 8.287128388052129860e-14
9.835520000000000000e+05 8.287128388052129860e-14
9.840640000000000000e+05 8.287128388052129860e-14
9.845760000000000000e+05 8.287128388052129860e-14
9.850880000000000000e+05 8.287128388052129860e-14
9.856000000000000000e+05 8.287128388052129860e-14
9.861120000000000000e+05 8.287128388052129860e-14
9.866240000000000000e+05 8.287128388052129860e-14
9.871360000000000000e+05 8.287128388052129860e-14
9.876480000000000000e+05 8.287128388052129860e-14
9.881600000000000000e+05 8.287128388052129860e-14
9.886720000000000000e+05 8.287128388052129860e-14
9.891840000000000000e+05 8.287128388052129860e-14
9.896960000000000000e+05 8.287128388052129860e-14
9.902080000000000000e+05 8.287128388052129860e-14
9.907200000000000000e+05 8.287128388052129860e-14
9.912320000000000000e+05 8.287128388052129860e-14
9.917440000000000000e+05 8.287128388052129860e-14
9.922560000000000000e+05 8.287128388052129860e-14
9.927680000000000000e+05 8.287128388052129860e-14
9.932800000000000000e+05 8.287128388052129860e-14
9.937920000000000000e+05 8.287128388052129860e-14
9.943040000000000000e+05 8.287128388052129860e-14
9.948160000000000000e+05 8.287128388052129860e-14
9.953280000000000000e+05 8.287128388052129860e-14
9.958400000000000000e+05 8.287128388052129860e-14
9.963520000000000000e+05 8.287128388052129860e-14
9.968640000000000000e+05 8.287128388052129860e-14
9.973760000000000000e+05 8.287128388052129860e-14
9.978880000000000000e+05 8.287128388052129860e-14
9.984000000000000000e+05 8.287128388052129860e-14
9.989120000000000000e+05 4.891713923317422529e-14
9.994240000000000000e+05 4.891713923317422529e-14
9.999360000000000000e+05 4.891713923317422529e-14
1.000448000000000000e+06 4.891713923317422529e-14
