1.280000000000000000e+02 1.789113588180068604e+00
2.560000000000000000e+02 1.789113588180068604e+00
3.840000000000000000e+02 1.789113588180068604e+00
5.120000000000000000e+02 1.052292404152914918e+00
6.400000000000000000e+02 1.052292404152914918e+00
7.680000000000000000e+02 1.052292404152914918e+00
8.960000000000000000e+02 4.110445576905942811e-01
1.024000000000000000e+03 3.173938207282158142e-01
1.152000000000000000e+03 3.173938207282158142e-01
1.280000000000000000e+03 3.173938207282158142e-01
1.408000000000000000e+03 1.578391203037413787e-02
1.536000000000000000e+03 1.578391203037413787e-02
1.664000000000000000e+03 1.578391203037413787e-02
1.792000000000000000e+03 1.578391203037413787e-02
1.920000000000000000e+03 1.578391203037413787e-02
2.048000000000000000e+03 1.578391203037413787e-02
2.176000000000000000e+03 1.578391203037413787e-02
2.304000000000000000e+03 1.578391203037413787e-02
2.432000000000000000e+03 1.578391203037413787e-02
2.560000000000000000e+03 1.578391203037413787e-02
2.688000000000000000e+03 1.578391203037413787e-02
2.816000000000000000e+03 1.578391203037413787e-02
2.944000000000000000e+03 1.578391203037413787e-02
3.072000000000000000e+03 1.578391203037413787e-02
3.200000000000000000e+03 1.578391203037413787e-02
3.328000000000000000e+03 1.578391203037413787e-02
3.456000000000000000e+03 1.578391203037413787e-02
3.584000000000000000e+03 1.578391203037413787e-02
3.712000000000000000e+03 1.578391203037413787e-02
3.840000000000000000e+03 1.578391203037413787e-02
3.968000000000000000e+03 1.578391203037413787e-02
4.096000000000000000e+03 5.935936965296679559e-03
4.224000000000000000e+03 5.935936965296679559e-03
4.352000000000000000e+03 5.935936965296679559e-03
4.480000000000000000e+03 5.935936965296679559e-03
4.608000000000000000e+03 5.061683675638623588e-04
4.736000000000000000e+03 5.061683675638623588e-04
4.864000000000000000e+03 5.061683675638623588e-04
4.992000000000000000e+03 5.061683675638623588e-04
5.120000000000000000e+03 1.279377323293399700e-04
5.248000000000000000e+03 1.279377323293399700e-04
5.376000000000000000e+03 1.279377323293399700e-04
5.504000000000000000e+03 1.279377323293399700e-04
5.632000000000000000e+03 1.279377323293399700e-04
5.760000000000000000e+03 5.738970070586367538e-05
5.888000000000000000e+03 5.738970070586367538e-05
6.016000000000000000e+03 5.738970070586367538e-05
6.144000000000000000e+03 5.661996594660636709e-05
6.272000000000000000e+03 5.661996594660636709e-05
6.400000000000000000e+03 5.661996594660636709e-05
6.528000000000000000e+03 2.139515870331187113e-06
6.656000000000000000e+03 2.139515870331187113e-06
6.784000000000000000e+03 2.139515870331187113e-06
6.912000000000000000e+03 2.139515870331187113e-06
7.040000000000000000e+03 2.139515870331187113e-06
7.168000000000000000e+03 2.128736100122303540e-07
7.296000000000000000e+03 2.128736100122303540e-07
7.424000000000000000e+03 3.356418928170734191e-08
7.552000000000000000e+03 3.356418928170734191e-08
7.680000000000000000e+03 3.356418928170734191e-08
7.808000000000000000e+03 3.356418928170734191e-08
7.936000000000000000e+03 3.356418928170734191e-08
8.064000000000000000e+03 3.356418928170734191e-08
8.192000000000000000e+03 3.356418928170734191e-08
8.320000000000000000e+03 3.356418928170734191e-08
8.448000000000000000e+03 3.356418928170734191e-08
8.576000000000000000e+03 2.681655861995505177e-09
8.704000000000000000e+03 2.681655861995505177e-09
8.832000000000000000e+03 2.681655861995505177e-09
8.960000000000000000e+03 2.681655861995505177e-09
9.088000000000000000e+03 8.890968711751224281e-10
9.216000000000000000e+03 8.890968711751224281e-10
9.344000000000000000e+03 8.890968711751224281e-10
9.472000000000000000e+03 2.984540989693055070e-10
9.600000000000000000e+03 2.984540989693055070e-10
9.728000000000000000e+03 6.120550036001896331e-11
9.856000000000000000e+03 6.120550036001896331e-11
9.984000000000000000e+03 6.120550036001896331e-11
1.011200000000000000e+04 5.547080595006110643e-11
1.024000000000000000e+04 5.547080595006110643e-11
1.036800000000000000e+04 2.055844044423914672e-12
1.049600000000000000e+04 2.055844044423914672e-12
1.062400000000000000e+04 2.055844044423914672e-12
1.075200000000000000e+04 2.055844044423914672e-12
1.088000000000000000e+04 2.055844044423914672e-12
1.100800000000000000e+04 2.055844044423914672e-12
1.113600000000000000e+04 2.055844044423914672e-12
1.126400000000000000e+04 1.010833472367879289e-13
1.139200000000000000e+04 1.010833472367879289e-13
1.152000000000000000e+04 1.010833472367879289e-13
1.164800000000000000e+04 7.748776107502128952e-14
1.177600000000000000e+04 7.748776107502128952e-14
1.190400000000000000e+04 7.748776107502128952e-14
1.203200000000000000e+04 5.098942756679422663e-14
1.216000000000000000e+04 5.098942756679422663e-14
1.228800000000000000e+04 5.098942756679422663e-14
1.241600000000000000e+04 5.098942756679422663e-14
1.254400000000000000e+04 5.098942756679422663e-14
1.267200000000000000e+04 5.098942756679422663e-14
1.280000000000000000e+04 5.098942756679422663e-14
1.292800000000000000e+04 5.098942756679422663e-14
1.305600000000000000e+04 7.533549118739405475e-15
1.318400000000000000e+04 7.533549118739405475e-15
1.331200000000000000e+04 7.227613065456013034e-15
1.344000000000000000e+04 7.227613065456013034e-15
1.356800000000000000e+04 5.123637436118392004e-15
1.369600000000000000e+04 2.808035998928616154e-15
1.382400000000000000e+04 8.431971861045341365e-16
1.395200000000000000e+04 8.431971861045341365e-16
1.408000000000000000e+04 8.431971861045341365e-16
1.420800000000000000e+04 4.843793189497763800e-16
1.433600000000000000e+04 4.843793189497763800e-16
1.446400000000000000e+04 3.085150104523899301e-16
1.459200000000000000e+04 9.126946830776531512e-17
1.472000000000000000e+04 9.126946830776531512e-17
1.484800000000000000e+04 2.649815093890192839e-17
1.497600000000000000e+04 2.649815093890192839e-17
1.510400000000000000e+04 2.649815093890192839e-17
1.523200000000000000e+04 4.210700096026874982e-19
1.536000000000000000e+04 4.210700096026874982e-19
1.548800000000000000e+04 4.210700096026874982e-19
1.561600000000000000e+04 4.210700096026874982e-19
1.574400000000000000e+04 4.210700096026874982e-19
1.587200000000000000e+04 4.210700096026874982e-19
1.600000000000000000e+04 4.210700096026874982e-19
1.612800000000000000e+04 4.210700096026874982e-19
1.625600000000000000e+04 4.210700096026874982e-19
1.638400000000000000e+04 4.210700096026874982e-19
1.651200000000000000e+04 3.811865947780204669e-19
1.664000000000000000e+04 2.097855183486153651e-19
1.676800000000000000e+04 5.522246628224073303e-20
1.689600000000000000e+04 1.517360417179381874e-20
1.702400000000000000e+04 1.517360417179381874e-20
1.715200000000000000e+04 1.517360417179381874e-20
1.728000000000000000e+04 1.465756526071120280e-21
1.740800000000000000e+04 3.449501977684325814e-22
1.753600000000000000e+04 3.449501977684325814e-22
1.766400000000000000e+04 3.449501977684325814e-22
1.779200000000000000e+04 3.449501977684325814e-22
1.792000000000000000e+04 3.449501977684325814e-22
1.804800000000000000e+04 3.449501977684325814e-22
1.817600000000000000e+04 3.449501977684325814e-22
1.830400000000000000e+04 3.449501977684325814e-22
1.843200000000000000e+04 3.449501977684325814e-22
1.856000000000000000e+04 3.449501977684325814e-22
1.868800000000000000e+04 3.449501977684325814e-22
1.881600000000000000e+04 9.946467878682362150e-23
1.894400000000000000e+04 9.946467878682362150e-23
1.907200000000000000e+04 9.946467878682362150e-23
1.920000000000000000e+04 9.946467878682362150e-23
1.932800000000000000e+04 2.861485132148736380e-23
1.945600000000000000e+04 1.309654702970675272e-23
1.958400000000000000e+04 1.309654702970675272e-23
1.971200000000000000e+04 4.876418873928713353e-24
1.984000000000000000e+04 2.010704006424245157e-24
1.996800000000000000e+04 2.010704006424245157e-24
2.009600000000000000e+04 2.010704006424245157e-24
2.022400000000000000e+04 7.479671447552597744e-25
2.035200000000000000e+04 4.604946444981776389e-25
2.048000000000000000e+04 4.604946444981776389e-25
2.060800000000000000e+04 4.604946444981776389e-25
2.073600000000000000e+04 3.751702287202602383e-25
2.086400000000000000e+04 3.751702287202602383e-25
2.099200000000000000e+04 3.716939529040324768e-25
2.112000000000000000e+04 3.458032051939844792e-25
2.124800000000000000e+04 3.458032051939844792e-25
2.137600000000000000e+04 3.458032051939844792e-25
2.150400000000000000e+04 1.187117826259905379e-25
2.163200000000000000e+04 9.539049046971546059e-26
2.176000000000000000e+04 7.337022716137613706e-26
2.188800000000000000e+04 7.337022716137613706e-26
2.201600000000000000e+04 6.236549427402658159e-27
2.214400000000000000e+04 6.299054328189779266e-28
2.227200000000000000e+04 6.299054328189779266e-28
2.240000000000000000e+04 6.299054328189779266e-28
2.252800000000000000e+04 4.616808447805971591e-28
2.265600000000000000e+04 4.616808447805971591e-28
2.278400000000000000e+04 4.616808447805971591e-28
2.291200000000000000e+04 4.616808447805971591e-28
2.304000000000000000e+04 1.789851438236611317e-28
2.316800000000000000e+04 1.789851438236611317e-28
2.329600000000000000e+04 1.789851438236611317e-28
2.342400000000000000e+04 1.789851438236611317e-28
2.355200000000000000e+04 1.789851438236611317e-28
2.368000000000000000e+04 6.710248075036231670e-29
2.380800000000000000e+04 6.710248075036231670e-29
2.393600000000000000e+04 3.081487911019577365e-29
2.406400000000000000e+04 2.149645966727257170e-29
2.419200000000000000e+04 3.007532201155107508e-30
2.432000000000000000e+04 3.007532201155107508e-30
2.444800000000000000e+04 3.007532201155107508e-30
2.457600000000000000e+04 3.007532201155107508e-30
2.470400000000000000e+04 3.007532201155107508e-30
2.483200000000000000e+04 1.972152263052529514e-31
2.496000000000000000e+04 1.972152263052529514e-31
2.508800000000000000e+04 4.930380657631323784e-32
2.521600000000000000e+04 0.000000000000000000e+00
2.534400000000000000e+04 0.000000000000000000e+00
2.547200000000000000e+04 0.000000000000000000e+00
2.560000000000000000e+04 0.000000000000000000e+00
2.572800000000000000e+04 0.000000000000000000e+00
2.585600000000000000e+04 0.000000000000000000e+00
2.598400000000000000e+04 0.000000000000000000e+00
2.611200000000000000e+04 0.000000000000000000e+00
2.624000000000000000e+04 0.000000000000000000e+00
2.636800000000000000e+04 0.000000000000000000e+00
2.649600000000000000e+04 0.000000000000000000e+00
2.662400000000000000e+04 0.000000000000000000e+00
2.675200000000000000e+04 0.000000000000000000e+00
2.688000000000000000e+04 0.000000000000000000e+00
2.700800000000000000e+04 0.000000000000000000e+00
2.713600000000000000e+04 0.000000000000000000e+00
2.726400000000000000e+04 0.000000000000000000e+00
2.739200000000000000e+04 0.000000000000000000e+00
2.752000000000000000e+04 0.000000000000000000e+00
2.764800000000000000e+04 0.000000000000000000e+00
2.777600000000000000e+04 0.000000000000000000e+00
2.790400000000000000e+04 0.000000000000000000e+00
2.803200000000000000e+04 0.000000000000000000e+00
2.816000000000000000e+04 0.000000000000000000e+00
2.828800000000000000e+04 0.000000000000000000e+00
2.841600000000000000e+04 0.000000000000000000e+00
2.854400000000000000e+04 0.000000000000000000e+00
2.867200000000000000e+04 0.000000000000000000e+00
2.880000000000000000e+04 0.000000000000000000e+00
2.892800000000000000e+04 0.000000000000000000e+00
2.905600000000000000e+04 0.000000000000000000e+00
2.918400000000000000e+04 0.000000000000000000e+00
2.931200000000000000e+04 0.000000000000000000e+00
2.944000000000000000e+04 0.000000000000000000e+00
2.956800000000000000e+04 0.000000000000000000e+00
2.969600000000000000e+04 0.000000000000000000e+00
2.982400000000000000e+04 0.000000000000000000e+00
2.995200000000000000e+04 0.000000000000000000e+00
3.008000000000000000e+04 0.000000000000000000e+00
3.020800000000000000e+04 0.000000000000000000e+00
3.033600000000000000e+04 0.000000000000000000e+00
3.046400000000000000e+04 0.000000000000000000e+00
3.059200000000000000e+04 0.000000000000000000e+00
3.072000000000000000e+04 0.000000000000000000e+00
3.084800000000000000e+04 0.000000000000000000e+00
3.097600000000000000e+04 0.000000000000000000e+00
3.110400000000000000e+04 0.000000000000000000e+00
3.123200000000000000e+04 0.000000000000000000e+00
3.136000000000000000e+04 0.000000000000000000e+00
3.148800000000000000e+04 0.000000000000000000e+00
3.161600000000000000e+04 0.000000000000000000e+00
3.174400000000000000e+04 0.000000000000000000e+00
3.187200000000000000e+04 0.000000000000000000e+00
3.200000000000000000e+04 0.000000000000000000e+00
3.212800000000000000e+04 0.000000000000000000e+00
3.225600000000000000e+04 0.000000000000000000e+00
3.238400000000000000e+04 0.000000000000000000e+00
3.251200000000000000e+04 0.000000000000000000e+00
3.264000000000000000e+04 0.000000000000000000e+00
3.276800000000000000e+04 0.000000000000000000e+00
3.289600000000000000e+04 0.000000000000000000e+00
3.302400000000000000e+04 0.000000000000000000e+00
3.315200000000000000e+04 0.000000000000000000e+00
3.328000000000000000e+04 0.000000000000000000e+00
3.340800000000000000e+04 0.000000000000000000e+00
3.353600000000000000e+04 0.000000000000000000e+00
3.366400000000000000e+04 0.000000000000000000e+00
3.379200000000000000e+04 0.000000000000000000e+00
3.392000000000000000e+04 0.000000000000000000e+00
3.404800000000000000e+04 0.000000000000000000e+00
3.417600000000000000e+04 0.000000000000000000e+00
3.430400000000000000e+04 0.000000000000000000e+00
3.443200000000000000e+04 0.000000000000000000e+00
3.456000000000000000e+04 0.000000000000000000e+00
3.468800000000000000e+04 0.000000000000000000e+00
3.481600000000000000e+04 0.000000000000000000e+00
3.494400000000000000e+04 0.000000000000000000e+00
3.507200000000000000e+04 0.000000000000000000e+00
3.520000000000000000e+04 0.000000000000000000e+00
3.532800000000000000e+04 0.000000000000000000e+00
3.545600000000000000e+04 0.000000000000000000e+00
3.558400000000000000e+04 0.000000000000000000e+00
3.571200000000000000e+04 0.000000000000000000e+00
3.584000000000000000e+04 0.000000000000000000e+00
3.596800000000000000e+04 0.000000000000000000e+00
3.609600000000000000e+04 0.000000000000000000e+00
3.622400000000000000e+04 0.000000000000000000e+00
3.635200000000000000e+04 0.000000000000000000e+00
3.648000000000000000e+04 0.000000000000000000e+00
3.660800000000000000e+04 0.000000000000000000e+00
3.673600000000000000e+04 0.000000000000000000e+00
3.686400000000000000e+04 0.000000000000000000e+00
3.699200000000000000e+04 0.000000000000000000e+00
3.712000000000000000e+04 0.000000000000000000e+00
3.724800000000000000e+04 0.000000000000000000e+00
3.737600000000000000e+04 0.000000000000000000e+00
3.750400000000000000e+04 0.000000000000000000e+00
3.763200000000000000e+04 0.000000000000000000e+00
3.776000000000000000e+04 0.000000000000000000e+00
3.788800000000000000e+04 0.000000000000000000e+00
3.801600000000000000e+04 0.000000000000000000e+00
3.814400000000000000e+04 0.000000000000000000e+00
3.827200000000000000e+04 0.000000000000000000e+00
3.840000000000000000e+04 0.000000000000000000e+00
3.852800000000000000e+04 0.000000000000000000e+00
3.865600000000000000e+04 0.000000000000000000e+00
3.878400000000000000e+04 0.000000000000000000e+00
3.891200000000000000e+04 0.000000000000000000e+00
3.904000000000000000e+04 0.000000000000000000e+00
3.916800000000000000e+04 0.000000000000000000e+00
3.929600000000000000e+04 0.000000000000000000e+00
3.942400000000000000e+04 0.000000000000000000e+00
3.955200000000000000e+04 0.000000000000000000e+00
3.968000000000000000e+04 0.000000000000000000e+00
3.980800000000000000e+04 0.000000000000000000e+00
3.993600000000000000e+04 0.000000000000000000e+00
4.006400000000000000e+04 0.000000000000000000e+00
4.019200000000000000e+04 0.000000000000000000e+00
4.032000000000000000e+04 0.000000000000000000e+00
4.044800000000000000e+04 0.000000000000000000e+00
4.057600000000000000e+04 0.000000000000000000e+00
4.070400000000000000e+04 0.000000000000000000e+00
4.083200000000000000e+04 0.000000000000000000e+00
4.096000000000000000e+04 0.000000000000000000e+00
4.108800000000000000e+04 0.000000000000000000e+00
4.121600000000000000e+04 0.000000000000000000e+00
4.134400000000000000e+04 0.000000000000000000e+00
4.147200000000000000e+04 0.000000000000000000e+00
4.160000000000000000e+04 0.000000000000000000e+00
4.172800000000000000e+04 0.000000000000000000e+00
4.185600000000000000e+04 0.000000000000000000e+00
4.198400000000000000e+04 0.000000000000000000e+00
4.211200000000000000e+04 0.000000000000000000e+00
4.224000000000000000e+04 0.000000000000000000e+00
4.236800000000000000e+04 0.000000000000000000e+00
4.249600000000000000e+04 0.000000000000000000e+00
4.262400000000000000e+04 0.000000000000000000e+00
4.275200000000000000e+04 0.000000000000000000e+00
4.288000000000000000e+04 0.000000000000000000e+00
4.300800000000000000e+04 0.000000000000000000e+00
4.313600000000000000e+04 0.000000000000000000e+00
4.326400000000000000e+04 0.000000000000000000e+00
4.339200000000000000e+04 0.000000000000000000e+00
4.352000000000000000e+04 0.000000000000000000e+00
4.364800000000000000e+04 0.000000000000000000e+00
4.377600000000000000e+04 0.000000000000000000e+00
4.390400000000000000e+04 0.000000000000000000e+00
4.403200000000000000e+04 0.000000000000000000e+00
4.416000000000000000e+04 0.000000000000000000e+00
4.428800000000000000e+04 0.000000000000000000e+00
4.441600000000000000e+04 0.000000000000000000e+00
4.454400000000000000e+04 0.000000000000000000e+00
4.467200000000000000e+04 0.000000000000000000e+00
4.480000000000000000e+04 0.000000000000000000e+00
4.492800000000000000e+04 0.000000000000000000e+00
4.505600000000000000e+04 0.000000000000000000e+00
4.518400000000000000e+04 0.000000000000000000e+00
4.531200000000000000e+04 0.000000000000000000e+00
4.544000000000000000e+04 0.000000000000000000e+00
4.556800000000000000e+04 0.000000000000000000e+00
4.569600000000000000e+04 0.000000000000000000e+00
4.582400000000000000e+04 0.000000000000000000e+00
4.595200000000000000e+04 0.000000000000000000e+00
4.608000000000000000e+04 0.000000000000000000e+00
4.620800000000000000e+04 0.000000000000000000e+00
4.633600000000000000e+04 0.000000000000000000e+00
4.646400000000000000e+04 0.000000000000000000e+00
4.659200000000000000e+04 0.000000000000000000e+00
4.672000000000000000e+04 0.000000000000000000e+00
4.684800000000000000e+04 0.000000000000000000e+00
4.697600000000000000e+04 0.000000000000000000e+00
4.710400000000000000e+04 0.000000000000000000e+00
4.723200000000000000e+04 0.000000000000000000e+00
4.736000000000000000e+04 0.000000000000000000e+00
4.748800000000000000e+04 0.000000000000000000e+00
4.761600000000000000e+04 0.000000000000000000e+00
4.774400000000000000e+04 0.000000000000000000e+00
4.787200000000000000e+04 0.000000000000000000e+00
4.800000000000000000e+04 0.000000000000000000e+00
4.812800000000000000e+04 0.000000000000000000e+00
4.825600000000000000e+04 0.000000000000000000e+00
4.838400000000000000e+04 0.000000000000000000e+00
4.851200000000000000e+04 0.000000000000000000e+00
4.864000000000000000e+04 0.000000000000000000e+00
4.876800000000000000e+04 0.000000000000000000e+00
4.889600000000000000e+04 0.000000000000000000e+00
4.902400000000000000e+04 0.000000000000000000e+00
4.915200000000000000e+04 0.000000000000000000e+00
4.928000000000000000e+04 0.000000000000000000e+00
4.940800000000000000e+04 0.000000000000000000e+00
4.953600000000000000e+04 0.000000000000000000e+00
4.966400000000000000e+04 0.000000000000000000e+00
4.979200000000000000e+04 0.000000000000000000e+00
4.992000000000000000e+04 0.000000000000000000e+00
5.004800000000000000e+04 0.000000000000000000e+00
5.017600000000000000e+04 0.000000000000000000e+00
5.030400000000000000e+04 0.000000000000000000e+00
5.043200000000000000e+04 0.000000000000000000e+00
5.056000000000000000e+04 0.000000000000000000e+00
5.068800000000000000e+04 0.000000000000000000e+00
5.081600000000000000e+04 0.000000000000000000e+00
5.094400000000000000e+04 0.000000000000000000e+00
5.107200000000000000e+04 0.000000000000000000e+00
5.120000000000000000e+04 0.000000000000000000e+00
5.132800000000000000e+04 0.000000000000000000e+00
5.145600000000000000e+04 0.000000000000000000e+00
5.158400000000000000e+04 0.000000000000000000e+00
5.171200000000000000e+04 0.000000000000000000e+00
5.184000000000000000e+04 0.000000000000000000e+00
5.196800000000000000e+04 0.000000000000000000e+00
5.209600000000000000e+04 0.000000000000000000e+00
5.222400000000000000e+04 0.000000000000000000e+00
5.235200000000000000e+04 0.000000000000000000e+00
5.248000000000000000e+04 0.000000000000000000e+00
5.260800000000000000e+04 0.000000000000000000e+00
5.273600000000000000e+04 0.000000000000000000e+00
5.286400000000000000e+04 0.000000000000000000e+00
5.299200000000000000e+04 0.000000000000000000e+00
5.312000000000000000e+04 0.000000000000000000e+00
5.324800000000000000e+04 0.000000000000000000e+00
5.337600000000000000e+04 0.000000000000000000e+00
5.350400000000000000e+04 0.000000000000000000e+00
5.363200000000000000e+04 0.000000000000000000e+00
5.376000000000000000e+04 0.000000000000000000e+00
5.388800000000000000e+04 0.000000000000000000e+00
5.401600000000000000e+04 0.000000000000000000e+00
5.414400000000000000e+04 0.000000000000000000e+00
5.427200000000000000e+04 0.000000000000000000e+00
5.440000000000000000e+04 0.000000000000000000e+00
5.452800000000000000e+04 0.000000000000000000e+00
5.465600000000000000e+04 0.000000000000000000e+00
5.478400000000000000e+04 0.000000000000000000e+00
5.491200000000000000e+04 0.000000000000000000e+00
5.504000000000000000e+04 0.000000000000000000e+00
5.516800000000000000e+04 0.000000000000000000e+00
5.529600000000000000e+04 0.000000000000000000e+00
5.542400000000000000e+04 0.000000000000000000e+00
5.555200000000000000e+04 0.000000000000000000e+00
5.568000000000000000e+04 0.000000000000000000e+00
5.580800000000000000e+04 0.000000000000000000e+00
5.593600000000000000e+04 0.000000000000000000e+00
5.606400000000000000e+04 0.000000000000000000e+00
5.619200000000000000e+04 0.000000000000000000e+00
5.632000000000000000e+04 0.000000000000000000e+00
5.644800000000000000e+04 0.000000000000000000e+00
5.657600000000000000e+04 0.000000000000000000e+00
5.670400000000000000e+04 0.000000000000000000e+00
5.683200000000000000e+04 0.000000000000000000e+00
5.696000000000000000e+04 0.000000000000000000e+00
5.708800000000000000e+04 0.000000000000000000e+00
5.721600000000000000e+04 0.000000000000000000e+00
5.734400000000000000e+04 0.000000000000000000e+00
5.747200000000000000e+04 0.000000000000000000e+00
5.760000000000000000e+04 0.000000000000000000e+00
5.772800000000000000e+04 0.000000000000000000e+00
5.785600000000000000e+04 0.000000000000000000e+00
5.798400000000000000e+04 0.000000000000000000e+00
5.811200000000000000e+04 0.000000000000000000e+00
5.824000000000000000e+04 0.000000000000000000e+00
5.836800000000000000e+04 0.000000000000000000e+00
5.849600000000000000e+04 0.000000000000000000e+00
5.862400000000000000e+04 0.000000000000000000e+00
5.875200000000000000e+04 0.000000000000000000e+00
5.888000000000000000e+04 0.000000000000000000e+00
5.900800000000000000e+04 0.000000000000000000e+00
5.913600000000000000e+04 0.000000000000000000e+00
5.926400000000000000e+04 0.000000000000000000e+00
5.939200000000000000e+04 0.000000000000000000e+00
5.952000000000000000e+04 0.000000000000000000e+00
5.964800000000000000e+04 0.000000000000000000e+00
5.977600000000000000e+04 0.000000000000000000e+00
5.990400000000000000e+04 0.000000000000000000e+00
6.003200000000000000e+04 0.000000000000000000e+00
6.016000000000000000e+04 0.000000000000000000e+00
6.028800000000000000e+04 0.000000000000000000e+00
6.041600000000000000e+04 0.000000000000000000e+00
6.054400000000000000e+04 0.000000000000000000e+00
6.067200000000000000e+04 0.000000000000000000e+00
6.080000000000000000e+04 0.000000000000000000e+00
6.092800000000000000e+04 0.000000000000000000e+00
6.105600000000000000e+04 0.000000000000000000e+00
6.118400000000000000e+04 0.000000000000000000e+00
6.131200000000000000e+04 0.000000000000000000e+00
6.144000000000000000e+04 0.000000000000000000e+00
6.156800000000000000e+04 0.000000000000000000e+00
6.169600000000000000e+04 0.000000000000000000e+00
6.182400000000000000e+04 0.000000000000000000e+00
6.195200000000000000e+04 0.000000000000000000e+00
6.208000000000000000e+04 0.000000000000000000e+00
6.220800000000000000e+04 0.000000000000000000e+00
6.233600000000000000e+04 0.000000000000000000e+00
6.246400000000000000e+04 0.000000000000000000e+00
6.259200000000000000e+04 0.000000000000000000e+00
6.272000000000000000e+04 0.000000000000000000e+00
6.284800000000000000e+04 0.000000000000000000e+00
6.297600000000000000e+04 0.000000000000000000e+00
6.310400000000000000e+04 0.000000000000000000e+00
6.323200000000000000e+04 0.000000000000000000e+00
6.336000000000000000e+04 0.000000000000000000e+00
6.348800000000000000e+04 0.000000000000000000e+00
6.361600000000000000e+04 0.000000000000000000e+00
6.374400000000000000e+04 0.000000000000000000e+00
6.387200000000000000e+04 0.000000000000000000e+00
6.400000000000000000e+04 0.000000000000000000e+00
6.412800000000000000e+04 0.000000000000000000e+00
6.425600000000000000e+04 0.000000000000000000e+00
6.438400000000000000e+04 0.000000000000000000e+00
6.451200000000000000e+04 0.000000000000000000e+00
6.464000000000000000e+04 0.000000000000000000e+00
6.476800000000000000e+04 0.000000000000000000e+00
6.489600000000000000e+04 0.000000000000000000e+00
6.502400000000000000e+04 0.000000000000000000e+00
6.515200000000000000e+04 0.000000000000000000e+00
6.528000000000000000e+04 0.000000000000000000e+00
6.540800000000000000e+04 0.000000000000000000e+00
6.553600000000000000e+04 0.000000000000000000e+00
6.566400000000000000e+04 0.000000000000000000e+00
6.579200000000000000e+04 0.000000000000000000e+00
6.592000000000000000e+04 0.000000000000000000e+00
6.604800000000000000e+04 0.000000000000000000e+00
6.617600000000000000e+04 0.000000000000000000e+00
6.630400000000000000e+04 0.000000000000000000e+00
6.643200000000000000e+04 0.000000000000000000e+00
6.656000000000000000e+04 0.000000000000000000e+00
6.668800000000000000e+04 0.000000000000000000e+00
6.681600000000000000e+04 0.000000000000000000e+00
6.694400000000000000e+04 0.000000000000000000e+00
6.707200000000000000e+04 0.000000000000000000e+00
6.720000000000000000e+04 0.000000000000000000e+00
6.732800000000000000e+04 0.000000000000000000e+00
6.745600000000000000e+04 0.000000000000000000e+00
6.758400000000000000e+04 0.000000000000000000e+00
6.771200000000000000e+04 0.000000000000000000e+00
6.784000000000000000e+04 0.000000000000000000e+00
6.796800000000000000e+04 0.000000000000000000e+00
6.809600000000000000e+04 0.000000000000000000e+00
6.822400000000000000e+04 0.000000000000000000e+00
6.835200000000000000e+04 0.000000000000000000e+00
6.848000000000000000e+04 0.000000000000000000e+00
6.860800000000000000e+04 0.000000000000000000e+00
6.873600000000000000e+04 0.000000000000000000e+00
6.886400000000000000e+04 0.000000000000000000e+00
6.899200000000000000e+04 0.000000000000000000e+00
6.912000000000000000e+04 0.000000000000000000e+00
6.924800000000000000e+04 0.000000000000000000e+00
6.937600000000000000e+04 0.000000000000000000e+00
6.950400000000000000e+04 0.000000000000000000e+00
6.963200000000000000e+04 0.000000000000000000e+00
6.976000000000000000e+04 0.000000000000000000e+00
6.988800000000000000e+04 0.000000000000000000e+00
7.001600000000000000e+04 0.000000000000000000e+00
7.014400000000000000e+04 0.000000000000000000e+00
7.027200000000000000e+04 0.000000000000000000e+00
7.040000000000000000e+04 0.000000000000000000e+00
7.052800000000000000e+04 0.000000000000000000e+00
7.065600000000000000e+04 0.000000000000000000e+00
7.078400000000000000e+04 0.000000000000000000e+00
7.091200000000000000e+04 0.000000000000000000e+00
7.104000000000000000e+04 0.000000000000000000e+00
7.116800000000000000e+04 0.000000000000000000e+00
7.129600000000000000e+04 0.000000000000000000e+00
7.142400000000000000e+04 0.000000000000000000e+00
7.155200000000000000e+04 0.000000000000000000e+00
7.168000000000000000e+04 0.000000000000000000e+00
7.180800000000000000e+04 0.000000000000000000e+00
7.193600000000000000e+04 0.000000000000000000e+00
7.206400000000000000e+04 0.000000000000000000e+00
7.219200000000000000e+04 0.000000000000000000e+00
7.232000000000000000e+04 0.000000000000000000e+00
7.244800000000000000e+04 0.000000000000000000e+00
7.257600000000000000e+04 0.000000000000000000e+00
7.270400000000000000e+04 0.000000000000000000e+00
7.283200000000000000e+04 0.000000000000000000e+00
7.296000000000000000e+04 0.000000000000000000e+00
7.308800000000000000e+04 0.000000000000000000e+00
7.321600000000000000e+04 0.000000000000000000e+00
7.334400000000000000e+04 0.000000000000000000e+00
7.347200000000000000e+04 0.000000000000000000e+00
7.360000000000000000e+04 0.000000000000000000e+00
7.372800000000000000e+04 0.000000000000000000e+00
7.385600000000000000e+04 0.000000000000000000e+00
7.398400000000000000e+04 0.000000000000000000e+00
7.411200000000000000e+04 0.000000000000000000e+00
7.424000000000000000e+04 0.000000000000000000e+00
7.436800000000000000e+04 0.000000000000000000e+00
7.449600000000000000e+04 0.000000000000000000e+00
7.462400000000000000e+04 0.000000000000000000e+00
7.475200000000000000e+04 0.000000000000000000e+00
7.488000000000000000e+04 0.000000000000000000e+00
7.500800000000000000e+04 0.000000000000000000e+00
7.513600000000000000e+04 0.000000000000000000e+00
7.526400000000000000e+04 0.000000000000000000e+00
7.539200000000000000e+04 0.000000000000000000e+00
7.552000000000000000e+04 0.000000000000000000e+00
7.564800000000000000e+04 0.000000000000000000e+00
7.577600000000000000e+04 0.000000000000000000e+00
7.590400000000000000e+04 0.000000000000000000e+00
7.603200000000000000e+04 0.000000000000000000e+00
7.616000000000000000e+04 0.000000000000000000e+00
7.628800000000000000e+04 0.000000000000000000e+00
7.641600000000000000e+04 0.000000000000000000e+00
7.654400000000000000e+04 0.000000000000000000e+00
7.667200000000000000e+04 0.000000000000000000e+00
7.680000000000000000e+04 0.000000000000000000e+00
7.692800000000000000e+04 0.000000000000000000e+00
7.705600000000000000e+04 0.000000000000000000e+00
7.718400000000000000e+04 0.000000000000000000e+00
7.731200000000000000e+04 0.000000000000000000e+00
7.744000000000000000e+04 0.000000000000000000e+00
7.756800000000000000e+04 0.000000000000000000e+00
7.769600000000000000e+04 0.000000000000000000e+00
7.782400000000000000e+04 0.000000000000000000e+00
7.795200000000000000e+04 0.000000000000000000e+00
7.808000000000000000e+04 0.000000000000000000e+00
7.820800000000000000e+04 0.000000000000000000e+00
7.833600000000000000e+04 0.000000000000000000e+00
7.846400000000000000e+04 0.000000000000000000e+00
7.859200000000000000e+04 0.000000000000000000e+00
7.872000000000000000e+04 0.000000000000000000e+00
7.884800000000000000e+04 0.000000000000000000e+00
7.897600000000000000e+04 0.000000000000000000e+00
7.910400000000000000e+04 0.000000000000000000e+00
7.923200000000000000e+04 0.000000000000000000e+00
7.936000000000000000e+04 0.000000000000000000e+00
7.948800000000000000e+04 0.000000000000000000e+00
7.961600000000000000e+04 0.000000000000000000e+00
7.974400000000000000e+04 0.000000000000000000e+00
7.987200000000000000e+04 0.000000000000000000e+00
8.000000000000000000e+04 0.000000000000000000e+00
8.012800000000000000e+04 0.000000000000000000e+00
8.025600000000000000e+04 0.000000000000000000e+00
8.038400000000000000e+04 0.000000000000000000e+00
8.051200000000000000e+04 0.000000000000000000e+00
8.064000000000000000e+04 0.000000000000000000e+00
8.076800000000000000e+04 0.000000000000000000e+00
8.089600000000000000e+04 0.000000000000000000e+00
8.102400000000000000e+04 0.000000000000000000e+00
8.115200000000000000e+04 0.000000000000000000e+00
8.128000000000000000e+04 0.000000000000000000e+00
8.140800000000000000e+04 0.000000000000000000e+00
8.153600000000000000e+04 0.000000000000000000e+00
8.166400000000000000e+04 0.000000000000000000e+00
8.179200000000000000e+04 0.000000000000000000e+00
8.192000000000000000e+04 0.000000000000000000e+00
8.204800000000000000e+04 0.000000000000000000e+00
8.217600000000000000e+04 0.000000000000000000e+00
8.230400000000000000e+04 0.000000000000000000e+00
8.243200000000000000e+04 0.000000000000000000e+00
8.256000000000000000e+04 0.000000000000000000e+00
8.268800000000000000e+04 0.000000000000000000e+00
8.281600000000000000e+04 0.000000000000000000e+00
8.294400000000000000e+04 0.000000000000000000e+00
8.307200000000000000e+04 0.000000000000000000e+00
8.320000000000000000e+04 0.000000000000000000e+00
8.332800000000000000e+04 0.000000000000000000e+00
8.345600000000000000e+04 0.000000000000000000e+00
8.358400000000000000e+04 0.000000000000000000e+00
8.371200000000000000e+04 0.000000000000000000e+00
8.384000000000000000e+04 0.000000000000000000e+00
8.396800000000000000e+04 0.000000000000000000e+00
8.409600000000000000e+04 0.000000000000000000e+00
8.422400000000000000e+04 0.000000000000000000e+00
8.435200000000000000e+04 0.000000000000000000e+00
8.448000000000000000e+04 0.000000000000000000e+00
8.460800000000000000e+04 0.000000000000000000e+00
8.473600000000000000e+04 0.000000000000000000e+00
8.486400000000000000e+04 0.000000000000000000e+00
8.499200000000000000e+04 0.000000000000000000e+00
8.512000000000000000e+04 0.000000000000000000e+00
8.524800000000000000e+04 0.000000000000000000e+00
8.537600000000000000e+04 0.000000000000000000e+00
8.550400000000000000e+04 0.000000000000000000e+00
8.563200000000000000e+04 0.000000000000000000e+00
8.576000000000000000e+04 0.000000000000000000e+00
8.588800000000000000e+04 0.000000000000000000e+00
8.601600000000000000e+04 0.000000000000000000e+00
8.614400000000000000e+04 0.000000000000000000e+00
8.627200000000000000e+04 0.000000000000000000e+00
8.640000000000000000e+04 0.000000000000000000e+00
8.652800000000000000e+04 0.000000000000000000e+00
8.665600000000000000e+04 0.000000000000000000e+00
8.678400000000000000e+04 0.000000000000000000e+00
8.691200000000000000e+04 0.000000000000000000e+00
8.704000000000000000e+04 0.000000000000000000e+00
8.716800000000000000e+04 0.000000000000000000e+00
8.729600000000000000e+04 0.000000000000000000e+00
8.742400000000000000e+04 0.000000000000000000e+00
8.755200000000000000e+04 0.000000000000000000e+00
8.768000000000000000e+04 0.000000000000000000e+00
8.780800000000000000e+04 0.000000000000000000e+00
8.793600000000000000e+04 0.000000000000000000e+00
8.806400000000000000e+04 0.000000000000000000e+00
8.819200000000000000e+04 0.000000000000000000e+00
8.832000000000000000e+04 0.000000000000000000e+00
8.844800000000000000e+04 0.000000000000000000e+00
8.857600000000000000e+04 0.000000000000000000e+00
8.870400000000000000e+04 0.000000000000000000e+00
8.883200000000000000e+04 0.000000000000000000e+00
8.896000000000000000e+04 0.000000000000000000e+00
8.908800000000000000e+04 0.000000000000000000e+00
8.921600000000000000e+04 0.000000000000000000e+00
8.934400000000000000e+04 0.000000000000000000e+00
8.947200000000000000e+04 0.000000000000000000e+00
8.960000000000000000e+04 0.000000000000000000e+00
8.972800000000000000e+04 0.000000000000000000e+00
8.985600000000000000e+04 0.000000000000000000e+00
8.998400000000000000e+04 0.000000000000000000e+00
9.011200000000000000e+04 0.000000000000000000e+00
9.024000000000000000e+04 0.000000000000000000e+00
9.036800000000000000e+04 0.000000000000000000e+00
9.049600000000000000e+04 0.000000000000000000e+00
9.062400000000000000e+04 0.000000000000000000e+00
9.075200000000000000e+04 0.000000000000000000e+00
9.088000000000000000e+04 0.000000000000000000e+00
9.100800000000000000e+04 0.000000000000000000e+00
9.113600000000000000e+04 0.000000000000000000e+00
9.126400000000000000e+04 0.000000000000000000e+00
9.139200000000000000e+04 0.000000000000000000e+00
9.152000000000000000e+04 0.000000000000000000e+00
9.164800000000000000e+04 0.000000000000000000e+00
9.177600000000000000e+04 0.000000000000000000e+00
9.190400000000000000e+04 0.000000000000000000e+00
9.203200000000000000e+04 0.000000000000000000e+00
9.216000000000000000e+04 0.000000000000000000e+00
9.228800000000000000e+04 0.000000000000000000e+00
9.241600000000000000e+04 0.000000000000000000e+00
9.254400000000000000e+04 0.000000000000000000e+00
9.267200000000000000e+04 0.000000000000000000e+00
9.280000000000000000e+04 0.000000000000000000e+00
9.292800000000000000e+04 0.000000000000000000e+00
9.305600000000000000e+04 0.000000000000000000e+00
9.318400000000000000e+04 0.000000000000000000e+00
9.331200000000000000e+04 0.000000000000000000e+00
9.344000000000000000e+04 0.000000000000000000e+00
9.356800000000000000e+04 0.000000000000000000e+00
9.369600000000000000e+04 0.000000000000000000e+00
9.382400000000000000e+04 0.000000000000000000e+00
9.395200000000000000e+04 0.000000000000000000e+00
9.408000000000000000e+04 0.000000000000000000e+00
9.420800000000000000e+04 0.000000000000000000e+00
9.433600000000000000e+04 0.000000000000000000e+00
9.446400000000000000e+04 0.000000000000000000e+00
9.459200000000000000e+04 0.000000000000000000e+00
9.472000000000000000e+04 0.000000000000000000e+00
9.484800000000000000e+04 0.000000000000000000e+00
9.497600000000000000e+04 0.000000000000000000e+00
9.510400000000000000e+04 0.000000000000000000e+00
9.523200000000000000e+04 0.000000000000000000e+00
9.536000000000000000e+04 0.000000000000000000e+00
9.548800000000000000e+04 0.000000000000000000e+00
9.561600000000000000e+04 0.000000000000000000e+00
9.574400000000000000e+04 0.000000000000000000e+00
9.587200000000000000e+04 0.000000000000000000e+00
9.600000000000000000e+04 0.000000000000000000e+00
9.612800000000000000e+04 0.000000000000000000e+00
9.625600000000000000e+04 0.000000000000000000e+00
9.638400000000000000e+04 0.000000000000000000e+00
9.651200000000000000e+04 0.000000000000000000e+00
9.664000000000000000e+04 0.000000000000000000e+00
9.676800000000000000e+04 0.000000000000000000e+00
9.689600000000000000e+04 0.000000000000000000e+00
9.702400000000000000e+04 0.000000000000000000e+00
9.715200000000000000e+04 0.000000000000000000e+00
9.728000000000000000e+04 0.000000000000000000e+00
9.740800000000000000e+04 0.000000000000000000e+00
9.753600000000000000e+04 0.000000000000000000e+00
9.766400000000000000e+04 0.000000000000000000e+00
9.779200000000000000e+04 0.000000000000000000e+00
9.792000000000000000e+04 0.000000000000000000e+00
9.804800000000000000e+04 0.000000000000000000e+00
9.817600000000000000e+04 0.000000000000000000e+00
9.830400000000000000e+04 0.000000000000000000e+00
9.843200000000000000e+04 0.000000000000000000e+00
9.856000000000000000e+04 0.000000000000000000e+00
9.868800000000000000e+04 0.000000000000000000e+00
9.881600000000000000e+04 0.000000000000000000e+00
9.894400000000000000e+04 0.000000000000000000e+00
9.907200000000000000e+04 0.000000000000000000e+00
9.920000000000000000e+04 0.000000000000000000e+00
9.932800000000000000e+04 0.000000000000000000e+00
9.945600000000000000e+04 0.000000000000000000e+00
9.958400000000000000e+04 0.000000000000000000e+00
9.971200000000000000e+04 0.000000000000000000e+00
9.984000000000000000e+04 0.000000000000000000e+00
9.996800000000000000e+04 0.000000000000000000e+00
1.000960000000000000e+05 0.000000000000000000e+00
