5.120000000000000000e+02 2.520659155830243803e-01
1.024000000000000000e+03 2.520659155830243803e-01
1.536000000000000000e+03 2.520659155830243803e-01
2.048000000000000000e+03 2.520659155830243803e-01
2.560000000000000000e+03 2.520659155830243803e-01
3.072000000000000000e+03 2.520659155830243803e-01
3.584000000000000000e+03 2.520548171918041147e-01
4.096000000000000000e+03 2.520548171918041147e-01
4.608000000000000000e+03 2.520548171918041147e-01
5.120000000000000000e+03 2.081954852030770686e-01
5.632000000000000000e+03 2.081954852030770686e-01
6.144000000000000000e+03 7.114964786755512138e-02
6.656000000000000000e+03 7.114964786755512138e-02
7.168000000000000000e+03 7.114964786755512138e-02
7.680000000000000000e+03 7.114964786755512138e-02
8.192000000000000000e+03 7.114964786755512138e-02
8.704000000000000000e+03 7.114964786755512138e-02
9.216000000000000000e+03 7.114964786755512138e-02
9.728000000000000000e+03 7.114964786755512138e-02
1.024000000000000000e+04 7.114964786755512138e-02
1.075200000000000000e+04 6.851979275778784240e-02
1.126400000000000000e+04 6.851979275778784240e-02
1.177600000000000000e+04 3.438340499752201573e-02
1.228800000000000000e+04 3.438340499752201573e-02
1.280000000000000000e+04 1.747852249521258949e-02
1.331200000000000000e+04 1.747852249521258949e-02
1.382400000000000000e+04 1.747852249521258949e-02
1.433600000000000000e+04 1.747852249521258949e-02
1.484800000000000000e+04 1.747852249521258949e-02
1.536000000000000000e+04 1.332014516945020065e-02
1.587200000000000000e+04 1.818683105803187746e-04
1.638400000000000000e+04 1.818683105803187746e-04
1.689600000000000000e+04 1.818683105803187746e-04
1.740800000000000000e+04 1.818683105803187746e-04
1.792000000000000000e+04 1.818683105803187746e-04
1.843200000000000000e+04 1.818683105803187746e-04
1.894400000000000000e+04 1.818683105803187746e-04
1.945600000000000000e+04 1.818683105803187746e-04
1.996800000000000000e+04 1.818683105803187746e-04
2.048000000000000000e+04 1.818683105803187746e-04
2.099200000000000000e+04 1.423274231439861396e-04
2.150400000000000000e+04 1.423274231439861396e-04
2.201600000000000000e+04 1.423274231439861396e-04
2.252800000000000000e+04 1.423274231439861396e-04
2.304000000000000000e+04 1.423274231439861396e-04
2.355200000000000000e+04 1.423274231439861396e-04
2.406400000000000000e+04 8.097991718692876717e-05
2.457600000000000000e+04 1.129357153697722175e-05
2.508800000000000000e+04 1.129357153697722175e-05
2.560000000000000000e+04 6.515094231945630577e-06
2.611200000000000000e+04 6.515094231945630577e-06
2.662400000000000000e+04 6.515094231945630577e-06
2.713600000000000000e+04 5.161598067842977915e-06
2.764800000000000000e+04 5.161598067842977915e-06
2.816000000000000000e+04 5.161598067842977915e-06
2.867200000000000000e+04 1.506186782227117898e-06
2.918400000000000000e+04 1.506186782227117898e-06
2.969600000000000000e+04 1.370162915433347741e-07
3.020800000000000000e+04 6.132806221181884423e-08
3.072000000000000000e+04 3.696258025891648841e-08
3.123200000000000000e+04 3.193242738720131720e-08
3.174400000000000000e+04 3.193242738720131720e-08
3.225600000000000000e+04 1.584784853660168369e-08
3.276800000000000000e+04 1.584784853660168369e-08
3.328000000000000000e+04 1.584784853660168369e-08
3.379200000000000000e+04 1.584784853660168369e-08
3.430400000000000000e+04 1.584784853660168369e-08
3.481600000000000000e+04 1.423856003792818064e-10
3.532800000000000000e+04 1.423856003792818064e-10
3.584000000000000000e+04 1.423856003792818064e-10
3.635200000000000000e+04 1.423856003792818064e-10
3.686400000000000000e+04 4.134458553168173181e-11
3.737600000000000000e+04 4.134458553168173181e-11
3.788800000000000000e+04 4.134458553168173181e-11
3.840000000000000000e+04 4.134458553168173181e-11
3.891200000000000000e+04 1.098266196956303867e-11
3.942400000000000000e+04 1.098266196956303867e-11
3.993600000000000000e+04 1.098266196956303867e-11
4.044800000000000000e+04 1.098266196956303867e-11
4.096000000000000000e+04 1.098266196956303867e-11
4.147200000000000000e+04 1.098266196956303867e-11
4.198400000000000000e+04 1.098266196956303867e-11
4.249600000000000000e+04 1.098266196956303867e-11
4.300800000000000000e+04 1.098266196956303867e-11
4.352000000000000000e+04 1.642553909993290536e-13
4.403200000000000000e+04 1.642553909993290536e-13
4.454400000000000000e+04 1.642553909993290536e-13
4.505600000000000000e+04 1.642553909993290536e-13
4.556800000000000000e+04 1.642553909993290536e-13
4.608000000000000000e+04 1.409136473675658976e-13
4.659200000000000000e+04 1.409136473675658976e-13
4.710400000000000000e+04 8.924207798855477523e-14
4.761600000000000000e+04 8.924207798855477523e-14
4.812800000000000000e+04 8.924207798855477523e-14
4.864000000000000000e+04 8.924207798855477523e-14
4.915200000000000000e+04 8.924207798855477523e-14
4.966400000000000000e+04 8.924207798855477523e-14
5.017600000000000000e+04 3.635551050026391625e-15
5.068800000000000000e+04 3.635551050026391625e-15
5.120000000000000000e+04 3.635551050026391625e-15
5.171200000000000000e+04 3.635551050026391625e-15
5.222400000000000000e+04 3.635551050026391625e-15
5.273600000000000000e+04 3.635551050026391625e-15
5.324800000000000000e+04 3.635551050026391625e-15
5.376000000000000000e+04 3.635551050026391625e-15
5.427200000000000000e+04 3.635551050026391625e-15
5.478400000000000000e+04 1.476043107377586983e-15
5.529600000000000000e+04 9.720519995736052221e-16
5.580800000000000000e+04 9.720519995736052221e-16
5.632000000000000000e+04 9.720519995736052221e-16
5.683200000000000000e+04 9.668113735335353597e-17
5.734400000000000000e+04 9.668113735335353597e-17
5.785600000000000000e+04 9.668113735335353597e-17
5.836800000000000000e+04 9.668113735335353597e-17
5.888000000000000000e+04 8.353019603360890876e-17
5.939200000000000000e+04 2.082560440706787404e-17
5.990400000000000000e+04 2.082560440706787404e-17
6.041600000000000000e+04 1.483527387359845396e-17
6.092800000000000000e+04 2.436971900136065775e-18
6.144000000000000000e+04 2.436971900136065775e-18
6.195200000000000000e+04 2.436971900136065775e-18
6.246400000000000000e+04 2.436971900136065775e-18
6.297600000000000000e+04 2.436971900136065775e-18
6.348800000000000000e+04 2.248688570850503406e-19
6.400000000000000000e+04 2.248688570850503406e-19
6.451200000000000000e+04 2.248688570850503406e-19
6.502400000000000000e+04 2.248688570850503406e-19
6.553600000000000000e+04 2.248688570850503406e-19
6.604800000000000000e+04 2.248688570850503406e-19
6.656000000000000000e+04 2.122718509685285697e-19
6.707200000000000000e+04 8.680910937761565286e-20
6.758400000000000000e+04 8.680910937761565286e-20
6.809600000000000000e+04 6.245040397275833079e-20
6.860800000000000000e+04 4.127999338368844839e-20
6.912000000000000000e+04 2.041055830079811463e-20
6.963200000000000000e+04 2.041055830079811463e-20
7.014400000000000000e+04 2.041055830079811463e-20
7.065600000000000000e+04 8.448593689745745017e-21
7.116800000000000000e+04 8.448593689745745017e-21
7.168000000000000000e+04 7.665378474607305245e-21
7.219200000000000000e+04 4.076791353484592954e-21
7.270400000000000000e+04 1.156233976498424259e-21
7.321600000000000000e+04 1.156233976498424259e-21
7.372800000000000000e+04 5.257919512965550741e-23
7.424000000000000000e+04 3.641752081897681508e-23
7.475200000000000000e+04 3.641752081897681508e-23
7.526400000000000000e+04 3.641752081897681508e-23
7.577600000000000000e+04 3.641752081897681508e-23
7.628800000000000000e+04 3.641752081897681508e-23
7.680000000000000000e+04 3.641752081897681508e-23
7.731200000000000000e+04 3.641752081897681508e-23
7.782400000000000000e+04 3.184577856487572918e-23
7.833600000000000000e+04 2.604831276580077284e-23
7.884800000000000000e+04 2.604831276580077284e-23
7.936000000000000000e+04 2.604831276580077284e-23
7.987200000000000000e+04 1.265840228144173199e-25
8.038400000000000000e+04 1.265840228144173199e-25
8.089600000000000000e+04 1.265840228144173199e-25
8.140800000000000000e+04 1.265840228144173199e-25
8.192000000000000000e+04 1.265840228144173199e-25
8.243200000000000000e+04 1.265840228144173199e-25
8.294400000000000000e+04 1.265840228144173199e-25
8.345600000000000000e+04 1.265840228144173199e-25
8.396800000000000000e+04 9.158119209196799129e-26
8.448000000000000000e+04 9.158119209196799129e-26
8.499200000000000000e+04 9.158119209196799129e-26
8.550400000000000000e+04 9.158119209196799129e-26
8.601600000000000000e+04 7.218156168862780121e-26
8.652800000000000000e+04 1.677162657925789780e-26
8.704000000000000000e+04 9.451342505452942441e-27
8.755200000000000000e+04 8.068087234099542318e-27
8.806400000000000000e+04 8.068087234099542318e-27
8.857600000000000000e+04 8.068087234099542318e-27
8.908800000000000000e+04 8.068087234099542318e-27
8.960000000000000000e+04 4.571572205272204195e-28
9.011200000000000000e+04 4.571572205272204195e-28
9.062400000000000000e+04 4.571572205272204195e-28
9.113600000000000000e+04 4.571572205272204195e-28
9.164800000000000000e+04 4.571572205272204195e-28
9.216000000000000000e+04 4.571572205272204195e-28
9.267200000000000000e+04 4.571572205272204195e-28
9.318400000000000000e+04 4.571572205272204195e-28
9.369600000000000000e+04 4.067071004480078989e-28
9.420800000000000000e+04 3.101209433650102660e-29
9.472000000000000000e+04 3.101209433650102660e-29
9.523200000000000000e+04 3.101209433650102660e-29
9.574400000000000000e+04 1.391599940616441138e-29
9.625600000000000000e+04 1.391599940616441138e-29
9.676800000000000000e+04 1.391599940616441138e-29
9.728000000000000000e+04 1.391599940616441138e-29
9.779200000000000000e+04 1.391599940616441138e-29
9.830400000000000000e+04 1.203012880462043003e-29
9.881600000000000000e+04 6.162975822039154730e-30
9.932800000000000000e+04 6.162975822039154730e-30
9.984000000000000000e+04 1.232595164407830946e-30
1.003520000000000000e+05 3.081487911019577365e-31
