5.120000000000000000e+02 3.362691155602986814e+00
1.024000000000000000e+03 1.266409410980277039e-01
1.536000000000000000e+03 1.266409410980277039e-01
2.048000000000000000e+03 1.266409410980277039e-01
2.560000000000000000e+03 1.049616710197223413e-01
3.072000000000000000e+03 1.049616710197223413e-01
3.584000000000000000e+03 1.049616710197223413e-01
4.096000000000000000e+03 1.049616710197223413e-01
4.608000000000000000e+03 1.049616710197223413e-01
5.120000000000000000e+03 1.049616710197223413e-01
5.632000000000000000e+03 1.049616710197223413e-01
6.144000000000000000e+03 1.049616710197223413e-01
6.656000000000000000e+03 4.899828160726809462e-02
7.168000000000000000e+03 4.899828160726809462e-02
7.680000000000000000e+03 4.899828160726809462e-02
8.192000000000000000e+03 4.899828160726809462e-02
8.704000000000000000e+03 4.899828160726809462e-02
9.216000000000000000e+03 4.899828160726809462e-02
9.728000000000000000e+03 4.899828160726809462e-02
1.024000000000000000e+04 4.899828160726809462e-02
1.075200000000000000e+04 3.145986031862567367e-02
1.126400000000000000e+04 3.145986031862567367e-02
1.177600000000000000e+04 3.145986031862567367e-02
1.228800000000000000e+04 2.157742231275429357e-02
1.280000000000000000e+04 2.157742231275429357e-02
1.331200000000000000e+04 2.157742231275429357e-02
1.382400000000000000e+04 2.157742231275429357e-02
1.433600000000000000e+04 2.157742231275429357e-02
1.484800000000000000e+04 2.157742231275429357e-02
1.536000000000000000e+04 5.787064681183033341e-03
1.587200000000000000e+04 3.710642537753406148e-03
1.638400000000000000e+04 3.710642537753406148e-03
1.689600000000000000e+04 3.710642537753406148e-03
1.740800000000000000e+04 3.710642537753406148e-03
1.792000000000000000e+04 1.223597713993483790e-03
1.843200000000000000e+04 1.223597713993483790e-03
1.894400000000000000e+04 4.579003546723537320e-04
1.945600000000000000e+04 4.579003546723537320e-04
1.996800000000000000e+04 4.579003546723537320e-04
2.048000000000000000e+04 4.579003546723537320e-04
2.099200000000000000e+04 4.579003546723537320e-04
2.150400000000000000e+04 4.579003546723537320e-04
2.201600000000000000e+04 4.579003546723537320e-04
2.252800000000000000e+04 4.579003546723537320e-04
2.304000000000000000e+04 4.579003546723537320e-04
2.355200000000000000e+04 4.579003546723537320e-04
2.406400000000000000e+04 2.957211842384027830e-04
2.457600000000000000e+04 2.957211842384027830e-04
2.508800000000000000e+04 5.321999961419337426e-05
2.560000000000000000e+04 5.321999961419337426e-05
2.611200000000000000e+04 5.321999961419337426e-05
2.662400000000000000e+04 3.466226919514605421e-06
2.713600000000000000e+04 3.466226919514605421e-06
2.764800000000000000e+04 3.466226919514605421e-06
2.816000000000000000e+04 1.438319174902828013e-06
2.867200000000000000e+04 1.438319174902828013e-06
2.918400000000000000e+04 1.438319174902828013e-06
2.969600000000000000e+04 1.438319174902828013e-06
3.020800000000000000e+04 1.438319174902828013e-06
3.072000000000000000e+04 1.438319174902828013e-06
3.123200000000000000e+04 2.348711421195018416e-07
3.174400000000000000e+04 2.187940334290197071e-07
3.225600000000000000e+04 2.187940334290197071e-07
3.276800000000000000e+04 2.187940334290197071e-07
3.328000000000000000e+04 2.187940334290197071e-07
3.379200000000000000e+04 2.187940334290197071e-07
3.430400000000000000e+04 2.187940334290197071e-07
3.481600000000000000e+04 2.187940334290197071e-07
3.532800000000000000e+04 2.187940334290197071e-07
3.584000000000000000e+04 1.413899555190496865e-07
3.635200000000000000e+04 8.381934678440005099e-08
3.686400000000000000e+04 8.381934678440005099e-08
3.737600000000000000e+04 9.152929278202009045e-09
3.788800000000000000e+04 9.152929278202009045e-09
3.840000000000000000e+04 9.152929278202009045e-09
3.891200000000000000e+04 4.563387519116664434e-11
3.942400000000000000e+04 4.563387519116664434e-11
3.993600000000000000e+04 4.563387519116664434e-11
4.044800000000000000e+04 4.563387519116664434e-11
4.096000000000000000e+04 4.563387519116664434e-11
4.147200000000000000e+04 4.563387519116664434e-11
4.198400000000000000e+04 4.563387519116664434e-11
4.249600000000000000e+04 4.563387519116664434e-11
4.300800000000000000e+04 4.563387519116664434e-11
4.352000000000000000e+04 3.373137410892234271e-11
4.403200000000000000e+04 3.373137410892234271e-11
4.454400000000000000e+04 3.373137410892234271e-11
4.505600000000000000e+04 3.373137410892234271e-11
4.556800000000000000e+04 3.373137410892234271e-11
4.608000000000000000e+04 3.373137410892234271e-11
4.659200000000000000e+04 3.373137410892234271e-11
4.710400000000000000e+04 2.590833701454912039e-12
4.761600000000000000e+04 2.590833701454912039e-12
4.812800000000000000e+04 2.590833701454912039e-12
4.864000000000000000e+04 2.590833701454912039e-12
4.915200000000000000e+04 2.590833701454912039e-12
4.966400000000000000e+04 1.351941875430466593e-12
5.017600000000000000e+04 1.351941875430466593e-12
5.068800000000000000e+04 1.351941875430466593e-12
5.120000000000000000e+04 9.901587105325318870e-13
5.171200000000000000e+04 5.551664664689252903e-13
5.222400000000000000e+04 1.404163701902688642e-13
5.273600000000000000e+04 1.404163701902688642e-13
5.324800000000000000e+04 1.404163701902688642e-13
5.376000000000000000e+04 1.404163701902688642e-13
5.427200000000000000e+04 1.404163701902688642e-13
5.478400000000000000e+04 7.925448332445076325e-14
5.529600000000000000e+04 1.158927705549429017e-14
5.580800000000000000e+04 1.158927705549429017e-14
5.632000000000000000e+04 9.160509153528218642e-15
5.683200000000000000e+04 9.160509153528218642e-15
5.734400000000000000e+04 4.391278023555950863e-15
5.785600000000000000e+04 4.391278023555950863e-15
5.836800000000000000e+04 4.391278023555950863e-15
5.888000000000000000e+04 3.125188398941268692e-15
5.939200000000000000e+04 3.125188398941268692e-15
5.990400000000000000e+04 1.982038741454203634e-16
6.041600000000000000e+04 1.982038741454203634e-16
6.092800000000000000e+04 1.982038741454203634e-16
6.144000000000000000e+04 1.229723082812422178e-16
6.195200000000000000e+04 1.229723082812422178e-16
6.246400000000000000e+04 3.316452548061124272e-17
6.297600000000000000e+04 3.316452548061124272e-17
6.348800000000000000e+04 3.316452548061124272e-17
6.400000000000000000e+04 3.316452548061124272e-17
6.451200000000000000e+04 3.316452548061124272e-17
6.502400000000000000e+04 1.706735838962667592e-17
6.553600000000000000e+04 1.706735838962667592e-17
6.604800000000000000e+04 1.706735838962667592e-17
6.656000000000000000e+04 7.136710582869371450e-18
6.707200000000000000e+04 7.136710582869371450e-18
6.758400000000000000e+04 3.539997002673543169e-18
6.809600000000000000e+04 3.539997002673543169e-18
6.860800000000000000e+04 1.322293327846703212e-19
6.912000000000000000e+04 6.452762489642090556e-22
6.963200000000000000e+04 6.452762489642090556e-22
7.014400000000000000e+04 6.452762489642090556e-22
7.065600000000000000e+04 6.452762489642090556e-22
7.116800000000000000e+04 6.452762489642090556e-22
7.168000000000000000e+04 6.452762489642090556e-22
7.219200000000000000e+04 6.452762489642090556e-22
7.270400000000000000e+04 6.452762489642090556e-22
7.321600000000000000e+04 6.452762489642090556e-22
7.372800000000000000e+04 6.452762489642090556e-22
7.424000000000000000e+04 6.452762489642090556e-22
7.475200000000000000e+04 6.452762489642090556e-22
7.526400000000000000e+04 6.452762489642090556e-22
7.577600000000000000e+04 6.452762489642090556e-22
7.628800000000000000e+04 6.452762489642090556e-22
7.680000000000000000e+04 6.452762489642090556e-22
7.731200000000000000e+04 6.452762489642090556e-22
7.782400000000000000e+04 6.452762489642090556e-22
7.833600000000000000e+04 5.027042059841987374e-22
7.884800000000000000e+04 3.228798108298211936e-22
7.936000000000000000e+04 3.228798108298211936e-22
7.987200000000000000e+04 1.720250379235917441e-22
8.038400000000000000e+04 1.110428792244935238e-23
8.089600000000000000e+04 1.110428792244935238e-23
8.140800000000000000e+04 5.982840666927101092e-24
8.192000000000000000e+04 5.982840666927101092e-24
8.243200000000000000e+04 5.982840666927101092e-24
8.294400000000000000e+04 5.982840666927101092e-24
8.345600000000000000e+04 5.982840666927101092e-24
8.396800000000000000e+04 5.982840666927101092e-24
8.448000000000000000e+04 5.982840666927101092e-24
8.499200000000000000e+04 3.834161498542998848e-24
8.550400000000000000e+04 3.834161498542998848e-24
8.601600000000000000e+04 3.834161498542998848e-24
8.652800000000000000e+04 3.834161498542998848e-24
8.704000000000000000e+04 2.986807469320270679e-25
8.755200000000000000e+04 2.986807469320270679e-25
8.806400000000000000e+04 2.986807469320270679e-25
8.857600000000000000e+04 2.986807469320270679e-25
8.908800000000000000e+04 2.986807469320270679e-25
8.960000000000000000e+04 2.986807469320270679e-25
9.011200000000000000e+04 2.145495079251597358e-25
9.062400000000000000e+04 1.490162687305083169e-25
9.113600000000000000e+04 4.973082684507068679e-26
9.164800000000000000e+04 4.973082684507068679e-26
9.216000000000000000e+04 1.136127336460616465e-26
9.267200000000000000e+04 1.097621063524515826e-26
9.318400000000000000e+04 1.097621063524515826e-26
9.369600000000000000e+04 8.727032608991968742e-27
9.420800000000000000e+04 1.206414843115808617e-27
9.472000000000000000e+04 1.206414843115808617e-27
9.523200000000000000e+04 1.206414843115808617e-27
9.574400000000000000e+04 1.206414843115808617e-27
9.625600000000000000e+04 1.206414843115808617e-27
9.676800000000000000e+04 1.206414843115808617e-27
9.728000000000000000e+04 2.544569457403526205e-28
9.779200000000000000e+04 2.544569457403526205e-28
9.830400000000000000e+04 1.233088202473594078e-28
9.881600000000000000e+04 1.233088202473594078e-28
9.932800000000000000e+04 1.233088202473594078e-28
9.984000000000000000e+04 1.233088202473594078e-28
1.003520000000000000e+05 4.591416987419170274e-29
