5.120000000000000000e+02 2.477505651278567034e-01
1.024000000000000000e+03 2.477505651278567034e-01
1.536000000000000000e+03 2.477505651278567034e-01
2.048000000000000000e+03 2.477505651278567034e-01
2.560000000000000000e+03 1.443425652088485556e-01
3.072000000000000000e+03 1.443425652088485556e-01
3.584000000000000000e+03 1.443425652088485556e-01
4.096000000000000000e+03 1.443425652088485556e-01
4.608000000000000000e+03 1.443425652088485556e-01
5.120000000000000000e+03 1.256072623541971967e-02
5.632000000000000000e+03 1.256072623541971967e-02
6.144000000000000000e+03 1.256072623541971967e-02
6.656000000000000000e+03 1.256072623541971967e-02
7.168000000000000000e+03 1.256072623541971967e-02
7.680000000000000000e+03 1.256072623541971967e-02
8.192000000000000000e+03 1.256072623541971967e-02
8.704000000000000000e+03 1.256072623541971967e-02
9.216000000000000000e+03 1.256072623541971967e-02
9.728000000000000000e+03 8.934305492172939581e-03
1.024000000000000000e+04 2.080018998386511803e-03
1.075200000000000000e+04 1.255601518253468855e-03
1.126400000000000000e+04 1.255601518253468855e-03
1.177600000000000000e+04 1.255601518253468855e-03
1.228800000000000000e+04 1.255601518253468855e-03
1.280000000000000000e+04 1.255601518253468855e-03
1.331200000000000000e+04 1.255601518253468855e-03
1.382400000000000000e+04 1.255601518253468855e-03
1.433600000000000000e+04 1.255601518253468855e-03
1.484800000000000000e+04 1.255601518253468855e-03
1.536000000000000000e+04 1.255601518253468855e-03
1.587200000000000000e+04 1.255601518253468855e-03
1.638400000000000000e+04 1.255601518253468855e-03
1.689600000000000000e+04 1.255601518253468855e-03
1.740800000000000000e+04 1.255601518253468855e-03
1.792000000000000000e+04 1.255601518253468855e-03
1.843200000000000000e+04 1.255601518253468855e-03
1.894400000000000000e+04 1.255601518253468855e-03
1.945600000000000000e+04 1.255601518253468855e-03
1.996800000000000000e+04 6.052878640092342012e-04
2.048000000000000000e+04 6.052878640092342012e-04
2.099200000000000000e+04 1.746017344674345207e-04
2.150400000000000000e+04 1.746017344674345207e-04
2.201600000000000000e+04 1.746017344674345207e-04
2.252800000000000000e+04 1.746017344674345207e-04
2.304000000000000000e+04 1.746017344674345207e-04
2.355200000000000000e+04 9.734736234829408487e-05
2.406400000000000000e+04 9.734736234829408487e-05
2.457600000000000000e+04 9.734736234829408487e-05
2.508800000000000000e+04 4.921100309769280433e-05
2.560000000000000000e+04 1.434367815454791824e-05
2.611200000000000000e+04 1.434367815454791824e-05
2.662400000000000000e+04 5.582766309031124027e-06
2.713600000000000000e+04 5.582766309031124027e-06
2.764800000000000000e+04 5.582766309031124027e-06
2.816000000000000000e+04 3.695050289189502426e-06
2.867200000000000000e+04 3.372870285027102541e-06
2.918400000000000000e+04 3.372870285027102541e-06
2.969600000000000000e+04 1.621706921583820035e-07
3.020800000000000000e+04 1.621706921583820035e-07
3.072000000000000000e+04 1.621706921583820035e-07
3.123200000000000000e+04 1.384265989201214849e-07
3.174400000000000000e+04 1.384265989201214849e-07
3.225600000000000000e+04 1.384265989201214849e-07
3.276800000000000000e+04 1.228024011543289155e-07
3.328000000000000000e+04 1.228024011543289155e-07
3.379200000000000000e+04 1.952074916172409587e-08
3.430400000000000000e+04 9.979425017025963805e-09
3.481600000000000000e+04 9.979425017025963805e-09
3.532800000000000000e+04 9.979425017025963805e-09
3.584000000000000000e+04 9.979425017025963805e-09
3.635200000000000000e+04 4.865431870044199648e-09
3.686400000000000000e+04 4.865431870044199648e-09
3.737600000000000000e+04 4.865431870044199648e-09
3.788800000000000000e+04 1.331762527513427726e-09
3.840000000000000000e+04 1.331762527513427726e-09
3.891200000000000000e+04 1.331762527513427726e-09
3.942400000000000000e+04 5.980220769976911291e-10
3.993600000000000000e+04 3.343406480368876202e-11
4.044800000000000000e+04 3.343406480368876202e-11
4.096000000000000000e+04 3.343406480368876202e-11
4.147200000000000000e+04 3.343406480368876202e-11
4.198400000000000000e+04 3.343406480368876202e-11
4.249600000000000000e+04 2.210213296170566402e-11
4.300800000000000000e+04 8.772687867908094961e-12
4.352000000000000000e+04 8.772687867908094961e-12
4.403200000000000000e+04 8.772687867908094961e-12
4.454400000000000000e+04 8.772687867908094961e-12
4.505600000000000000e+04 5.456165550982840434e-12
4.556800000000000000e+04 5.456165550982840434e-12
4.608000000000000000e+04 1.953903206219726793e-13
4.659200000000000000e+04 1.953903206219726793e-13
4.710400000000000000e+04 1.953903206219726793e-13
4.761600000000000000e+04 1.953903206219726793e-13
4.812800000000000000e+04 1.953903206219726793e-13
4.864000000000000000e+04 1.953903206219726793e-13
4.915200000000000000e+04 1.953903206219726793e-13
4.966400000000000000e+04 1.953903206219726793e-13
5.017600000000000000e+04 9.336504761479344471e-14
5.068800000000000000e+04 9.336504761479344471e-14
5.120000000000000000e+04 5.630589166012729694e-14
5.171200000000000000e+04 3.169219517624633575e-14
5.222400000000000000e+04 3.169219517624633575e-14
5.273600000000000000e+04 1.889990248760596537e-14
5.324800000000000000e+04 4.445805278175565509e-15
5.376000000000000000e+04 4.445805278175565509e-15
5.427200000000000000e+04 4.445805278175565509e-15
5.478400000000000000e+04 4.445805278175565509e-15
5.529600000000000000e+04 1.262613649288179008e-15
5.580800000000000000e+04 1.262613649288179008e-15
5.632000000000000000e+04 5.888032372948616831e-16
5.683200000000000000e+04 5.888032372948616831e-16
5.734400000000000000e+04 5.888032372948616831e-16
5.785600000000000000e+04 1.212524484041371012e-16
5.836800000000000000e+04 1.212524484041371012e-16
5.888000000000000000e+04 1.212524484041371012e-16
5.939200000000000000e+04 1.212524484041371012e-16
5.990400000000000000e+04 1.212524484041371012e-16
6.041600000000000000e+04 1.212524484041371012e-16
6.092800000000000000e+04 1.212524484041371012e-16
6.144000000000000000e+04 9.802805787043388772e-18
6.195200000000000000e+04 9.802805787043388772e-18
6.246400000000000000e+04 9.802805787043388772e-18
6.297600000000000000e+04 9.802805787043388772e-18
6.348800000000000000e+04 6.827250690456874048e-19
6.400000000000000000e+04 6.827250690456874048e-19
6.451200000000000000e+04 6.827250690456874048e-19
6.502400000000000000e+04 6.089225538041429515e-19
6.553600000000000000e+04 6.089225538041429515e-19
6.604800000000000000e+04 4.752044811460646101e-19
6.656000000000000000e+04 4.752044811460646101e-19
6.707200000000000000e+04 4.752044811460646101e-19
6.758400000000000000e+04 1.346504973539879976e-19
6.809600000000000000e+04 4.808234540365801119e-20
6.860800000000000000e+04 4.808234540365801119e-20
6.912000000000000000e+04 4.808234540365801119e-20
6.963200000000000000e+04 4.808234540365801119e-20
7.014400000000000000e+04 4.808234540365801119e-20
7.065600000000000000e+04 3.848616464778727330e-21
7.116800000000000000e+04 3.848616464778727330e-21
7.168000000000000000e+04 3.848616464778727330e-21
7.219200000000000000e+04 3.848616464778727330e-21
7.270400000000000000e+04 3.848616464778727330e-21
7.321600000000000000e+04 7.770990328689689042e-22
7.372800000000000000e+04 7.770990328689689042e-22
7.424000000000000000e+04 7.770990328689689042e-22
7.475200000000000000e+04 7.770990328689689042e-22
7.526400000000000000e+04 7.770990328689689042e-22
7.577600000000000000e+04 3.183726621829690278e-22
7.628800000000000000e+04 3.183726621829690278e-22
7.680000000000000000e+04 3.183726621829690278e-22
7.731200000000000000e+04 1.238156190548417958e-22
7.782400000000000000e+04 1.238156190548417958e-22
7.833600000000000000e+04 8.306882825680929039e-26
7.884800000000000000e+04 8.306882825680929039e-26
7.936000000000000000e+04 8.306882825680929039e-26
7.987200000000000000e+04 8.306882825680929039e-26
8.038400000000000000e+04 8.306882825680929039e-26
8.089600000000000000e+04 8.306882825680929039e-26
8.140800000000000000e+04 8.306882825680929039e-26
8.192000000000000000e+04 8.306882825680929039e-26
8.243200000000000000e+04 8.306882825680929039e-26
8.294400000000000000e+04 8.306882825680929039e-26
8.345600000000000000e+04 8.306882825680929039e-26
8.396800000000000000e+04 8.306882825680929039e-26
8.448000000000000000e+04 8.306882825680929039e-26
8.499200000000000000e+04 8.306882825680929039e-26
8.550400000000000000e+04 8.306882825680929039e-26
8.601600000000000000e+04 8.306882825680929039e-26
8.652800000000000000e+04 8.306882825680929039e-26
8.704000000000000000e+04 8.306882825680929039e-26
8.755200000000000000e+04 8.306882825680929039e-26
8.806400000000000000e+04 6.883427695635531918e-26
8.857600000000000000e+04 3.316076655304840158e-26
8.908800000000000000e+04 3.316076655304840158e-26
8.960000000000000000e+04 3.316076655304840158e-26
9.011200000000000000e+04 1.200986494011756529e-26
9.062400000000000000e+04 1.200986494011756529e-26
9.113600000000000000e+04 1.200986494011756529e-26
9.164800000000000000e+04 1.134031924681123152e-26
9.216000000000000000e+04 1.134031924681123152e-26
9.267200000000000000e+04 6.063579347981307242e-27
9.318400000000000000e+04 4.106772894725655224e-27
9.369600000000000000e+04 2.917602057959912162e-27
9.420800000000000000e+04 2.917602057959912162e-27
9.472000000000000000e+04 3.794420954113066784e-28
9.523200000000000000e+04 3.038223820748862499e-28
9.574400000000000000e+04 3.038223820748862499e-28
9.625600000000000000e+04 1.847536891930897805e-28
9.676800000000000000e+04 1.847536891930897805e-28
9.728000000000000000e+04 1.847536891930897805e-28
9.779200000000000000e+04 1.847536891930897805e-28
9.830400000000000000e+04 2.889203065371955737e-29
9.881600000000000000e+04 2.889203065371955737e-29
9.932800000000000000e+04 2.889203065371955737e-29
9.984000000000000000e+04 2.889203065371955737e-29
1.003520000000000000e+05 8.492580682769955218e-30
