2.048000000000000000e+03 6.342160980217289613e-03
4.096000000000000000e+03 6.342160980217289613e-03
6.144000000000000000e+03 6.342160980217289613e-03
8.192000000000000000e+03 1.328484572938651602e-03
1.024000000000000000e+04 1.328484572938651602e-03
1.228800000000000000e+04 1.328484572938651602e-03
1.433600000000000000e+04 1.151134657692990402e-03
1.638400000000000000e+04 7.735863569393755610e-04
1.843200000000000000e+04 7.735863569393755610e-04
2.048000000000000000e+04 1.392237454843854095e-04
2.252800000000000000e+04 1.392237454843854095e-04
2.457600000000000000e+04 1.392237454843854095e-04
2.662400000000000000e+04 1.392237454843854095e-04
2.867200000000000000e+04 7.790198067932408202e-06
3.072000000000000000e+04 7.790198067932408202e-06
3.276800000000000000e+04 7.790198067932408202e-06
3.481600000000000000e+04 7.790198067932408202e-06
3.686400000000000000e+04 2.286108093279659831e-06
3.891200000000000000e+04 2.286108093279659831e-06
4.096000000000000000e+04 2.286108093279659831e-06
4.300800000000000000e+04 2.286108093279659831e-06
4.505600000000000000e+04 2.286108093279659831e-06
4.710400000000000000e+04 2.286108093279659831e-06
4.915200000000000000e+04 2.259944534302895735e-06
5.120000000000000000e+04 4.615951358929424358e-07
5.324800000000000000e+04 4.615951358929424358e-07
5.529600000000000000e+04 4.529171303465594806e-07
5.734400000000000000e+04 2.066611601894269525e-07
5.939200000000000000e+04 2.066611601894269525e-07
6.144000000000000000e+04 2.038226511030972928e-07
6.348800000000000000e+04 1.181892140353435176e-07
6.553600000000000000e+04 2.680970694703109153e-09
6.758400000000000000e+04 2.680970694703109153e-09
6.963200000000000000e+04 2.680970694703109153e-09
7.168000000000000000e+04 2.416345573157453191e-09
7.372800000000000000e+04 2.416345573157453191e-09
7.577600000000000000e+04 2.416345573157453191e-09
7.782400000000000000e+04 2.416345573157453191e-09
7.987200000000000000e+04 7.339355510630103004e-10
8.192000000000000000e+04 7.339355510630103004e-10
8.396800000000000000e+04 7.039282455422436529e-11
8.601600000000000000e+04 7.039282455422436529e-11
8.806400000000000000e+04 7.039282455422436529e-11
9.011200000000000000e+04 7.039282455422436529e-11
9.216000000000000000e+04 2.861168571420997981e-11
9.420800000000000000e+04 2.861168571420997981e-11
9.625600000000000000e+04 2.861168571420997981e-11
9.830400000000000000e+04 2.628326383831772238e-11
1.003520000000000000e+05 2.628326383831772238e-11
