2.048000000000000000e+03 3.954890938154339772e-03
4.096000000000000000e+03 3.954890938154339772e-03
6.144000000000000000e+03 3.954890938154339772e-03
8.192000000000000000e+03 3.034054204906056536e-03
1.024000000000000000e+04 3.034054204906056536e-03
1.228800000000000000e+04 3.034054204906056536e-03
1.433600000000000000e+04 1.002154246532540151e-03
1.638400000000000000e+04 3.821179290574906219e-04
1.843200000000000000e+04 3.821179290574906219e-04
2.048000000000000000e+04 5.522099160699850168e-05
2.252800000000000000e+04 5.522099160699850168e-05
2.457600000000000000e+04 5.522099160699850168e-05
2.662400000000000000e+04 5.522099160699850168e-05
2.867200000000000000e+04 5.522099160699850168e-05
3.072000000000000000e+04 2.348296947452313126e-05
3.276800000000000000e+04 2.348296947452313126e-05
3.481600000000000000e+04 2.348296947452313126e-05
3.686400000000000000e+04 1.700470069995292996e-05
3.891200000000000000e+04 1.700470069995292996e-05
4.096000000000000000e+04 1.700470069995292996e-05
4.300800000000000000e+04 8.468758907328990387e-06
4.505600000000000000e+04 6.590696193851431923e-06
4.710400000000000000e+04 7.281375284258022318e-07
4.915200000000000000e+04 7.281375284258022318e-07
5.120000000000000000e+04 7.281375284258022318e-07
5.324800000000000000e+04 7.667004392945969018e-08
5.529600000000000000e+04 7.667004392945969018e-08
5.734400000000000000e+04 7.667004392945969018e-08
5.939200000000000000e+04 4.512289571942825703e-08
6.144000000000000000e+04 4.512289571942825703e-08
6.348800000000000000e+04 4.512289571942825703e-08
6.553600000000000000e+04 9.660501786757087831e-09
6.758400000000000000e+04 9.660501786757087831e-09
6.963200000000000000e+04 9.660501786757087831e-09
7.168000000000000000e+04 9.660501786757087831e-09
7.372800000000000000e+04 8.946546864484578672e-09
7.577600000000000000e+04 1.581961795900717401e-09
7.782400000000000000e+04 1.581961795900717401e-09
7.987200000000000000e+04 7.777016078050480677e-10
8.192000000000000000e+04 7.777016078050480677e-10
8.396800000000000000e+04 7.777016078050480677e-10
8.601600000000000000e+04 2.000127026798986344e-10
8.806400000000000000e+04 2.000127026798986344e-10
9.011200000000000000e+04 2.000127026798986344e-10
9.216000000000000000e+04 2.000127026798986344e-10
9.420800000000000000e+04 3.023322647606088256e-11
9.625600000000000000e+04 3.023322647606088256e-11
9.830400000000000000e+04 3.023322647606088256e-11
1.003520000000000000e+05 3.023322647606088256e-11
