2.048000000000000000e+03 4.760569286528719413e-02
4.096000000000000000e+03 4.760569286528719413e-02
6.144000000000000000e+03 3.015097247572619092e-03
8.192000000000000000e+03 3.015097247572619092e-03
1.024000000000000000e+04 3.015097247572619092e-03
1.228800000000000000e+04 7.564337229012296944e-04
1.433600000000000000e+04 7.564337229012296944e-04
1.638400000000000000e+04 7.564337229012296944e-04
1.843200000000000000e+04 7.564337229012296944e-04
2.048000000000000000e+04 7.564337229012296944e-04
2.252800000000000000e+04 4.971337079621982770e-04
2.457600000000000000e+04 4.971337079621982770e-04
2.662400000000000000e+04 4.971337079621982770e-04
2.867200000000000000e+04 1.934422405675152040e-04
3.072000000000000000e+04 1.934422405675152040e-04
3.276800000000000000e+04 1.618716899921073774e-04
3.481600000000000000e+04 5.228243096269407965e-06
3.686400000000000000e+04 5.228243096269407965e-06
3.891200000000000000e+04 5.228243096269407965e-06
4.096000000000000000e+04 5.228243096269407965e-06
4.300800000000000000e+04 5.228243096269407965e-06
4.505600000000000000e+04 5.228243096269407965e-06
4.710400000000000000e+04 5.228243096269407965e-06
4.915200000000000000e+04 5.228243096269407965e-06
5.120000000000000000e+04 2.277598359066873770e-06
5.324800000000000000e+04 2.277598359066873770e-06
5.529600000000000000e+04 4.199819721804109364e-08
5.734400000000000000e+04 1.389431986788679186e-08
5.939200000000000000e+04 1.389431986788679186e-08
6.144000000000000000e+04 1.389431986788679186e-08
6.348800000000000000e+04 1.389431986788679186e-08
6.553600000000000000e+04 1.389431986788679186e-08
6.758400000000000000e+04 1.389431986788679186e-08
6.963200000000000000e+04 1.389431986788679186e-08
7.168000000000000000e+04 1.389431986788679186e-08
7.372800000000000000e+04 1.389431986788679186e-08
7.577600000000000000e+04 1.389431986788679186e-08
7.782400000000000000e+04 1.389431986788679186e-08
7.987200000000000000e+04 3.583837175091668809e-09
8.192000000000000000e+04 3.583837175091668809e-09
8.396800000000000000e+04 1.026787633183013452e-09
8.601600000000000000e+04 1.026787633183013452e-09
8.806400000000000000e+04 1.026787633183013452e-09
9.011200000000000000e+04 1.026787633183013452e-09
9.216000000000000000e+04 7.105925620865839329e-10
9.420800000000000000e+04 6.245694221335448305e-10
9.625600000000000000e+04 3.555670682497415631e-11
9.830400000000000000e+04 3.555670682497415631e-11
1.003520000000000000e+05 3.555670682497415631e-11
