2.048000000000000000e+03 3.058658847017161481e-02
4.096000000000000000e+03 3.058658847017161481e-02
6.144000000000000000e+03 1.408103491332283325e-02
8.192000000000000000e+03 9.693765763824316317e-03
1.024000000000000000e+04 9.693765763824316317e-03
1.228800000000000000e+04 9.693765763824316317e-03
1.433600000000000000e+04 3.335213507608944528e-03
1.638400000000000000e+04 3.335213507608944528e-03
1.843200000000000000e+04 2.463382246926783779e-03
2.048000000000000000e+04 1.692594487997498270e-03
2.252800000000000000e+04 7.747590550880891196e-04
2.457600000000000000e+04 1.648323893580612377e-04
2.662400000000000000e+04 1.648323893580612377e-04
2.867200000000000000e+04 1.648323893580612377e-04
3.072000000000000000e+04 1.648323893580612377e-04
3.276800000000000000e+04 1.648323893580612377e-04
3.481600000000000000e+04 1.648323893580612377e-04
3.686400000000000000e+04 9.130889233793805222e-05
3.891200000000000000e+04 7.857280051899218526e-06
4.096000000000000000e+04 7.857280051899218526e-06
4.300800000000000000e+04 7.857280051899218526e-06
4.505600000000000000e+04 4.488954108991266245e-06
4.710400000000000000e+04 4.488954108991266245e-06
4.915200000000000000e+04 8.984490142250761077e-07
5.120000000000000000e+04 8.984490142250761077e-07
5.324800000000000000e+04 8.984490142250761077e-07
5.529600000000000000e+04 8.984490142250761077e-07
5.734400000000000000e+04 1.829539794259168739e-07
5.939200000000000000e+04 1.829539794259168739e-07
6.144000000000000000e+04 8.117313169819784373e-08
6.348800000000000000e+04 8.117313169819784373e-08
6.553600000000000000e+04 8.117313169819784373e-08
6.758400000000000000e+04 2.146180342268465148e-08
6.963200000000000000e+04 2.146180342268465148e-08
7.168000000000000000e+04 2.146180342268465148e-08
7.372800000000000000e+04 2.146180342268465148e-08
7.577600000000000000e+04 2.146180342268465148e-08
7.782400000000000000e+04 9.130185435226082851e-09
7.987200000000000000e+04 2.812628280447198060e-09
8.192000000000000000e+04 2.812628280447198060e-09
8.396800000000000000e+04 2.812628280447198060e-09
8.601600000000000000e+04 1.010909270876234317e-09
8.806400000000000000e+04 3.770147151205854462e-10
9.011200000000000000e+04 3.770147151205854462e-10
9.216000000000000000e+04 3.770147151205854462e-10
9.420800000000000000e+04 3.201568399331052778e-10
9.625600000000000000e+04 3.201568399331052778e-10
9.830400000000000000e+04 3.201568399331052778e-10
1.003520000000000000e+05 1.723344025856778745e-10
