2.048000000000000000e+03 2.246769818826778453e-02
4.096000000000000000e+03 2.246769818826778453e-02
6.144000000000000000e+03 3.074116499234240754e-03
8.192000000000000000e+03 3.074116499234240754e-03
1.024000000000000000e+04 3.074116499234240754e-03
1.228800000000000000e+04 3.074116499234240754e-03
1.433600000000000000e+04 1.081442937612336680e-03
1.638400000000000000e+04 1.872438825476885175e-04
1.843200000000000000e+04 1.872438825476885175e-04
2.048000000000000000e+04 1.872438825476885175e-04
2.252800000000000000e+04 1.872438825476885175e-04
2.457600000000000000e+04 1.872438825476885175e-04
2.662400000000000000e+04 1.506981045737336780e-04
2.867200000000000000e+04 3.171019446771878328e-05
3.072000000000000000e+04 3.171019446771878328e-05
3.276800000000000000e+04 2.552972125616644763e-05
3.481600000000000000e+04 2.552972125616644763e-05
3.686400000000000000e+04 2.552972125616644763e-05
3.891200000000000000e+04 2.552972125616644763e-05
4.096000000000000000e+04 8.930060151017045087e-06
4.300800000000000000e+04 8.930060151017045087e-06
4.505600000000000000e+04 8.930060151017045087e-06
4.710400000000000000e+04 8.687761454873058300e-08
4.915200000000000000e+04 8.687761454873058300e-08
5.120000000000000000e+04 8.687761454873058300e-08
5.324800000000000000e+04 8.687761454873058300e-08
5.529600000000000000e+04 8.687761454873058300e-08
5.734400000000000000e+04 8.687761454873058300e-08
5.939200000000000000e+04 8.136692376530004013e-09
6.144000000000000000e+04 8.136692376530004013e-09
6.348800000000000000e+04 8.136692376530004013e-09
6.553600000000000000e+04 8.136692376530004013e-09
6.758400000000000000e+04 8.136692376530004013e-09
6.963200000000000000e+04 3.937045791739294298e-09
7.168000000000000000e+04 3.937045791739294298e-09
7.372800000000000000e+04 3.937045791739294298e-09
7.577600000000000000e+04 3.937045791739294298e-09
7.782400000000000000e+04 3.937045791739294298e-09
7.987200000000000000e+04 3.937045791739294298e-09
8.192000000000000000e+04 3.937045791739294298e-09
8.396800000000000000e+04 3.937045791739294298e-09
8.601600000000000000e+04 3.937045791739294298e-09
8.806400000000000000e+04 1.083632424993882645e-09
9.011200000000000000e+04 1.083632424993882645e-09
9.216000000000000000e+04 1.930382908288072016e-12
9.420800000000000000e+04 1.930382908288072016e-12
9.625600000000000000e+04 1.930382908288072016e-12
9.830400000000000000e+04 1.930382908288072016e-12
1.003520000000000000e+05 1.930382908288072016e-12
