2.048000000000000000e+03 3.279181671020931031e-03
4.096000000000000000e+03 3.279181671020931031e-03
6.144000000000000000e+03 3.279181671020931031e-03
8.192000000000000000e+03 3.279181671020931031e-03
1.024000000000000000e+04 3.279181671020931031e-03
1.228800000000000000e+04 3.279181671020931031e-03
1.433600000000000000e+04 3.279181671020931031e-03
1.638400000000000000e+04 1.698706286456185943e-03
1.843200000000000000e+04 1.698706286456185943e-03
2.048000000000000000e+04 1.137454980836079873e-03
2.252800000000000000e+04 5.713253857749776322e-04
2.457600000000000000e+04 5.388770300750981169e-04
2.662400000000000000e+04 4.909722572897900605e-04
2.867200000000000000e+04 2.994956058820735616e-04
3.072000000000000000e+04 2.994956058820735616e-04
3.276800000000000000e+04 2.994956058820735616e-04
3.481600000000000000e+04 2.994956058820735616e-04
3.686400000000000000e+04 6.064024548941602215e-05
3.891200000000000000e+04 6.064024548941602215e-05
4.096000000000000000e+04 1.769861083310864474e-05
4.300800000000000000e+04 1.769861083310864474e-05
4.505600000000000000e+04 4.361847217124686606e-06
4.710400000000000000e+04 4.361847217124686606e-06
4.915200000000000000e+04 4.361847217124686606e-06
5.120000000000000000e+04 4.266264019402384856e-06
5.324800000000000000e+04 2.358026812382433234e-06
5.529600000000000000e+04 1.081130514617831607e-06
5.734400000000000000e+04 6.373023003817025874e-07
5.939200000000000000e+04 6.373023003817025874e-07
6.144000000000000000e+04 2.031271073986852337e-07
6.348800000000000000e+04 2.031271073986852337e-07
6.553600000000000000e+04 1.745216187989897910e-07
6.758400000000000000e+04 7.873869488781875122e-08
6.963200000000000000e+04 3.879137266453129093e-10
7.168000000000000000e+04 3.879137266453129093e-10
7.372800000000000000e+04 3.879137266453129093e-10
7.577600000000000000e+04 3.879137266453129093e-10
7.782400000000000000e+04 3.879137266453129093e-10
7.987200000000000000e+04 3.879137266453129093e-10
8.192000000000000000e+04 3.879137266453129093e-10
8.396800000000000000e+04 3.879137266453129093e-10
8.601600000000000000e+04 3.879137266453129093e-10
8.806400000000000000e+04 3.879137266453129093e-10
9.011200000000000000e+04 3.879137266453129093e-10
9.216000000000000000e+04 3.879137266453129093e-10
9.420800000000000000e+04 3.879137266453129093e-10
9.625600000000000000e+04 1.945386094328902130e-10
9.830400000000000000e+04 3.469712089127892736e-11
1.003520000000000000e+05 3.469712089127892736e-11
