2.048000000000000000e+03 1.210596440987888982e-02
4.096000000000000000e+03 1.210596440987888982e-02
6.144000000000000000e+03 1.210596440987888982e-02
8.192000000000000000e+03 1.210596440987888982e-02
1.024000000000000000e+04 1.210596440987888982e-02
1.228800000000000000e+04 1.210596440987888982e-02
1.433600000000000000e+04 5.242190668913477430e-03
1.638400000000000000e+04 5.242190668913477430e-03
1.843200000000000000e+04 5.242190668913477430e-03
2.048000000000000000e+04 4.295876537091650356e-03
2.252800000000000000e+04 4.295876537091650356e-03
2.457600000000000000e+04 1.506042443854397218e-03
2.662400000000000000e+04 7.196068077791722408e-04
2.867200000000000000e+04 1.935766510589333867e-05
3.072000000000000000e+04 1.935766510589333867e-05
3.276800000000000000e+04 1.935766510589333867e-05
3.481600000000000000e+04 1.935766510589333867e-05
3.686400000000000000e+04 1.935766510589333867e-05
3.891200000000000000e+04 5.847776901089134659e-07
4.096000000000000000e+04 5.847776901089134659e-07
4.300800000000000000e+04 1.055254366879745927e-07
4.505600000000000000e+04 1.055254366879745927e-07
4.710400000000000000e+04 1.055254366879745927e-07
4.915200000000000000e+04 1.055254366879745927e-07
5.120000000000000000e+04 1.055254366879745927e-07
5.324800000000000000e+04 1.055254366879745927e-07
5.529600000000000000e+04 1.055254366879745927e-07
5.734400000000000000e+04 1.055254366879745927e-07
5.939200000000000000e+04 1.055254366879745927e-07
6.144000000000000000e+04 5.841690554680937090e-08
6.348800000000000000e+04 5.841690554680937090e-08
6.553600000000000000e+04 5.841690554680937090e-08
6.758400000000000000e+04 5.841690554680937090e-08
6.963200000000000000e+04 5.841690554680937090e-08
7.168000000000000000e+04 4.851602742428569317e-08
7.372800000000000000e+04 3.979068329324549000e-08
7.577600000000000000e+04 2.913782823279655729e-08
7.782400000000000000e+04 2.338170556484947536e-08
7.987200000000000000e+04 6.741013957584284503e-10
8.192000000000000000e+04 6.741013957584284503e-10
8.396800000000000000e+04 6.741013957584284503e-10
8.601600000000000000e+04 6.741013957584284503e-10
8.806400000000000000e+04 6.741013957584284503e-10
9.011200000000000000e+04 6.741013957584284503e-10
9.216000000000000000e+04 6.741013957584284503e-10
9.420800000000000000e+04 4.355660852297113228e-10
9.625600000000000000e+04 4.159165032087653948e-10
9.830400000000000000e+04 2.905124181695711405e-11
1.003520000000000000e+05 2.905124181695711405e-11
