2.560000000000000000e+02 4.237373858403040844e-02
5.120000000000000000e+02 6.128003347862783640e-03
7.680000000000000000e+02 6.128003347862783640e-03
1.024000000000000000e+03 4.186008340722078766e-03
1.280000000000000000e+03 4.186008340722078766e-03
1.536000000000000000e+03 4.186008340722078766e-03
1.792000000000000000e+03 4.186008340722078766e-03
2.048000000000000000e+03 4.186008340722078766e-03
2.304000000000000000e+03 4.174571033209648323e-04
2.560000000000000000e+03 4.174571033209648323e-04
2.816000000000000000e+03 4.174571033209648323e-04
3.072000000000000000e+03 4.174571033209648323e-04
3.328000000000000000e+03 4.174571033209648323e-04
3.584000000000000000e+03 4.174571033209648323e-04
3.840000000000000000e+03 1.440674276460557487e-04
4.096000000000000000e+03 1.440674276460557487e-04
4.352000000000000000e+03 7.760140887295643866e-05
4.608000000000000000e+03 7.760140887295643866e-05
4.864000000000000000e+03 2.601257472451643597e-05
5.120000000000000000e+03 2.601257472451643597e-05
5.376000000000000000e+03 2.601257472451643597e-05
5.632000000000000000e+03 2.601257472451643597e-05
5.888000000000000000e+03 5.737794792641510668e-06
6.144000000000000000e+03 3.239586885059677749e-06
6.400000000000000000e+03 1.009444529337021581e-06
6.656000000000000000e+03 1.009444529337021581e-06
6.912000000000000000e+03 1.009444529337021581e-06
7.168000000000000000e+03 1.009444529337021581e-06
7.424000000000000000e+03 5.969954380281526559e-07
7.680000000000000000e+03 2.531464737450445467e-07
7.936000000000000000e+03 2.531464737450445467e-07
8.192000000000000000e+03 2.531464737450445467e-07
8.448000000000000000e+03 3.613470786951148929e-08
8.704000000000000000e+03 3.613470786951148929e-08
8.960000000000000000e+03 3.613470786951148929e-08
9.216000000000000000e+03 2.333669483169760374e-10
9.472000000000000000e+03 2.333669483169760374e-10
9.728000000000000000e+03 2.333669483169760374e-10
9.984000000000000000e+03 2.333669483169760374e-10
1.024000000000000000e+04 2.333669483169760374e-10
1.049600000000000000e+04 2.333669483169760374e-10
1.075200000000000000e+04 2.333669483169760374e-10
1.100800000000000000e+04 2.333669483169760374e-10
1.126400000000000000e+04 2.333669483169760374e-10
1.152000000000000000e+04 2.333669483169760374e-10
1.177600000000000000e+04 2.333669483169760374e-10
1.203200000000000000e+04 2.333669483169760374e-10
1.228800000000000000e+04 2.333669483169760374e-10
1.254400000000000000e+04 4.401500865058247036e-11
1.280000000000000000e+04 4.401500865058247036e-11
1.305600000000000000e+04 4.042469095645063838e-12
1.331200000000000000e+04 4.042469095645063838e-12
1.356800000000000000e+04 4.042469095645063838e-12
1.382400000000000000e+04 4.042469095645063838e-12
1.408000000000000000e+04 5.311047060106732019e-13
1.433600000000000000e+04 5.311047060106732019e-13
1.459200000000000000e+04 5.311047060106732019e-13
1.484800000000000000e+04 5.311047060106732019e-13
1.510400000000000000e+04 5.311047060106732019e-13
1.536000000000000000e+04 5.311047060106732019e-13
1.561600000000000000e+04 1.133817481775776696e-13
1.587200000000000000e+04 1.133817481775776696e-13
1.612800000000000000e+04 1.133817481775776696e-13
1.638400000000000000e+04 1.133817481775776696e-13
1.664000000000000000e+04 6.846268414398949566e-14
1.689600000000000000e+04 1.673648640004029638e-14
1.715200000000000000e+04 1.673648640004029638e-14
1.740800000000000000e+04 1.673648640004029638e-14
1.766400000000000000e+04 1.673648640004029638e-14
1.792000000000000000e+04 1.313166713258169678e-15
1.817600000000000000e+04 1.313166713258169678e-15
1.843200000000000000e+04 1.313166713258169678e-15
1.868800000000000000e+04 1.313166713258169678e-15
1.894400000000000000e+04 1.313166713258169678e-15
1.920000000000000000e+04 2.946054562221896440e-16
1.945600000000000000e+04 2.946054562221896440e-16
1.971200000000000000e+04 4.156206938886989520e-18
1.996800000000000000e+04 4.156206938886989520e-18
2.022400000000000000e+04 4.156206938886989520e-18
2.048000000000000000e+04 4.156206938886989520e-18
2.073600000000000000e+04 4.156206938886989520e-18
2.099200000000000000e+04 4.156206938886989520e-18
2.124800000000000000e+04 4.156206938886989520e-18
2.150400000000000000e+04 4.156206938886989520e-18
2.176000000000000000e+04 2.234523183086597948e-18
2.201600000000000000e+04 2.234523183086597948e-18
2.227200000000000000e+04 2.234523183086597948e-18
2.252800000000000000e+04 2.234523183086597948e-18
2.278400000000000000e+04 1.324012800300571564e-20
2.304000000000000000e+04 1.324012800300571564e-20
2.329600000000000000e+04 1.324012800300571564e-20
2.355200000000000000e+04 1.324012800300571564e-20
2.380800000000000000e+04 1.324012800300571564e-20
2.406400000000000000e+04 1.324012800300571564e-20
2.432000000000000000e+04 1.324012800300571564e-20
2.457600000000000000e+04 1.324012800300571564e-20
2.483200000000000000e+04 3.819090665906859053e-21
2.508800000000000000e+04 3.819090665906859053e-21
2.534400000000000000e+04 3.819090665906859053e-21
2.560000000000000000e+04 3.819090665906859053e-21
2.585600000000000000e+04 3.015960613115661277e-21
2.611200000000000000e+04 3.015960613115661277e-21
2.636800000000000000e+04 2.004382320434345803e-21
2.662400000000000000e+04 1.068054622134725634e-21
2.688000000000000000e+04 1.496550732950701734e-22
2.713600000000000000e+04 4.212826976957228213e-24
2.739200000000000000e+04 4.212826976957228213e-24
2.764800000000000000e+04 4.212826976957228213e-24
2.790400000000000000e+04 4.212826976957228213e-24
2.816000000000000000e+04 4.212826976957228213e-24
2.841600000000000000e+04 4.212826976957228213e-24
2.867200000000000000e+04 1.980190686803322646e-24
2.892800000000000000e+04 4.888184494225823717e-25
2.918400000000000000e+04 4.888184494225823717e-25
2.944000000000000000e+04 4.888184494225823717e-25
2.969600000000000000e+04 4.888184494225823717e-25
2.995200000000000000e+04 4.888184494225823717e-25
3.020800000000000000e+04 4.888184494225823717e-25
3.046400000000000000e+04 4.888184494225823717e-25
3.072000000000000000e+04 4.888184494225823717e-25
3.097600000000000000e+04 4.888184494225823717e-25
3.123200000000000000e+04 1.076302703914246620e-25
3.148800000000000000e+04 1.076302703914246620e-25
3.174400000000000000e+04 1.076302703914246620e-25
3.200000000000000000e+04 1.076302703914246620e-25
3.225600000000000000e+04 1.076302703914246620e-25
3.251200000000000000e+04 8.288039905405793150e-26
3.276800000000000000e+04 4.823229570874417143e-26
3.302400000000000000e+04 2.446290166689464017e-26
3.328000000000000000e+04 8.876917462575973878e-27
3.353600000000000000e+04 8.876917462575973878e-27
3.379200000000000000e+04 8.876917462575973878e-27
3.404800000000000000e+04 4.996624339372845181e-27
3.430400000000000000e+04 2.625042488740058098e-27
3.456000000000000000e+04 2.625042488740058098e-27
3.481600000000000000e+04 2.512955559156450016e-27
3.507200000000000000e+04 3.780017014321711972e-28
3.532800000000000000e+04 3.780017014321711972e-28
3.558400000000000000e+04 3.780017014321711972e-28
3.584000000000000000e+04 3.780017014321711972e-28
3.609600000000000000e+04 4.248143226478395814e-29
3.635200000000000000e+04 2.493140240673727579e-29
3.660800000000000000e+04 2.493140240673727579e-29
3.686400000000000000e+04 6.385828575003282415e-31
3.712000000000000000e+04 6.385828575003282415e-31
3.737600000000000000e+04 6.385828575003282415e-31
3.763200000000000000e+04 6.385828575003282415e-31
3.788800000000000000e+04 6.385828575003282415e-31
3.814400000000000000e+04 6.385828575003282415e-31
3.840000000000000000e+04 5.415562687879194174e-31
3.865600000000000000e+04 5.032448453312518678e-32
3.891200000000000000e+04 5.032448453312518678e-32
3.916800000000000000e+04 5.032448453312518678e-32
3.942400000000000000e+04 4.983987066541291144e-32
3.968000000000000000e+04 4.983987066541291144e-32
3.993600000000000000e+04 4.699761636179793865e-32
4.019200000000000000e+04 4.699761636179793865e-32
4.044800000000000000e+04 2.753925582002001403e-32
4.070400000000000000e+04 1.588202464284889179e-32
4.096000000000000000e+04 1.588202464284889179e-32
4.121600000000000000e+04 1.588202464284889179e-32
4.147200000000000000e+04 1.465635104878809976e-32
4.172800000000000000e+04 1.408041653569402131e-32
4.198400000000000000e+04 1.981914933873845322e-34
4.224000000000000000e+04 1.981914933873845322e-34
4.249600000000000000e+04 1.981914933873845322e-34
4.275200000000000000e+04 1.981914933873845322e-34
4.300800000000000000e+04 1.981914933873845322e-34
4.326400000000000000e+04 1.981914933873845322e-34
4.352000000000000000e+04 1.981914933873845322e-34
4.377600000000000000e+04 1.981914933873845322e-34
4.403200000000000000e+04 1.981914933873845322e-34
4.428800000000000000e+04 1.981914933873845322e-34
4.454400000000000000e+04 1.876318806277227745e-35
4.480000000000000000e+04 1.876318806277227745e-35
4.505600000000000000e+04 1.876318806277227745e-35
4.531200000000000000e+04 1.876318806277227745e-35
4.556800000000000000e+04 1.876318806277227745e-35
4.582400000000000000e+04 1.876318806277227745e-35
4.608000000000000000e+04 1.718255289708183092e-35
4.633600000000000000e+04 9.133758643493886263e-36
4.659200000000000000e+04 2.275830984510259251e-37
4.684800000000000000e+04 2.275830984510259251e-37
4.710400000000000000e+04 2.275830984510259251e-37
4.736000000000000000e+04 2.275830984510259251e-37
4.761600000000000000e+04 2.275830984510259251e-37
4.787200000000000000e+04 8.332644435092940253e-38
4.812800000000000000e+04 1.349699000678148710e-38
4.838400000000000000e+04 1.349699000678148710e-38
4.864000000000000000e+04 1.349699000678148710e-38
4.889600000000000000e+04 1.349699000678148710e-38
4.915200000000000000e+04 1.284598634923523989e-38
4.940800000000000000e+04 1.284598634923523989e-38
4.966400000000000000e+04 1.284598634923523989e-38
4.992000000000000000e+04 7.886216926076198975e-39
5.017600000000000000e+04 1.638768141343799229e-39
5.043200000000000000e+04 9.398822887574765131e-40
5.068800000000000000e+04 9.398822887574765131e-40
5.094400000000000000e+04 9.398822887574765131e-40
5.120000000000000000e+04 5.665857041143289406e-40
5.145600000000000000e+04 3.760895089606177806e-40
5.171200000000000000e+04 3.760895089606177806e-40
5.196800000000000000e+04 2.912729238006026811e-40
5.222400000000000000e+04 2.099156820911711917e-40
5.248000000000000000e+04 1.863500061908696360e-40
5.273600000000000000e+04 1.094893119784173766e-40
5.299200000000000000e+04 1.094893119784173766e-40
5.324800000000000000e+04 6.082682128775963805e-41
5.350400000000000000e+04 3.023077402278451445e-41
5.376000000000000000e+04 3.023077402278451445e-41
5.401600000000000000e+04 1.600845337917173889e-41
5.427200000000000000e+04 9.761156194810338320e-42
5.452800000000000000e+04 9.761156194810338320e-42
5.478400000000000000e+04 2.637780087044884765e-42
5.504000000000000000e+04 2.637780087044884765e-42
5.529600000000000000e+04 9.081097105724542544e-43
5.555200000000000000e+04 6.423574588445241643e-43
5.580800000000000000e+04 6.423574588445241643e-43
5.606400000000000000e+04 3.157231582501090255e-43
5.632000000000000000e+04 3.157231582501090255e-43
5.657600000000000000e+04 8.810735387283962526e-44
5.683200000000000000e+04 2.027502598940607908e-44
5.708800000000000000e+04 2.027502598940607908e-44
5.734400000000000000e+04 2.027502598940607908e-44
5.760000000000000000e+04 2.027502598940607908e-44
5.785600000000000000e+04 2.027502598940607908e-44
5.811200000000000000e+04 1.515095994346708037e-44
5.836800000000000000e+04 1.515095994346708037e-44
5.862400000000000000e+04 6.790860436099316835e-45
5.888000000000000000e+04 6.790860436099316835e-45
5.913600000000000000e+04 1.582318381614893440e-45
5.939200000000000000e+04 1.582318381614893440e-45
5.964800000000000000e+04 9.060204940347438825e-46
5.990400000000000000e+04 9.060204940347438825e-46
6.016000000000000000e+04 7.998412176394839605e-46
6.041600000000000000e+04 4.257930238655213326e-47
6.067200000000000000e+04 4.257930238655213326e-47
6.092800000000000000e+04 4.257930238655213326e-47
6.118400000000000000e+04 4.257930238655213326e-47
6.144000000000000000e+04 1.518727068509123849e-47
6.169600000000000000e+04 1.518727068509123849e-47
6.195200000000000000e+04 1.518727068509123849e-47
6.220800000000000000e+04 1.518727068509123849e-47
6.246400000000000000e+04 1.585736273657500795e-49
6.272000000000000000e+04 1.585736273657500795e-49
6.297600000000000000e+04 1.585736273657500795e-49
6.323200000000000000e+04 1.585736273657500795e-49
6.348800000000000000e+04 1.585736273657500795e-49
6.374400000000000000e+04 1.585736273657500795e-49
6.400000000000000000e+04 1.585736273657500795e-49
6.425600000000000000e+04 4.226563315131246842e-50
6.451200000000000000e+04 4.226563315131246842e-50
6.476800000000000000e+04 4.226563315131246842e-50
6.502400000000000000e+04 4.226563315131246842e-50
6.528000000000000000e+04 4.226563315131246842e-50
6.553600000000000000e+04 3.738784656656690702e-50
6.579200000000000000e+04 3.738784656656690702e-50
6.604800000000000000e+04 3.386394889221148553e-50
6.630400000000000000e+04 3.158445466667637441e-50
6.656000000000000000e+04 4.355683739591577164e-51
6.681600000000000000e+04 4.355683739591577164e-51
6.707200000000000000e+04 4.355683739591577164e-51
6.732800000000000000e+04 1.109879197030876086e-51
6.758400000000000000e+04 1.109879197030876086e-51
6.784000000000000000e+04 1.059682176859246741e-51
6.809600000000000000e+04 1.059682176859246741e-51
6.835200000000000000e+04 9.092501424114231444e-52
6.860800000000000000e+04 2.342455716559330646e-52
6.886400000000000000e+04 1.681158795384419689e-52
6.912000000000000000e+04 1.681158795384419689e-52
6.937600000000000000e+04 1.681158795384419689e-52
6.963200000000000000e+04 8.587289786079338776e-53
6.988800000000000000e+04 3.221885947895842540e-53
7.014400000000000000e+04 4.018588581239358313e-54
7.040000000000000000e+04 4.018588581239358313e-54
7.065600000000000000e+04 4.018588581239358313e-54
7.091200000000000000e+04 4.018588581239358313e-54
7.116800000000000000e+04 4.018588581239358313e-54
7.142400000000000000e+04 4.018588581239358313e-54
7.168000000000000000e+04 4.018588581239358313e-54
7.193600000000000000e+04 3.593887743045224122e-54
7.219200000000000000e+04 2.407724980555125967e-56
7.244800000000000000e+04 2.407724980555125967e-56
7.270400000000000000e+04 2.407724980555125967e-56
7.296000000000000000e+04 2.407724980555125967e-56
7.321600000000000000e+04 2.407724980555125967e-56
7.347200000000000000e+04 2.407724980555125967e-56
7.372800000000000000e+04 2.407724980555125967e-56
7.398400000000000000e+04 2.407724980555125967e-56
7.424000000000000000e+04 2.148554329608747041e-56
7.449600000000000000e+04 2.148554329608747041e-56
7.475200000000000000e+04 2.148554329608747041e-56
7.500800000000000000e+04 6.307192823553441376e-57
7.526400000000000000e+04 6.307192823553441376e-57
7.552000000000000000e+04 2.345532127420851037e-58
7.577600000000000000e+04 2.345532127420851037e-58
7.603200000000000000e+04 2.345532127420851037e-58
7.628800000000000000e+04 2.345532127420851037e-58
7.654400000000000000e+04 1.507110357160999824e-58
7.680000000000000000e+04 7.231219593546783938e-59
7.705600000000000000e+04 7.231219593546783938e-59
7.731200000000000000e+04 7.231219593546783938e-59
7.756800000000000000e+04 7.231219593546783938e-59
7.782400000000000000e+04 6.624623054931838762e-59
7.808000000000000000e+04 2.818136563513439960e-60
7.833600000000000000e+04 2.818136563513439960e-60
7.859200000000000000e+04 2.818136563513439960e-60
7.884800000000000000e+04 2.818136563513439960e-60
7.910400000000000000e+04 2.818136563513439960e-60
7.936000000000000000e+04 1.950643564053838900e-60
7.961600000000000000e+04 1.950643564053838900e-60
7.987200000000000000e+04 1.950643564053838900e-60
8.012800000000000000e+04 2.179875414363064649e-61
8.038400000000000000e+04 2.179875414363064649e-61
8.064000000000000000e+04 2.179875414363064649e-61
8.089600000000000000e+04 2.179875414363064649e-61
8.115200000000000000e+04 2.874394294207979804e-62
8.140800000000000000e+04 2.874394294207979804e-62
8.166400000000000000e+04 2.874394294207979804e-62
8.192000000000000000e+04 2.874394294207979804e-62
8.217600000000000000e+04 8.662050783130709505e-63
8.243200000000000000e+04 8.662050783130709505e-63
8.268800000000000000e+04 8.662050783130709505e-63
8.294400000000000000e+04 1.618310033139425882e-63
8.320000000000000000e+04 1.618310033139425882e-63
8.345600000000000000e+04 1.319511320029979147e-64
8.371200000000000000e+04 1.319511320029979147e-64
8.396800000000000000e+04 1.319511320029979147e-64
8.422400000000000000e+04 1.319511320029979147e-64
8.448000000000000000e+04 1.319511320029979147e-64
8.473600000000000000e+04 1.272655894131961440e-64
8.499200000000000000e+04 1.272655894131961440e-64
8.524800000000000000e+04 1.272655894131961440e-64
8.550400000000000000e+04 1.272655894131961440e-64
8.576000000000000000e+04 7.030229821362217893e-65
8.601600000000000000e+04 2.727611640013496847e-65
8.627200000000000000e+04 1.264071867677921592e-66
8.652800000000000000e+04 1.264071867677921592e-66
8.678400000000000000e+04 1.264071867677921592e-66
8.704000000000000000e+04 1.264071867677921592e-66
8.729600000000000000e+04 1.264071867677921592e-66
8.755200000000000000e+04 9.922638042389947475e-67
8.780800000000000000e+04 1.243454080680033263e-67
8.806400000000000000e+04 4.577388862888369896e-68
8.832000000000000000e+04 4.577388862888369896e-68
8.857600000000000000e+04 4.577388862888369896e-68
8.883200000000000000e+04 4.577388862888369896e-68
8.908800000000000000e+04 4.577388862888369896e-68
8.934400000000000000e+04 3.122098261852194038e-68
8.960000000000000000e+04 1.930940480795998148e-68
8.985600000000000000e+04 1.930940480795998148e-68
9.011200000000000000e+04 1.930940480795998148e-68
9.036800000000000000e+04 7.234723716253096072e-69
9.062400000000000000e+04 2.637137212896098337e-69
9.088000000000000000e+04 2.637137212896098337e-69
9.113600000000000000e+04 1.091061800927245523e-69
9.139200000000000000e+04 1.091061800927245523e-69
9.164800000000000000e+04 1.091061800927245523e-69
9.190400000000000000e+04 1.091061800927245523e-69
9.216000000000000000e+04 6.885193991545467933e-70
9.241600000000000000e+04 6.885193991545467933e-70
9.267200000000000000e+04 2.398319903456703036e-71
9.292800000000000000e+04 2.398319903456703036e-71
9.318400000000000000e+04 2.398319903456703036e-71
9.344000000000000000e+04 2.398319903456703036e-71
9.369600000000000000e+04 2.398319903456703036e-71
9.395200000000000000e+04 2.398319903456703036e-71
9.420800000000000000e+04 2.398319903456703036e-71
9.446400000000000000e+04 3.002452182720352929e-72
9.472000000000000000e+04 1.743344053571709937e-72
9.497600000000000000e+04 1.743344053571709937e-72
9.523200000000000000e+04 1.743344053571709937e-72
9.548800000000000000e+04 1.642900343131420688e-72
9.574400000000000000e+04 1.454816399345657505e-72
9.600000000000000000e+04 6.446205785612981798e-73
9.625600000000000000e+04 2.392659162508191657e-74
9.651200000000000000e+04 2.392659162508191657e-74
9.676800000000000000e+04 2.392659162508191657e-74
9.702400000000000000e+04 2.392659162508191657e-74
9.728000000000000000e+04 2.392659162508191657e-74
9.753600000000000000e+04 2.392659162508191657e-74
9.779200000000000000e+04 2.392659162508191657e-74
9.804800000000000000e+04 2.392659162508191657e-74
9.830400000000000000e+04 2.392659162508191657e-74
9.856000000000000000e+04 2.392659162508191657e-74
9.881600000000000000e+04 2.392659162508191657e-74
9.907200000000000000e+04 2.392659162508191657e-74
9.932800000000000000e+04 9.836267090453480296e-75
9.958400000000000000e+04 8.396726940361280918e-75
9.984000000000000000e+04 3.855750450879864147e-75
1.000960000000000000e+05 2.748278034030621662e-76
