2.560000000000000000e+02 5.697972412693773359e-02
5.120000000000000000e+02 5.524445648434136297e-02
7.680000000000000000e+02 5.524445648434136297e-02
1.024000000000000000e+03 5.524445648434136297e-02
1.280000000000000000e+03 4.377893311861424941e-02
1.536000000000000000e+03 1.650324532051990895e-02
1.792000000000000000e+03 1.650324532051990895e-02
2.048000000000000000e+03 1.101767938011439726e-02
2.304000000000000000e+03 8.126802148670078663e-03
2.560000000000000000e+03 6.995313677068308068e-03
2.816000000000000000e+03 4.186973807527532665e-04
3.072000000000000000e+03 4.186973807527532665e-04
3.328000000000000000e+03 4.186973807527532665e-04
3.584000000000000000e+03 1.725189359219747175e-04
3.840000000000000000e+03 1.725189359219747175e-04
4.096000000000000000e+03 1.418407736871684331e-04
4.352000000000000000e+03 7.268768518545190506e-05
4.608000000000000000e+03 3.307630676001650398e-05
4.864000000000000000e+03 3.307630676001650398e-05
5.120000000000000000e+03 3.307630676001650398e-05
5.376000000000000000e+03 3.307630676001650398e-05
5.632000000000000000e+03 3.307630676001650398e-05
5.888000000000000000e+03 3.208012775592752533e-05
6.144000000000000000e+03 3.208012775592752533e-05
6.400000000000000000e+03 5.037323760610193045e-06
6.656000000000000000e+03 5.037323760610193045e-06
6.912000000000000000e+03 4.095611762977654226e-06
7.168000000000000000e+03 4.095611762977654226e-06
7.424000000000000000e+03 6.202619138949823453e-07
7.680000000000000000e+03 6.202619138949823453e-07
7.936000000000000000e+03 3.964340406282581552e-07
8.192000000000000000e+03 3.964340406282581552e-07
8.448000000000000000e+03 3.964340406282581552e-07
8.704000000000000000e+03 2.872475109607011176e-07
8.960000000000000000e+03 7.842484973928024225e-08
9.216000000000000000e+03 7.842484973928024225e-08
9.472000000000000000e+03 7.842484973928024225e-08
9.728000000000000000e+03 7.842484973928024225e-08
9.984000000000000000e+03 2.484423628329143375e-09
1.024000000000000000e+04 2.484423628329143375e-09
1.049600000000000000e+04 2.385237571161001815e-09
1.075200000000000000e+04 2.385237571161001815e-09
1.100800000000000000e+04 2.385237571161001815e-09
1.126400000000000000e+04 2.385237571161001815e-09
1.152000000000000000e+04 7.073575073667198384e-10
1.177600000000000000e+04 6.193147205833474547e-10
1.203200000000000000e+04 3.948348457971383888e-11
1.228800000000000000e+04 3.948348457971383888e-11
1.254400000000000000e+04 3.948348457971383888e-11
1.280000000000000000e+04 3.948348457971383888e-11
1.305600000000000000e+04 1.008530925559805863e-11
1.331200000000000000e+04 1.008530925559805863e-11
1.356800000000000000e+04 1.008530925559805863e-11
1.382400000000000000e+04 1.008530925559805863e-11
1.408000000000000000e+04 1.008530925559805863e-11
1.433600000000000000e+04 1.008530925559805863e-11
1.459200000000000000e+04 1.008530925559805863e-11
1.484800000000000000e+04 4.996206724393300079e-12
1.510400000000000000e+04 4.996206724393300079e-12
1.536000000000000000e+04 2.107319359101919816e-12
1.561600000000000000e+04 2.107319359101919816e-12
1.587200000000000000e+04 6.985234407898918749e-13
1.612800000000000000e+04 6.985234407898918749e-13
1.638400000000000000e+04 6.985234407898918749e-13
1.664000000000000000e+04 6.985234407898918749e-13
1.689600000000000000e+04 1.685877071206162585e-13
1.715200000000000000e+04 1.685877071206162585e-13
1.740800000000000000e+04 6.635625257832256316e-14
1.766400000000000000e+04 6.635625257832256316e-14
1.792000000000000000e+04 1.007157820287582851e-14
1.817600000000000000e+04 9.785473696354480639e-15
1.843200000000000000e+04 9.785473696354480639e-15
1.868800000000000000e+04 9.785473696354480639e-15
1.894400000000000000e+04 6.815487374828450675e-15
1.920000000000000000e+04 6.815487374828450675e-15
1.945600000000000000e+04 6.815487374828450675e-15
1.971200000000000000e+04 3.444149495373803177e-15
1.996800000000000000e+04 3.444149495373803177e-15
2.022400000000000000e+04 1.607347696163270461e-15
2.048000000000000000e+04 8.669699467954937409e-17
2.073600000000000000e+04 8.669699467954937409e-17
2.099200000000000000e+04 8.669699467954937409e-17
2.124800000000000000e+04 8.510510394931387782e-18
2.150400000000000000e+04 8.510510394931387782e-18
2.176000000000000000e+04 8.510510394931387782e-18
2.201600000000000000e+04 8.510510394931387782e-18
2.227200000000000000e+04 8.510510394931387782e-18
2.252800000000000000e+04 8.510510394931387782e-18
2.278400000000000000e+04 4.722699814256746731e-18
2.304000000000000000e+04 4.722699814256746731e-18
2.329600000000000000e+04 4.722699814256746731e-18
2.355200000000000000e+04 3.129513709254680793e-19
2.380800000000000000e+04 3.129513709254680793e-19
2.406400000000000000e+04 3.129513709254680793e-19
2.432000000000000000e+04 3.129513709254680793e-19
2.457600000000000000e+04 3.129513709254680793e-19
2.483200000000000000e+04 6.263689889804418679e-20
2.508800000000000000e+04 6.263689889804418679e-20
2.534400000000000000e+04 6.263689889804418679e-20
2.560000000000000000e+04 6.263689889804418679e-20
2.585600000000000000e+04 6.263689889804418679e-20
2.611200000000000000e+04 6.263689889804418679e-20
2.636800000000000000e+04 5.091296818325780984e-20
2.662400000000000000e+04 5.091296818325780984e-20
2.688000000000000000e+04 5.091296818325780984e-20
2.713600000000000000e+04 3.439068273188870600e-21
2.739200000000000000e+04 3.439068273188870600e-21
2.764800000000000000e+04 3.439068273188870600e-21
2.790400000000000000e+04 1.314891511623088619e-21
2.816000000000000000e+04 5.788482936470809594e-22
2.841600000000000000e+04 2.313678087263791205e-22
2.867200000000000000e+04 2.313678087263791205e-22
2.892800000000000000e+04 2.313678087263791205e-22
2.918400000000000000e+04 2.313678087263791205e-22
2.944000000000000000e+04 2.313678087263791205e-22
2.969600000000000000e+04 2.313678087263791205e-22
2.995200000000000000e+04 5.926551314990288208e-23
3.020800000000000000e+04 1.490582528146720412e-23
3.046400000000000000e+04 1.490582528146720412e-23
3.072000000000000000e+04 1.490582528146720412e-23
3.097600000000000000e+04 6.485494241453788406e-24
3.123200000000000000e+04 6.485494241453788406e-24
3.148800000000000000e+04 5.900160949379445925e-24
3.174400000000000000e+04 1.870432009233391246e-24
3.200000000000000000e+04 1.870432009233391246e-24
3.225600000000000000e+04 1.053350503795155537e-24
3.251200000000000000e+04 3.134693538459001224e-25
3.276800000000000000e+04 3.134693538459001224e-25
3.302400000000000000e+04 3.134693538459001224e-25
3.328000000000000000e+04 3.134693538459001224e-25
3.353600000000000000e+04 3.134693538459001224e-25
3.379200000000000000e+04 3.134693538459001224e-25
3.404800000000000000e+04 1.177508790708076579e-26
3.430400000000000000e+04 1.177508790708076579e-26
3.456000000000000000e+04 1.177508790708076579e-26
3.481600000000000000e+04 1.177508790708076579e-26
3.507200000000000000e+04 1.177508790708076579e-26
3.532800000000000000e+04 1.177508790708076579e-26
3.558400000000000000e+04 2.258117721560248216e-27
3.584000000000000000e+04 2.258117721560248216e-27
3.609600000000000000e+04 2.163612610899815953e-27
3.635200000000000000e+04 2.163612610899815953e-27
3.660800000000000000e+04 3.924628783639712574e-28
3.686400000000000000e+04 3.924628783639712574e-28
3.712000000000000000e+04 3.924628783639712574e-28
3.737600000000000000e+04 3.002826505136954292e-29
3.763200000000000000e+04 3.002826505136954292e-29
3.788800000000000000e+04 3.002826505136954292e-29
3.814400000000000000e+04 3.002826505136954292e-29
3.840000000000000000e+04 3.002826505136954292e-29
3.865600000000000000e+04 3.002826505136954292e-29
3.891200000000000000e+04 3.002826505136954292e-29
3.916800000000000000e+04 3.002826505136954292e-29
3.942400000000000000e+04 2.969953118335561512e-29
3.968000000000000000e+04 1.936646691866416813e-31
3.993600000000000000e+04 1.936646691866416813e-31
4.019200000000000000e+04 1.936646691866416813e-31
4.044800000000000000e+04 1.936646691866416813e-31
4.070400000000000000e+04 1.936646691866416813e-31
4.096000000000000000e+04 1.936646691866416813e-31
4.121600000000000000e+04 1.936646691866416813e-31
4.147200000000000000e+04 1.134523381017768715e-31
4.172800000000000000e+04 1.134523381017768715e-31
4.198400000000000000e+04 8.362594561151462779e-32
4.224000000000000000e+04 4.651873745563255775e-32
4.249600000000000000e+04 6.438318316438785953e-33
4.275200000000000000e+04 6.438318316438785953e-33
4.300800000000000000e+04 4.644824144244368805e-33
4.326400000000000000e+04 4.644824144244368805e-33
4.352000000000000000e+04 2.821532425685994074e-33
4.377600000000000000e+04 2.821532425685994074e-33
4.403200000000000000e+04 2.142622377114771923e-33
4.428800000000000000e+04 1.069849907052999280e-33
4.454400000000000000e+04 1.034268791982725257e-33
4.480000000000000000e+04 8.708412728412688610e-34
4.505600000000000000e+04 9.369755031763705505e-35
4.531200000000000000e+04 9.369755031763705505e-35
4.556800000000000000e+04 9.369755031763705505e-35
4.582400000000000000e+04 9.369755031763705505e-35
4.608000000000000000e+04 9.369755031763705505e-35
4.633600000000000000e+04 6.159489189849574594e-35
4.659200000000000000e+04 4.907209593666215707e-35
4.684800000000000000e+04 9.100642676539841951e-37
4.710400000000000000e+04 9.100642676539841951e-37
4.736000000000000000e+04 9.100642676539841951e-37
4.761600000000000000e+04 9.100642676539841951e-37
4.787200000000000000e+04 9.100642676539841951e-37
4.812800000000000000e+04 9.100642676539841951e-37
4.838400000000000000e+04 9.100642676539841951e-37
4.864000000000000000e+04 9.100642676539841951e-37
4.889600000000000000e+04 9.582180728297181778e-38
4.915200000000000000e+04 9.582180728297181778e-38
4.940800000000000000e+04 9.582180728297181778e-38
4.966400000000000000e+04 9.582180728297181778e-38
4.992000000000000000e+04 3.917895591070785015e-38
5.017600000000000000e+04 3.917895591070785015e-38
5.043200000000000000e+04 3.198852750654061834e-38
5.068800000000000000e+04 3.198852750654061834e-38
5.094400000000000000e+04 2.847403376554811991e-38
5.120000000000000000e+04 6.697505233883201278e-39
5.145600000000000000e+04 6.697505233883201278e-39
5.171200000000000000e+04 4.142052370283311886e-39
5.196800000000000000e+04 1.788557309460832201e-39
5.222400000000000000e+04 1.788557309460832201e-39
5.248000000000000000e+04 1.160334945755055280e-39
5.273600000000000000e+04 1.745894933959395261e-40
5.299200000000000000e+04 1.745894933959395261e-40
5.324800000000000000e+04 1.745894933959395261e-40
5.350400000000000000e+04 6.089243546331859134e-41
5.376000000000000000e+04 6.089243546331859134e-41
5.401600000000000000e+04 6.089243546331859134e-41
5.427200000000000000e+04 2.248008260466198235e-41
5.452800000000000000e+04 2.248008260466198235e-41
5.478400000000000000e+04 1.199961232311466507e-41
5.504000000000000000e+04 1.199961232311466507e-41
5.529600000000000000e+04 2.714282964686019063e-43
5.555200000000000000e+04 2.453265271316613369e-43
5.580800000000000000e+04 2.453265271316613369e-43
5.606400000000000000e+04 2.453265271316613369e-43
5.632000000000000000e+04 2.453265271316613369e-43
5.657600000000000000e+04 2.453265271316613369e-43
5.683200000000000000e+04 2.453265271316613369e-43
5.708800000000000000e+04 1.786716259773048738e-43
5.734400000000000000e+04 7.247243581407014836e-44
5.760000000000000000e+04 2.897594074065306349e-44
5.785600000000000000e+04 2.897594074065306349e-44
5.811200000000000000e+04 2.897594074065306349e-44
5.836800000000000000e+04 2.897594074065306349e-44
5.862400000000000000e+04 2.897594074065306349e-44
5.888000000000000000e+04 4.701765596847012250e-45
5.913600000000000000e+04 4.701765596847012250e-45
5.939200000000000000e+04 4.701765596847012250e-45
5.964800000000000000e+04 4.701765596847012250e-45
5.990400000000000000e+04 3.201184452840610796e-45
6.016000000000000000e+04 2.209431375754874395e-46
6.041600000000000000e+04 2.209431375754874395e-46
6.067200000000000000e+04 2.209431375754874395e-46
6.092800000000000000e+04 2.209431375754874395e-46
6.118400000000000000e+04 2.209431375754874395e-46
6.144000000000000000e+04 2.209431375754874395e-46
6.169600000000000000e+04 5.476533899253384214e-47
6.195200000000000000e+04 5.476533899253384214e-47
6.220800000000000000e+04 5.476533899253384214e-47
6.246400000000000000e+04 4.593369301798385494e-47
6.272000000000000000e+04 3.837988970799623469e-47
6.297600000000000000e+04 8.268123485080111376e-48
6.323200000000000000e+04 8.268123485080111376e-48
6.348800000000000000e+04 8.268123485080111376e-48
6.374400000000000000e+04 1.448689308520306177e-48
6.400000000000000000e+04 1.448689308520306177e-48
6.425600000000000000e+04 3.024619484397249194e-49
6.451200000000000000e+04 3.024619484397249194e-49
6.476800000000000000e+04 9.065052895496655171e-50
6.502400000000000000e+04 9.065052895496655171e-50
6.528000000000000000e+04 9.065052895496655171e-50
6.553600000000000000e+04 4.393301647776483279e-50
6.579200000000000000e+04 4.393301647776483279e-50
6.604800000000000000e+04 4.393301647776483279e-50
6.630400000000000000e+04 1.516183066105381895e-50
6.656000000000000000e+04 1.516183066105381895e-50
6.681600000000000000e+04 7.311862408546315488e-51
6.707200000000000000e+04 7.311862408546315488e-51
6.732800000000000000e+04 2.166694194890698655e-52
6.758400000000000000e+04 2.166694194890698655e-52
6.784000000000000000e+04 2.166694194890698655e-52
6.809600000000000000e+04 2.166694194890698655e-52
6.835200000000000000e+04 2.166694194890698655e-52
6.860800000000000000e+04 2.166694194890698655e-52
6.886400000000000000e+04 2.166694194890698655e-52
6.912000000000000000e+04 1.096184019033709503e-52
6.937600000000000000e+04 9.025701605403510892e-54
6.963200000000000000e+04 9.025701605403510892e-54
6.988800000000000000e+04 9.866233988442291659e-55
7.014400000000000000e+04 9.866233988442291659e-55
7.040000000000000000e+04 9.866233988442291659e-55
7.065600000000000000e+04 9.866233988442291659e-55
7.091200000000000000e+04 9.866233988442291659e-55
7.116800000000000000e+04 9.866233988442291659e-55
7.142400000000000000e+04 9.866233988442291659e-55
7.168000000000000000e+04 9.866233988442291659e-55
7.193600000000000000e+04 9.866233988442291659e-55
7.219200000000000000e+04 9.866233988442291659e-55
7.244800000000000000e+04 9.866233988442291659e-55
7.270400000000000000e+04 4.341289464342845143e-55
7.296000000000000000e+04 4.341289464342845143e-55
7.321600000000000000e+04 4.341289464342845143e-55
7.347200000000000000e+04 1.980800864975369824e-55
7.372800000000000000e+04 4.065605168139142034e-56
7.398400000000000000e+04 2.496531808972959734e-56
7.424000000000000000e+04 2.496531808972959734e-56
7.449600000000000000e+04 1.673002444085305345e-56
7.475200000000000000e+04 1.673002444085305345e-56
7.500800000000000000e+04 1.397843079796855837e-56
7.526400000000000000e+04 6.977085020424173144e-57
7.552000000000000000e+04 6.126122824776124478e-57
7.577600000000000000e+04 3.266151986426019115e-58
7.603200000000000000e+04 3.266151986426019115e-58
7.628800000000000000e+04 3.266151986426019115e-58
7.654400000000000000e+04 3.266151986426019115e-58
7.680000000000000000e+04 1.982172816424110288e-58
7.705600000000000000e+04 1.982172816424110288e-58
7.731200000000000000e+04 1.982172816424110288e-58
7.756800000000000000e+04 9.860143883229494043e-59
7.782400000000000000e+04 3.328848415677207133e-59
7.808000000000000000e+04 2.874351864958797652e-59
7.833600000000000000e+04 2.749718482194305106e-59
7.859200000000000000e+04 2.749718482194305106e-59
7.884800000000000000e+04 2.749718482194305106e-59
7.910400000000000000e+04 4.012513949478418266e-60
7.936000000000000000e+04 4.012513949478418266e-60
7.961600000000000000e+04 1.825430999522612950e-60
7.987200000000000000e+04 1.825430999522612950e-60
8.012800000000000000e+04 1.825430999522612950e-60
8.038400000000000000e+04 1.217723939576583851e-60
8.064000000000000000e+04 6.075613685007880594e-61
8.089600000000000000e+04 6.075613685007880594e-61
8.115200000000000000e+04 6.062039295917124509e-61
8.140800000000000000e+04 3.368158611100645855e-61
8.166400000000000000e+04 3.255640695481463215e-62
8.192000000000000000e+04 9.422749266847752816e-63
8.217600000000000000e+04 9.422749266847752816e-63
8.243200000000000000e+04 9.422749266847752816e-63
8.268800000000000000e+04 9.422749266847752816e-63
8.294400000000000000e+04 9.422749266847752816e-63
8.320000000000000000e+04 9.422749266847752816e-63
8.345600000000000000e+04 2.081531421140041743e-63
8.371200000000000000e+04 2.081531421140041743e-63
8.396800000000000000e+04 9.288290297794074447e-64
8.422400000000000000e+04 6.792869938190934078e-64
8.448000000000000000e+04 6.792869938190934078e-64
8.473600000000000000e+04 4.733550384533022027e-64
8.499200000000000000e+04 3.518200733058354324e-64
8.524800000000000000e+04 2.804706844230511982e-64
8.550400000000000000e+04 1.489589889146259313e-64
8.576000000000000000e+04 1.489589889146259313e-64
8.601600000000000000e+04 7.856927859093613988e-65
8.627200000000000000e+04 7.856927859093613988e-65
8.652800000000000000e+04 2.115002292037623417e-65
8.678400000000000000e+04 2.115002292037623417e-65
8.704000000000000000e+04 3.406037523499994223e-66
8.729600000000000000e+04 4.167185729768229756e-67
8.755200000000000000e+04 4.167185729768229756e-67
8.780800000000000000e+04 4.167185729768229756e-67
8.806400000000000000e+04 4.167185729768229756e-67
8.832000000000000000e+04 9.986561325572144072e-68
8.857600000000000000e+04 9.986561325572144072e-68
8.883200000000000000e+04 9.986561325572144072e-68
8.908800000000000000e+04 9.986561325572144072e-68
8.934400000000000000e+04 9.986561325572144072e-68
8.960000000000000000e+04 3.619471590256458917e-69
8.985600000000000000e+04 3.619471590256458917e-69
9.011200000000000000e+04 3.619471590256458917e-69
9.036800000000000000e+04 3.619471590256458917e-69
9.062400000000000000e+04 1.316045051754746672e-69
9.088000000000000000e+04 1.316045051754746672e-69
9.113600000000000000e+04 1.316045051754746672e-69
9.139200000000000000e+04 1.316045051754746672e-69
9.164800000000000000e+04 1.988528876044545461e-70
9.190400000000000000e+04 1.988528876044545461e-70
9.216000000000000000e+04 1.988528876044545461e-70
9.241600000000000000e+04 1.988528876044545461e-70
9.267200000000000000e+04 1.988528876044545461e-70
9.292800000000000000e+04 1.097130449543783868e-70
9.318400000000000000e+04 1.097130449543783868e-70
9.344000000000000000e+04 1.097130449543783868e-70
9.369600000000000000e+04 1.097130449543783868e-70
9.395200000000000000e+04 3.672344524158130163e-71
9.420800000000000000e+04 2.168299085117180004e-71
9.446400000000000000e+04 1.406959900799017013e-71
9.472000000000000000e+04 6.005409662969599996e-72
9.497600000000000000e+04 6.005409662969599996e-72
9.523200000000000000e+04 6.005409662969599996e-72
9.548800000000000000e+04 3.284114230516982836e-72
9.574400000000000000e+04 1.360827458402683773e-72
9.600000000000000000e+04 1.360827458402683773e-72
9.625600000000000000e+04 1.432945352486296843e-73
9.651200000000000000e+04 1.432945352486296843e-73
9.676800000000000000e+04 1.432945352486296843e-73
9.702400000000000000e+04 1.432945352486296843e-73
9.728000000000000000e+04 1.432945352486296843e-73
9.753600000000000000e+04 1.432945352486296843e-73
9.779200000000000000e+04 1.432945352486296843e-73
9.804800000000000000e+04 9.221190317704056956e-74
9.830400000000000000e+04 4.214300589794256579e-74
9.856000000000000000e+04 2.052341030385244252e-74
9.881600000000000000e+04 4.262998222691924813e-75
9.907200000000000000e+04 2.040099036823783252e-75
9.932800000000000000e+04 1.886911345549835006e-75
9.958400000000000000e+04 1.886911345549835006e-75
9.984000000000000000e+04 9.021727757394461251e-76
1.000960000000000000e+05 2.470921558710522802e-76
