6.400000000000000000e+01 2.536504159287807170e+01
1.280000000000000000e+02 2.536504159287807170e+01
1.920000000000000000e+02 2.536504159287807170e+01
2.560000000000000000e+02 1.933674966210899271e+01
3.200000000000000000e+02 1.933674966210899271e+01
3.840000000000000000e+02 1.933674966210899271e+01
4.480000000000000000e+02 1.277954447462066989e+00
5.120000000000000000e+02 1.277954447462066989e+00
5.760000000000000000e+02 1.277954447462066989e+00
6.400000000000000000e+02 1.277954447462066989e+00
7.040000000000000000e+02 1.277954447462066989e+00
7.680000000000000000e+02 1.277954447462066989e+00
8.320000000000000000e+02 1.277954447462066989e+00
8.960000000000000000e+02 1.277954447462066989e+00
9.600000000000000000e+02 9.839050922786809483e-01
1.024000000000000000e+03 9.839050922786809483e-01
1.088000000000000000e+03 9.839050922786809483e-01
1.152000000000000000e+03 9.839050922786809483e-01
1.216000000000000000e+03 9.839050922786809483e-01
1.280000000000000000e+03 9.839050922786809483e-01
1.344000000000000000e+03 9.839050922786809483e-01
1.408000000000000000e+03 9.839050922786809483e-01
1.472000000000000000e+03 9.839050922786809483e-01
1.536000000000000000e+03 2.983618340626042476e-01
1.600000000000000000e+03 2.983618340626042476e-01
1.664000000000000000e+03 2.983618340626042476e-01
1.728000000000000000e+03 2.983618340626042476e-01
1.792000000000000000e+03 2.983618340626042476e-01
1.856000000000000000e+03 2.983618340626042476e-01
1.920000000000000000e+03 2.983618340626042476e-01
1.984000000000000000e+03 2.983618340626042476e-01
2.048000000000000000e+03 2.983618340626042476e-01
2.112000000000000000e+03 2.983618340626042476e-01
2.176000000000000000e+03 2.983618340626042476e-01
2.240000000000000000e+03 2.983618340626042476e-01
2.304000000000000000e+03 2.983618340626042476e-01
2.368000000000000000e+03 2.983618340626042476e-01
2.432000000000000000e+03 2.983618340626042476e-01
2.496000000000000000e+03 2.983618340626042476e-01
2.560000000000000000e+03 2.983618340626042476e-01
2.624000000000000000e+03 1.642333844504142437e-01
2.688000000000000000e+03 1.250843876382244924e-01
2.752000000000000000e+03 1.096943523737241161e-01
2.816000000000000000e+03 1.096943523737241161e-01
2.880000000000000000e+03 1.096943523737241161e-01
2.944000000000000000e+03 5.281549011438175373e-02
3.008000000000000000e+03 3.813072235620986600e-02
3.072000000000000000e+03 1.872585436681190735e-02
3.136000000000000000e+03 1.872585436681190735e-02
3.200000000000000000e+03 1.872585436681190735e-02
3.264000000000000000e+03 1.872585436681190735e-02
3.328000000000000000e+03 8.942836583249296964e-03
3.392000000000000000e+03 8.085018504431719724e-03
3.456000000000000000e+03 8.085018504431719724e-03
3.520000000000000000e+03 3.249909040596432076e-03
3.584000000000000000e+03 3.035842309008575423e-04
3.648000000000000000e+03 3.035842309008575423e-04
3.712000000000000000e+03 2.909928287859597372e-04
3.776000000000000000e+03 2.909928287859597372e-04
3.840000000000000000e+03 5.489857265478517918e-05
3.904000000000000000e+03 5.489857265478517918e-05
3.968000000000000000e+03 4.431708074670527082e-05
4.032000000000000000e+03 4.431708074670527082e-05
4.096000000000000000e+03 4.431708074670527082e-05
4.160000000000000000e+03 9.231345978110694450e-07
4.224000000000000000e+03 9.231345978110694450e-07
4.288000000000000000e+03 9.231345978110694450e-07
4.352000000000000000e+03 9.231345978110694450e-07
4.416000000000000000e+03 9.231345978110694450e-07
4.480000000000000000e+03 9.231345978110694450e-07
4.544000000000000000e+03 9.231345978110694450e-07
4.608000000000000000e+03 9.231345978110694450e-07
4.672000000000000000e+03 9.231345978110694450e-07
4.736000000000000000e+03 9.231345978110694450e-07
4.800000000000000000e+03 9.231345978110694450e-07
4.864000000000000000e+03 9.231345978110694450e-07
4.928000000000000000e+03 9.231345978110694450e-07
4.992000000000000000e+03 9.231345978110694450e-07
5.056000000000000000e+03 2.321448927559968807e-08
5.120000000000000000e+03 2.321448927559968807e-08
5.184000000000000000e+03 2.321448927559968807e-08
5.248000000000000000e+03 2.321448927559968807e-08
5.312000000000000000e+03 7.056079303664027214e-09
5.376000000000000000e+03 5.302533838637599652e-09
5.440000000000000000e+03 5.302533838637599652e-09
5.504000000000000000e+03 4.204407222800192059e-09
5.568000000000000000e+03 4.204407222800192059e-09
5.632000000000000000e+03 3.969757728314752027e-09
5.696000000000000000e+03 1.309385633394919516e-10
5.760000000000000000e+03 1.309385633394919516e-10
5.824000000000000000e+03 1.309385633394919516e-10
5.888000000000000000e+03 1.309385633394919516e-10
5.952000000000000000e+03 1.309385633394919516e-10
6.016000000000000000e+03 1.309385633394919516e-10
6.080000000000000000e+03 1.309385633394919516e-10
6.144000000000000000e+03 2.694945668882575390e-11
6.208000000000000000e+03 2.694945668882575390e-11
6.272000000000000000e+03 2.694945668882575390e-11
6.336000000000000000e+03 2.694945668882575390e-11
6.400000000000000000e+03 9.753313077032658149e-12
6.464000000000000000e+03 2.339562485827048215e-12
6.528000000000000000e+03 1.709391729991784617e-12
6.592000000000000000e+03 1.709391729991784617e-12
6.656000000000000000e+03 1.038106225960339877e-12
6.720000000000000000e+03 1.038106225960339877e-12
6.784000000000000000e+03 3.117953726446322865e-13
6.848000000000000000e+03 3.117953726446322865e-13
6.912000000000000000e+03 3.117953726446322865e-13
6.976000000000000000e+03 8.879475683006244922e-14
7.040000000000000000e+03 8.879475683006244922e-14
7.104000000000000000e+03 8.879475683006244922e-14
7.168000000000000000e+03 1.923123918523901917e-14
7.232000000000000000e+03 1.923123918523901917e-14
7.296000000000000000e+03 1.923123918523901917e-14
7.360000000000000000e+03 7.827830200738308331e-15
7.424000000000000000e+03 7.827830200738308331e-15
7.488000000000000000e+03 7.827830200738308331e-15
7.552000000000000000e+03 4.619025050230410239e-15
7.616000000000000000e+03 4.619025050230410239e-15
7.680000000000000000e+03 1.638019558574896763e-15
7.744000000000000000e+03 6.710508589841985750e-16
7.808000000000000000e+03 6.710508589841985750e-16
7.872000000000000000e+03 6.710508589841985750e-16
7.936000000000000000e+03 1.326528900702989631e-16
8.000000000000000000e+03 6.160397576568293117e-17
8.064000000000000000e+03 6.160397576568293117e-17
8.128000000000000000e+03 1.937184158666144968e-17
8.192000000000000000e+03 1.937184158666144968e-17
8.256000000000000000e+03 2.130659519334910959e-18
8.320000000000000000e+03 2.130659519334910959e-18
8.384000000000000000e+03 2.130659519334910959e-18
8.448000000000000000e+03 2.130659519334910959e-18
8.512000000000000000e+03 2.130659519334910959e-18
8.576000000000000000e+03 2.130659519334910959e-18
8.640000000000000000e+03 2.130659519334910959e-18
8.704000000000000000e+03 2.130659519334910959e-18
8.768000000000000000e+03 2.130659519334910959e-18
8.832000000000000000e+03 1.471327664046543872e-18
8.896000000000000000e+03 7.775917958527221064e-19
8.960000000000000000e+03 7.775917958527221064e-19
9.024000000000000000e+03 7.775917958527221064e-19
9.088000000000000000e+03 2.100945325576628730e-19
9.152000000000000000e+03 9.108360602003583883e-20
9.216000000000000000e+03 9.108360602003583883e-20
9.280000000000000000e+03 9.108360602003583883e-20
9.344000000000000000e+03 1.997139435430152490e-20
9.408000000000000000e+03 1.997139435430152490e-20
9.472000000000000000e+03 8.166559582702560938e-21
9.536000000000000000e+03 8.166559582702560938e-21
9.600000000000000000e+03 4.438441647721791099e-21
9.664000000000000000e+03 1.622791214021932646e-21
9.728000000000000000e+03 1.493192654710382762e-22
9.792000000000000000e+03 1.493192654710382762e-22
9.856000000000000000e+03 1.493192654710382762e-22
9.920000000000000000e+03 1.493192654710382762e-22
9.984000000000000000e+03 1.493192654710382762e-22
1.004800000000000000e+04 1.493192654710382762e-22
1.011200000000000000e+04 1.493192654710382762e-22
1.017600000000000000e+04 1.493192654710382762e-22
1.024000000000000000e+04 1.493192654710382762e-22
1.030400000000000000e+04 6.927152953991438987e-23
1.036800000000000000e+04 6.927152953991438987e-23
1.043200000000000000e+04 2.076204988603444023e-23
1.049600000000000000e+04 8.066212456854478007e-24
1.056000000000000000e+04 8.066212456854478007e-24
1.062400000000000000e+04 5.147016456131760214e-24
1.068800000000000000e+04 1.282727583083417348e-24
1.075200000000000000e+04 1.282727583083417348e-24
1.081600000000000000e+04 1.282727583083417348e-24
1.088000000000000000e+04 2.878688535581491176e-25
1.094400000000000000e+04 2.878688535581491176e-25
1.100800000000000000e+04 2.878688535581491176e-25
1.107200000000000000e+04 1.744223846738144435e-25
1.113600000000000000e+04 1.141974767920567215e-25
1.120000000000000000e+04 3.244367966425085777e-26
1.126400000000000000e+04 1.314912799867643528e-26
1.132800000000000000e+04 1.314912799867643528e-26
1.139200000000000000e+04 1.314912799867643528e-26
1.145600000000000000e+04 1.070898400360154051e-26
1.152000000000000000e+04 4.442272972525822729e-27
1.158400000000000000e+04 1.451072657299118981e-27
1.164800000000000000e+04 1.334284265471476999e-28
1.171200000000000000e+04 1.334284265471476999e-28
1.177600000000000000e+04 8.728006359171850928e-29
1.184000000000000000e+04 8.728006359171850928e-29
1.190400000000000000e+04 3.332937324558774878e-29
1.196800000000000000e+04 3.332937324558774878e-29
1.203200000000000000e+04 3.332937324558774878e-29
1.209600000000000000e+04 3.332937324558774878e-29
1.216000000000000000e+04 2.051038353574630694e-29
1.222400000000000000e+04 2.051038353574630694e-29
1.228800000000000000e+04 7.099748146989106249e-30
1.235200000000000000e+04 5.965760595733901778e-30
1.241600000000000000e+04 1.972152263052529514e-31
1.248000000000000000e+04 1.972152263052529514e-31
1.254400000000000000e+04 1.972152263052529514e-31
1.260800000000000000e+04 1.972152263052529514e-31
1.267200000000000000e+04 1.972152263052529514e-31
1.273600000000000000e+04 4.930380657631323784e-32
1.280000000000000000e+04 4.930380657631323784e-32
1.286400000000000000e+04 4.930380657631323784e-32
1.292800000000000000e+04 4.930380657631323784e-32
1.299200000000000000e+04 4.930380657631323784e-32
1.305600000000000000e+04 4.930380657631323784e-32
1.312000000000000000e+04 4.930380657631323784e-32
1.318400000000000000e+04 4.930380657631323784e-32
1.324800000000000000e+04 0.000000000000000000e+00
1.331200000000000000e+04 0.000000000000000000e+00
1.337600000000000000e+04 0.000000000000000000e+00
1.344000000000000000e+04 0.000000000000000000e+00
1.350400000000000000e+04 0.000000000000000000e+00
1.356800000000000000e+04 0.000000000000000000e+00
1.363200000000000000e+04 0.000000000000000000e+00
1.369600000000000000e+04 0.000000000000000000e+00
1.376000000000000000e+04 0.000000000000000000e+00
1.382400000000000000e+04 0.000000000000000000e+00
1.388800000000000000e+04 0.000000000000000000e+00
1.395200000000000000e+04 0.000000000000000000e+00
1.401600000000000000e+04 0.000000000000000000e+00
1.408000000000000000e+04 0.000000000000000000e+00
1.414400000000000000e+04 0.000000000000000000e+00
1.420800000000000000e+04 0.000000000000000000e+00
1.427200000000000000e+04 0.000000000000000000e+00
1.433600000000000000e+04 0.000000000000000000e+00
1.440000000000000000e+04 0.000000000000000000e+00
1.446400000000000000e+04 0.000000000000000000e+00
1.452800000000000000e+04 0.000000000000000000e+00
1.459200000000000000e+04 0.000000000000000000e+00
1.465600000000000000e+04 0.000000000000000000e+00
1.472000000000000000e+04 0.000000000000000000e+00
1.478400000000000000e+04 0.000000000000000000e+00
1.484800000000000000e+04 0.000000000000000000e+00
1.491200000000000000e+04 0.000000000000000000e+00
1.497600000000000000e+04 0.000000000000000000e+00
1.504000000000000000e+04 0.000000000000000000e+00
1.510400000000000000e+04 0.000000000000000000e+00
1.516800000000000000e+04 0.000000000000000000e+00
1.523200000000000000e+04 0.000000000000000000e+00
1.529600000000000000e+04 0.000000000000000000e+00
1.536000000000000000e+04 0.000000000000000000e+00
1.542400000000000000e+04 0.000000000000000000e+00
1.548800000000000000e+04 0.000000000000000000e+00
1.555200000000000000e+04 0.000000000000000000e+00
1.561600000000000000e+04 0.000000000000000000e+00
1.568000000000000000e+04 0.000000000000000000e+00
1.574400000000000000e+04 0.000000000000000000e+00
1.580800000000000000e+04 0.000000000000000000e+00
1.587200000000000000e+04 0.000000000000000000e+00
1.593600000000000000e+04 0.000000000000000000e+00
1.600000000000000000e+04 0.000000000000000000e+00
1.606400000000000000e+04 0.000000000000000000e+00
1.612800000000000000e+04 0.000000000000000000e+00
1.619200000000000000e+04 0.000000000000000000e+00
1.625600000000000000e+04 0.000000000000000000e+00
1.632000000000000000e+04 0.000000000000000000e+00
1.638400000000000000e+04 0.000000000000000000e+00
1.644800000000000000e+04 0.000000000000000000e+00
1.651200000000000000e+04 0.000000000000000000e+00
1.657600000000000000e+04 0.000000000000000000e+00
1.664000000000000000e+04 0.000000000000000000e+00
1.670400000000000000e+04 0.000000000000000000e+00
1.676800000000000000e+04 0.000000000000000000e+00
1.683200000000000000e+04 0.000000000000000000e+00
1.689600000000000000e+04 0.000000000000000000e+00
1.696000000000000000e+04 0.000000000000000000e+00
1.702400000000000000e+04 0.000000000000000000e+00
1.708800000000000000e+04 0.000000000000000000e+00
1.715200000000000000e+04 0.000000000000000000e+00
1.721600000000000000e+04 0.000000000000000000e+00
1.728000000000000000e+04 0.000000000000000000e+00
1.734400000000000000e+04 0.000000000000000000e+00
1.740800000000000000e+04 0.000000000000000000e+00
1.747200000000000000e+04 0.000000000000000000e+00
1.753600000000000000e+04 0.000000000000000000e+00
1.760000000000000000e+04 0.000000000000000000e+00
1.766400000000000000e+04 0.000000000000000000e+00
1.772800000000000000e+04 0.000000000000000000e+00
1.779200000000000000e+04 0.000000000000000000e+00
1.785600000000000000e+04 0.000000000000000000e+00
1.792000000000000000e+04 0.000000000000000000e+00
1.798400000000000000e+04 0.000000000000000000e+00
1.804800000000000000e+04 0.000000000000000000e+00
1.811200000000000000e+04 0.000000000000000000e+00
1.817600000000000000e+04 0.000000000000000000e+00
1.824000000000000000e+04 0.000000000000000000e+00
1.830400000000000000e+04 0.000000000000000000e+00
1.836800000000000000e+04 0.000000000000000000e+00
1.843200000000000000e+04 0.000000000000000000e+00
1.849600000000000000e+04 0.000000000000000000e+00
1.856000000000000000e+04 0.000000000000000000e+00
1.862400000000000000e+04 0.000000000000000000e+00
1.868800000000000000e+04 0.000000000000000000e+00
1.875200000000000000e+04 0.000000000000000000e+00
1.881600000000000000e+04 0.000000000000000000e+00
1.888000000000000000e+04 0.000000000000000000e+00
1.894400000000000000e+04 0.000000000000000000e+00
1.900800000000000000e+04 0.000000000000000000e+00
1.907200000000000000e+04 0.000000000000000000e+00
1.913600000000000000e+04 0.000000000000000000e+00
1.920000000000000000e+04 0.000000000000000000e+00
1.926400000000000000e+04 0.000000000000000000e+00
1.932800000000000000e+04 0.000000000000000000e+00
1.939200000000000000e+04 0.000000000000000000e+00
1.945600000000000000e+04 0.000000000000000000e+00
1.952000000000000000e+04 0.000000000000000000e+00
1.958400000000000000e+04 0.000000000000000000e+00
1.964800000000000000e+04 0.000000000000000000e+00
1.971200000000000000e+04 0.000000000000000000e+00
1.977600000000000000e+04 0.000000000000000000e+00
1.984000000000000000e+04 0.000000000000000000e+00
1.990400000000000000e+04 0.000000000000000000e+00
1.996800000000000000e+04 0.000000000000000000e+00
2.003200000000000000e+04 0.000000000000000000e+00
2.009600000000000000e+04 0.000000000000000000e+00
2.016000000000000000e+04 0.000000000000000000e+00
2.022400000000000000e+04 0.000000000000000000e+00
2.028800000000000000e+04 0.000000000000000000e+00
2.035200000000000000e+04 0.000000000000000000e+00
2.041600000000000000e+04 0.000000000000000000e+00
2.048000000000000000e+04 0.000000000000000000e+00
2.054400000000000000e+04 0.000000000000000000e+00
2.060800000000000000e+04 0.000000000000000000e+00
2.067200000000000000e+04 0.000000000000000000e+00
2.073600000000000000e+04 0.000000000000000000e+00
2.080000000000000000e+04 0.000000000000000000e+00
2.086400000000000000e+04 0.000000000000000000e+00
2.092800000000000000e+04 0.000000000000000000e+00
2.099200000000000000e+04 0.000000000000000000e+00
2.105600000000000000e+04 0.000000000000000000e+00
2.112000000000000000e+04 0.000000000000000000e+00
2.118400000000000000e+04 0.000000000000000000e+00
2.124800000000000000e+04 0.000000000000000000e+00
2.131200000000000000e+04 0.000000000000000000e+00
2.137600000000000000e+04 0.000000000000000000e+00
2.144000000000000000e+04 0.000000000000000000e+00
2.150400000000000000e+04 0.000000000000000000e+00
2.156800000000000000e+04 0.000000000000000000e+00
2.163200000000000000e+04 0.000000000000000000e+00
2.169600000000000000e+04 0.000000000000000000e+00
2.176000000000000000e+04 0.000000000000000000e+00
2.182400000000000000e+04 0.000000000000000000e+00
2.188800000000000000e+04 0.000000000000000000e+00
2.195200000000000000e+04 0.000000000000000000e+00
2.201600000000000000e+04 0.000000000000000000e+00
2.208000000000000000e+04 0.000000000000000000e+00
2.214400000000000000e+04 0.000000000000000000e+00
2.220800000000000000e+04 0.000000000000000000e+00
2.227200000000000000e+04 0.000000000000000000e+00
2.233600000000000000e+04 0.000000000000000000e+00
2.240000000000000000e+04 0.000000000000000000e+00
2.246400000000000000e+04 0.000000000000000000e+00
2.252800000000000000e+04 0.000000000000000000e+00
2.259200000000000000e+04 0.000000000000000000e+00
2.265600000000000000e+04 0.000000000000000000e+00
2.272000000000000000e+04 0.000000000000000000e+00
2.278400000000000000e+04 0.000000000000000000e+00
2.284800000000000000e+04 0.000000000000000000e+00
2.291200000000000000e+04 0.000000000000000000e+00
2.297600000000000000e+04 0.000000000000000000e+00
2.304000000000000000e+04 0.000000000000000000e+00
2.310400000000000000e+04 0.000000000000000000e+00
2.316800000000000000e+04 0.000000000000000000e+00
2.323200000000000000e+04 0.000000000000000000e+00
2.329600000000000000e+04 0.000000000000000000e+00
2.336000000000000000e+04 0.000000000000000000e+00
2.342400000000000000e+04 0.000000000000000000e+00
2.348800000000000000e+04 0.000000000000000000e+00
2.355200000000000000e+04 0.000000000000000000e+00
2.361600000000000000e+04 0.000000000000000000e+00
2.368000000000000000e+04 0.000000000000000000e+00
2.374400000000000000e+04 0.000000000000000000e+00
2.380800000000000000e+04 0.000000000000000000e+00
2.387200000000000000e+04 0.000000000000000000e+00
2.393600000000000000e+04 0.000000000000000000e+00
2.400000000000000000e+04 0.000000000000000000e+00
2.406400000000000000e+04 0.000000000000000000e+00
2.412800000000000000e+04 0.000000000000000000e+00
2.419200000000000000e+04 0.000000000000000000e+00
2.425600000000000000e+04 0.000000000000000000e+00
2.432000000000000000e+04 0.000000000000000000e+00
2.438400000000000000e+04 0.000000000000000000e+00
2.444800000000000000e+04 0.000000000000000000e+00
2.451200000000000000e+04 0.000000000000000000e+00
2.457600000000000000e+04 0.000000000000000000e+00
2.464000000000000000e+04 0.000000000000000000e+00
2.470400000000000000e+04 0.000000000000000000e+00
2.476800000000000000e+04 0.000000000000000000e+00
2.483200000000000000e+04 0.000000000000000000e+00
2.489600000000000000e+04 0.000000000000000000e+00
2.496000000000000000e+04 0.000000000000000000e+00
2.502400000000000000e+04 0.000000000000000000e+00
2.508800000000000000e+04 0.000000000000000000e+00
2.515200000000000000e+04 0.000000000000000000e+00
2.521600000000000000e+04 0.000000000000000000e+00
2.528000000000000000e+04 0.000000000000000000e+00
2.534400000000000000e+04 0.000000000000000000e+00
2.540800000000000000e+04 0.000000000000000000e+00
2.547200000000000000e+04 0.000000000000000000e+00
2.553600000000000000e+04 0.000000000000000000e+00
2.560000000000000000e+04 0.000000000000000000e+00
2.566400000000000000e+04 0.000000000000000000e+00
2.572800000000000000e+04 0.000000000000000000e+00
2.579200000000000000e+04 0.000000000000000000e+00
2.585600000000000000e+04 0.000000000000000000e+00
2.592000000000000000e+04 0.000000000000000000e+00
2.598400000000000000e+04 0.000000000000000000e+00
2.604800000000000000e+04 0.000000000000000000e+00
2.611200000000000000e+04 0.000000000000000000e+00
2.617600000000000000e+04 0.000000000000000000e+00
2.624000000000000000e+04 0.000000000000000000e+00
2.630400000000000000e+04 0.000000000000000000e+00
2.636800000000000000e+04 0.000000000000000000e+00
2.643200000000000000e+04 0.000000000000000000e+00
2.649600000000000000e+04 0.000000000000000000e+00
2.656000000000000000e+04 0.000000000000000000e+00
2.662400000000000000e+04 0.000000000000000000e+00
2.668800000000000000e+04 0.000000000000000000e+00
2.675200000000000000e+04 0.000000000000000000e+00
2.681600000000000000e+04 0.000000000000000000e+00
2.688000000000000000e+04 0.000000000000000000e+00
2.694400000000000000e+04 0.000000000000000000e+00
2.700800000000000000e+04 0.000000000000000000e+00
2.707200000000000000e+04 0.000000000000000000e+00
2.713600000000000000e+04 0.000000000000000000e+00
2.720000000000000000e+04 0.000000000000000000e+00
2.726400000000000000e+04 0.000000000000000000e+00
2.732800000000000000e+04 0.000000000000000000e+00
2.739200000000000000e+04 0.000000000000000000e+00
2.745600000000000000e+04 0.000000000000000000e+00
2.752000000000000000e+04 0.000000000000000000e+00
2.758400000000000000e+04 0.000000000000000000e+00
2.764800000000000000e+04 0.000000000000000000e+00
2.771200000000000000e+04 0.000000000000000000e+00
2.777600000000000000e+04 0.000000000000000000e+00
2.784000000000000000e+04 0.000000000000000000e+00
2.790400000000000000e+04 0.000000000000000000e+00
2.796800000000000000e+04 0.000000000000000000e+00
2.803200000000000000e+04 0.000000000000000000e+00
2.809600000000000000e+04 0.000000000000000000e+00
2.816000000000000000e+04 0.000000000000000000e+00
2.822400000000000000e+04 0.000000000000000000e+00
2.828800000000000000e+04 0.000000000000000000e+00
2.835200000000000000e+04 0.000000000000000000e+00
2.841600000000000000e+04 0.000000000000000000e+00
2.848000000000000000e+04 0.000000000000000000e+00
2.854400000000000000e+04 0.000000000000000000e+00
2.860800000000000000e+04 0.000000000000000000e+00
2.867200000000000000e+04 0.000000000000000000e+00
2.873600000000000000e+04 0.000000000000000000e+00
2.880000000000000000e+04 0.000000000000000000e+00
2.886400000000000000e+04 0.000000000000000000e+00
2.892800000000000000e+04 0.000000000000000000e+00
2.899200000000000000e+04 0.000000000000000000e+00
2.905600000000000000e+04 0.000000000000000000e+00
2.912000000000000000e+04 0.000000000000000000e+00
2.918400000000000000e+04 0.000000000000000000e+00
2.924800000000000000e+04 0.000000000000000000e+00
2.931200000000000000e+04 0.000000000000000000e+00
2.937600000000000000e+04 0.000000000000000000e+00
2.944000000000000000e+04 0.000000000000000000e+00
2.950400000000000000e+04 0.000000000000000000e+00
2.956800000000000000e+04 0.000000000000000000e+00
2.963200000000000000e+04 0.000000000000000000e+00
2.969600000000000000e+04 0.000000000000000000e+00
2.976000000000000000e+04 0.000000000000000000e+00
2.982400000000000000e+04 0.000000000000000000e+00
2.988800000000000000e+04 0.000000000000000000e+00
2.995200000000000000e+04 0.000000000000000000e+00
3.001600000000000000e+04 0.000000000000000000e+00
3.008000000000000000e+04 0.000000000000000000e+00
3.014400000000000000e+04 0.000000000000000000e+00
3.020800000000000000e+04 0.000000000000000000e+00
3.027200000000000000e+04 0.000000000000000000e+00
3.033600000000000000e+04 0.000000000000000000e+00
3.040000000000000000e+04 0.000000000000000000e+00
3.046400000000000000e+04 0.000000000000000000e+00
3.052800000000000000e+04 0.000000000000000000e+00
3.059200000000000000e+04 0.000000000000000000e+00
3.065600000000000000e+04 0.000000000000000000e+00
3.072000000000000000e+04 0.000000000000000000e+00
3.078400000000000000e+04 0.000000000000000000e+00
3.084800000000000000e+04 0.000000000000000000e+00
3.091200000000000000e+04 0.000000000000000000e+00
3.097600000000000000e+04 0.000000000000000000e+00
3.104000000000000000e+04 0.000000000000000000e+00
3.110400000000000000e+04 0.000000000000000000e+00
3.116800000000000000e+04 0.000000000000000000e+00
3.123200000000000000e+04 0.000000000000000000e+00
3.129600000000000000e+04 0.000000000000000000e+00
3.136000000000000000e+04 0.000000000000000000e+00
3.142400000000000000e+04 0.000000000000000000e+00
3.148800000000000000e+04 0.000000000000000000e+00
3.155200000000000000e+04 0.000000000000000000e+00
3.161600000000000000e+04 0.000000000000000000e+00
3.168000000000000000e+04 0.000000000000000000e+00
3.174400000000000000e+04 0.000000000000000000e+00
3.180800000000000000e+04 0.000000000000000000e+00
3.187200000000000000e+04 0.000000000000000000e+00
3.193600000000000000e+04 0.000000000000000000e+00
3.200000000000000000e+04 0.000000000000000000e+00
3.206400000000000000e+04 0.000000000000000000e+00
3.212800000000000000e+04 0.000000000000000000e+00
3.219200000000000000e+04 0.000000000000000000e+00
3.225600000000000000e+04 0.000000000000000000e+00
3.232000000000000000e+04 0.000000000000000000e+00
3.238400000000000000e+04 0.000000000000000000e+00
3.244800000000000000e+04 0.000000000000000000e+00
3.251200000000000000e+04 0.000000000000000000e+00
3.257600000000000000e+04 0.000000000000000000e+00
3.264000000000000000e+04 0.000000000000000000e+00
3.270400000000000000e+04 0.000000000000000000e+00
3.276800000000000000e+04 0.000000000000000000e+00
3.283200000000000000e+04 0.000000000000000000e+00
3.289600000000000000e+04 0.000000000000000000e+00
3.296000000000000000e+04 0.000000000000000000e+00
3.302400000000000000e+04 0.000000000000000000e+00
3.308800000000000000e+04 0.000000000000000000e+00
3.315200000000000000e+04 0.000000000000000000e+00
3.321600000000000000e+04 0.000000000000000000e+00
3.328000000000000000e+04 0.000000000000000000e+00
3.334400000000000000e+04 0.000000000000000000e+00
3.340800000000000000e+04 0.000000000000000000e+00
3.347200000000000000e+04 0.000000000000000000e+00
3.353600000000000000e+04 0.000000000000000000e+00
3.360000000000000000e+04 0.000000000000000000e+00
3.366400000000000000e+04 0.000000000000000000e+00
3.372800000000000000e+04 0.000000000000000000e+00
3.379200000000000000e+04 0.000000000000000000e+00
3.385600000000000000e+04 0.000000000000000000e+00
3.392000000000000000e+04 0.000000000000000000e+00
3.398400000000000000e+04 0.000000000000000000e+00
3.404800000000000000e+04 0.000000000000000000e+00
3.411200000000000000e+04 0.000000000000000000e+00
3.417600000000000000e+04 0.000000000000000000e+00
3.424000000000000000e+04 0.000000000000000000e+00
3.430400000000000000e+04 0.000000000000000000e+00
3.436800000000000000e+04 0.000000000000000000e+00
3.443200000000000000e+04 0.000000000000000000e+00
3.449600000000000000e+04 0.000000000000000000e+00
3.456000000000000000e+04 0.000000000000000000e+00
3.462400000000000000e+04 0.000000000000000000e+00
3.468800000000000000e+04 0.000000000000000000e+00
3.475200000000000000e+04 0.000000000000000000e+00
3.481600000000000000e+04 0.000000000000000000e+00
3.488000000000000000e+04 0.000000000000000000e+00
3.494400000000000000e+04 0.000000000000000000e+00
3.500800000000000000e+04 0.000000000000000000e+00
3.507200000000000000e+04 0.000000000000000000e+00
3.513600000000000000e+04 0.000000000000000000e+00
3.520000000000000000e+04 0.000000000000000000e+00
3.526400000000000000e+04 0.000000000000000000e+00
3.532800000000000000e+04 0.000000000000000000e+00
3.539200000000000000e+04 0.000000000000000000e+00
3.545600000000000000e+04 0.000000000000000000e+00
3.552000000000000000e+04 0.000000000000000000e+00
3.558400000000000000e+04 0.000000000000000000e+00
3.564800000000000000e+04 0.000000000000000000e+00
3.571200000000000000e+04 0.000000000000000000e+00
3.577600000000000000e+04 0.000000000000000000e+00
3.584000000000000000e+04 0.000000000000000000e+00
3.590400000000000000e+04 0.000000000000000000e+00
3.596800000000000000e+04 0.000000000000000000e+00
3.603200000000000000e+04 0.000000000000000000e+00
3.609600000000000000e+04 0.000000000000000000e+00
3.616000000000000000e+04 0.000000000000000000e+00
3.622400000000000000e+04 0.000000000000000000e+00
3.628800000000000000e+04 0.000000000000000000e+00
3.635200000000000000e+04 0.000000000000000000e+00
3.641600000000000000e+04 0.000000000000000000e+00
3.648000000000000000e+04 0.000000000000000000e+00
3.654400000000000000e+04 0.000000000000000000e+00
3.660800000000000000e+04 0.000000000000000000e+00
3.667200000000000000e+04 0.000000000000000000e+00
3.673600000000000000e+04 0.000000000000000000e+00
3.680000000000000000e+04 0.000000000000000000e+00
3.686400000000000000e+04 0.000000000000000000e+00
3.692800000000000000e+04 0.000000000000000000e+00
3.699200000000000000e+04 0.000000000000000000e+00
3.705600000000000000e+04 0.000000000000000000e+00
3.712000000000000000e+04 0.000000000000000000e+00
3.718400000000000000e+04 0.000000000000000000e+00
3.724800000000000000e+04 0.000000000000000000e+00
3.731200000000000000e+04 0.000000000000000000e+00
3.737600000000000000e+04 0.000000000000000000e+00
3.744000000000000000e+04 0.000000000000000000e+00
3.750400000000000000e+04 0.000000000000000000e+00
3.756800000000000000e+04 0.000000000000000000e+00
3.763200000000000000e+04 0.000000000000000000e+00
3.769600000000000000e+04 0.000000000000000000e+00
3.776000000000000000e+04 0.000000000000000000e+00
3.782400000000000000e+04 0.000000000000000000e+00
3.788800000000000000e+04 0.000000000000000000e+00
3.795200000000000000e+04 0.000000000000000000e+00
3.801600000000000000e+04 0.000000000000000000e+00
3.808000000000000000e+04 0.000000000000000000e+00
3.814400000000000000e+04 0.000000000000000000e+00
3.820800000000000000e+04 0.000000000000000000e+00
3.827200000000000000e+04 0.000000000000000000e+00
3.833600000000000000e+04 0.000000000000000000e+00
3.840000000000000000e+04 0.000000000000000000e+00
3.846400000000000000e+04 0.000000000000000000e+00
3.852800000000000000e+04 0.000000000000000000e+00
3.859200000000000000e+04 0.000000000000000000e+00
3.865600000000000000e+04 0.000000000000000000e+00
3.872000000000000000e+04 0.000000000000000000e+00
3.878400000000000000e+04 0.000000000000000000e+00
3.884800000000000000e+04 0.000000000000000000e+00
3.891200000000000000e+04 0.000000000000000000e+00
3.897600000000000000e+04 0.000000000000000000e+00
3.904000000000000000e+04 0.000000000000000000e+00
3.910400000000000000e+04 0.000000000000000000e+00
3.916800000000000000e+04 0.000000000000000000e+00
3.923200000000000000e+04 0.000000000000000000e+00
3.929600000000000000e+04 0.000000000000000000e+00
3.936000000000000000e+04 0.000000000000000000e+00
3.942400000000000000e+04 0.000000000000000000e+00
3.948800000000000000e+04 0.000000000000000000e+00
3.955200000000000000e+04 0.000000000000000000e+00
3.961600000000000000e+04 0.000000000000000000e+00
3.968000000000000000e+04 0.000000000000000000e+00
3.974400000000000000e+04 0.000000000000000000e+00
3.980800000000000000e+04 0.000000000000000000e+00
3.987200000000000000e+04 0.000000000000000000e+00
3.993600000000000000e+04 0.000000000000000000e+00
4.000000000000000000e+04 0.000000000000000000e+00
4.006400000000000000e+04 0.000000000000000000e+00
4.012800000000000000e+04 0.000000000000000000e+00
4.019200000000000000e+04 0.000000000000000000e+00
4.025600000000000000e+04 0.000000000000000000e+00
4.032000000000000000e+04 0.000000000000000000e+00
4.038400000000000000e+04 0.000000000000000000e+00
4.044800000000000000e+04 0.000000000000000000e+00
4.051200000000000000e+04 0.000000000000000000e+00
4.057600000000000000e+04 0.000000000000000000e+00
4.064000000000000000e+04 0.000000000000000000e+00
4.070400000000000000e+04 0.000000000000000000e+00
4.076800000000000000e+04 0.000000000000000000e+00
4.083200000000000000e+04 0.000000000000000000e+00
4.089600000000000000e+04 0.000000000000000000e+00
4.096000000000000000e+04 0.000000000000000000e+00
4.102400000000000000e+04 0.000000000000000000e+00
4.108800000000000000e+04 0.000000000000000000e+00
4.115200000000000000e+04 0.000000000000000000e+00
4.121600000000000000e+04 0.000000000000000000e+00
4.128000000000000000e+04 0.000000000000000000e+00
4.134400000000000000e+04 0.000000000000000000e+00
4.140800000000000000e+04 0.000000000000000000e+00
4.147200000000000000e+04 0.000000000000000000e+00
4.153600000000000000e+04 0.000000000000000000e+00
4.160000000000000000e+04 0.000000000000000000e+00
4.166400000000000000e+04 0.000000000000000000e+00
4.172800000000000000e+04 0.000000000000000000e+00
4.179200000000000000e+04 0.000000000000000000e+00
4.185600000000000000e+04 0.000000000000000000e+00
4.192000000000000000e+04 0.000000000000000000e+00
4.198400000000000000e+04 0.000000000000000000e+00
4.204800000000000000e+04 0.000000000000000000e+00
4.211200000000000000e+04 0.000000000000000000e+00
4.217600000000000000e+04 0.000000000000000000e+00
4.224000000000000000e+04 0.000000000000000000e+00
4.230400000000000000e+04 0.000000000000000000e+00
4.236800000000000000e+04 0.000000000000000000e+00
4.243200000000000000e+04 0.000000000000000000e+00
4.249600000000000000e+04 0.000000000000000000e+00
4.256000000000000000e+04 0.000000000000000000e+00
4.262400000000000000e+04 0.000000000000000000e+00
4.268800000000000000e+04 0.000000000000000000e+00
4.275200000000000000e+04 0.000000000000000000e+00
4.281600000000000000e+04 0.000000000000000000e+00
4.288000000000000000e+04 0.000000000000000000e+00
4.294400000000000000e+04 0.000000000000000000e+00
4.300800000000000000e+04 0.000000000000000000e+00
4.307200000000000000e+04 0.000000000000000000e+00
4.313600000000000000e+04 0.000000000000000000e+00
4.320000000000000000e+04 0.000000000000000000e+00
4.326400000000000000e+04 0.000000000000000000e+00
4.332800000000000000e+04 0.000000000000000000e+00
4.339200000000000000e+04 0.000000000000000000e+00
4.345600000000000000e+04 0.000000000000000000e+00
4.352000000000000000e+04 0.000000000000000000e+00
4.358400000000000000e+04 0.000000000000000000e+00
4.364800000000000000e+04 0.000000000000000000e+00
4.371200000000000000e+04 0.000000000000000000e+00
4.377600000000000000e+04 0.000000000000000000e+00
4.384000000000000000e+04 0.000000000000000000e+00
4.390400000000000000e+04 0.000000000000000000e+00
4.396800000000000000e+04 0.000000000000000000e+00
4.403200000000000000e+04 0.000000000000000000e+00
4.409600000000000000e+04 0.000000000000000000e+00
4.416000000000000000e+04 0.000000000000000000e+00
4.422400000000000000e+04 0.000000000000000000e+00
4.428800000000000000e+04 0.000000000000000000e+00
4.435200000000000000e+04 0.000000000000000000e+00
4.441600000000000000e+04 0.000000000000000000e+00
4.448000000000000000e+04 0.000000000000000000e+00
4.454400000000000000e+04 0.000000000000000000e+00
4.460800000000000000e+04 0.000000000000000000e+00
4.467200000000000000e+04 0.000000000000000000e+00
4.473600000000000000e+04 0.000000000000000000e+00
4.480000000000000000e+04 0.000000000000000000e+00
4.486400000000000000e+04 0.000000000000000000e+00
4.492800000000000000e+04 0.000000000000000000e+00
4.499200000000000000e+04 0.000000000000000000e+00
4.505600000000000000e+04 0.000000000000000000e+00
4.512000000000000000e+04 0.000000000000000000e+00
4.518400000000000000e+04 0.000000000000000000e+00
4.524800000000000000e+04 0.000000000000000000e+00
4.531200000000000000e+04 0.000000000000000000e+00
4.537600000000000000e+04 0.000000000000000000e+00
4.544000000000000000e+04 0.000000000000000000e+00
4.550400000000000000e+04 0.000000000000000000e+00
4.556800000000000000e+04 0.000000000000000000e+00
4.563200000000000000e+04 0.000000000000000000e+00
4.569600000000000000e+04 0.000000000000000000e+00
4.576000000000000000e+04 0.000000000000000000e+00
4.582400000000000000e+04 0.000000000000000000e+00
4.588800000000000000e+04 0.000000000000000000e+00
4.595200000000000000e+04 0.000000000000000000e+00
4.601600000000000000e+04 0.000000000000000000e+00
4.608000000000000000e+04 0.000000000000000000e+00
4.614400000000000000e+04 0.000000000000000000e+00
4.620800000000000000e+04 0.000000000000000000e+00
4.627200000000000000e+04 0.000000000000000000e+00
4.633600000000000000e+04 0.000000000000000000e+00
4.640000000000000000e+04 0.000000000000000000e+00
4.646400000000000000e+04 0.000000000000000000e+00
4.652800000000000000e+04 0.000000000000000000e+00
4.659200000000000000e+04 0.000000000000000000e+00
4.665600000000000000e+04 0.000000000000000000e+00
4.672000000000000000e+04 0.000000000000000000e+00
4.678400000000000000e+04 0.000000000000000000e+00
4.684800000000000000e+04 0.000000000000000000e+00
4.691200000000000000e+04 0.000000000000000000e+00
4.697600000000000000e+04 0.000000000000000000e+00
4.704000000000000000e+04 0.000000000000000000e+00
4.710400000000000000e+04 0.000000000000000000e+00
4.716800000000000000e+04 0.000000000000000000e+00
4.723200000000000000e+04 0.000000000000000000e+00
4.729600000000000000e+04 0.000000000000000000e+00
4.736000000000000000e+04 0.000000000000000000e+00
4.742400000000000000e+04 0.000000000000000000e+00
4.748800000000000000e+04 0.000000000000000000e+00
4.755200000000000000e+04 0.000000000000000000e+00
4.761600000000000000e+04 0.000000000000000000e+00
4.768000000000000000e+04 0.000000000000000000e+00
4.774400000000000000e+04 0.000000000000000000e+00
4.780800000000000000e+04 0.000000000000000000e+00
4.787200000000000000e+04 0.000000000000000000e+00
4.793600000000000000e+04 0.000000000000000000e+00
4.800000000000000000e+04 0.000000000000000000e+00
4.806400000000000000e+04 0.000000000000000000e+00
4.812800000000000000e+04 0.000000000000000000e+00
4.819200000000000000e+04 0.000000000000000000e+00
4.825600000000000000e+04 0.000000000000000000e+00
4.832000000000000000e+04 0.000000000000000000e+00
4.838400000000000000e+04 0.000000000000000000e+00
4.844800000000000000e+04 0.000000000000000000e+00
4.851200000000000000e+04 0.000000000000000000e+00
4.857600000000000000e+04 0.000000000000000000e+00
4.864000000000000000e+04 0.000000000000000000e+00
4.870400000000000000e+04 0.000000000000000000e+00
4.876800000000000000e+04 0.000000000000000000e+00
4.883200000000000000e+04 0.000000000000000000e+00
4.889600000000000000e+04 0.000000000000000000e+00
4.896000000000000000e+04 0.000000000000000000e+00
4.902400000000000000e+04 0.000000000000000000e+00
4.908800000000000000e+04 0.000000000000000000e+00
4.915200000000000000e+04 0.000000000000000000e+00
4.921600000000000000e+04 0.000000000000000000e+00
4.928000000000000000e+04 0.000000000000000000e+00
4.934400000000000000e+04 0.000000000000000000e+00
4.940800000000000000e+04 0.000000000000000000e+00
4.947200000000000000e+04 0.000000000000000000e+00
4.953600000000000000e+04 0.000000000000000000e+00
4.960000000000000000e+04 0.000000000000000000e+00
4.966400000000000000e+04 0.000000000000000000e+00
4.972800000000000000e+04 0.000000000000000000e+00
4.979200000000000000e+04 0.000000000000000000e+00
4.985600000000000000e+04 0.000000000000000000e+00
4.992000000000000000e+04 0.000000000000000000e+00
4.998400000000000000e+04 0.000000000000000000e+00
5.004800000000000000e+04 0.000000000000000000e+00
5.011200000000000000e+04 0.000000000000000000e+00
5.017600000000000000e+04 0.000000000000000000e+00
5.024000000000000000e+04 0.000000000000000000e+00
5.030400000000000000e+04 0.000000000000000000e+00
5.036800000000000000e+04 0.000000000000000000e+00
5.043200000000000000e+04 0.000000000000000000e+00
5.049600000000000000e+04 0.000000000000000000e+00
5.056000000000000000e+04 0.000000000000000000e+00
5.062400000000000000e+04 0.000000000000000000e+00
5.068800000000000000e+04 0.000000000000000000e+00
5.075200000000000000e+04 0.000000000000000000e+00
5.081600000000000000e+04 0.000000000000000000e+00
5.088000000000000000e+04 0.000000000000000000e+00
5.094400000000000000e+04 0.000000000000000000e+00
5.100800000000000000e+04 0.000000000000000000e+00
5.107200000000000000e+04 0.000000000000000000e+00
5.113600000000000000e+04 0.000000000000000000e+00
5.120000000000000000e+04 0.000000000000000000e+00
5.126400000000000000e+04 0.000000000000000000e+00
5.132800000000000000e+04 0.000000000000000000e+00
5.139200000000000000e+04 0.000000000000000000e+00
5.145600000000000000e+04 0.000000000000000000e+00
5.152000000000000000e+04 0.000000000000000000e+00
5.158400000000000000e+04 0.000000000000000000e+00
5.164800000000000000e+04 0.000000000000000000e+00
5.171200000000000000e+04 0.000000000000000000e+00
5.177600000000000000e+04 0.000000000000000000e+00
5.184000000000000000e+04 0.000000000000000000e+00
5.190400000000000000e+04 0.000000000000000000e+00
5.196800000000000000e+04 0.000000000000000000e+00
5.203200000000000000e+04 0.000000000000000000e+00
5.209600000000000000e+04 0.000000000000000000e+00
5.216000000000000000e+04 0.000000000000000000e+00
5.222400000000000000e+04 0.000000000000000000e+00
5.228800000000000000e+04 0.000000000000000000e+00
5.235200000000000000e+04 0.000000000000000000e+00
5.241600000000000000e+04 0.000000000000000000e+00
5.248000000000000000e+04 0.000000000000000000e+00
5.254400000000000000e+04 0.000000000000000000e+00
5.260800000000000000e+04 0.000000000000000000e+00
5.267200000000000000e+04 0.000000000000000000e+00
5.273600000000000000e+04 0.000000000000000000e+00
5.280000000000000000e+04 0.000000000000000000e+00
5.286400000000000000e+04 0.000000000000000000e+00
5.292800000000000000e+04 0.000000000000000000e+00
5.299200000000000000e+04 0.000000000000000000e+00
5.305600000000000000e+04 0.000000000000000000e+00
5.312000000000000000e+04 0.000000000000000000e+00
5.318400000000000000e+04 0.000000000000000000e+00
5.324800000000000000e+04 0.000000000000000000e+00
5.331200000000000000e+04 0.000000000000000000e+00
5.337600000000000000e+04 0.000000000000000000e+00
5.344000000000000000e+04 0.000000000000000000e+00
5.350400000000000000e+04 0.000000000000000000e+00
5.356800000000000000e+04 0.000000000000000000e+00
5.363200000000000000e+04 0.000000000000000000e+00
5.369600000000000000e+04 0.000000000000000000e+00
5.376000000000000000e+04 0.000000000000000000e+00
5.382400000000000000e+04 0.000000000000000000e+00
5.388800000000000000e+04 0.000000000000000000e+00
5.395200000000000000e+04 0.000000000000000000e+00
5.401600000000000000e+04 0.000000000000000000e+00
5.408000000000000000e+04 0.000000000000000000e+00
5.414400000000000000e+04 0.000000000000000000e+00
5.420800000000000000e+04 0.000000000000000000e+00
5.427200000000000000e+04 0.000000000000000000e+00
5.433600000000000000e+04 0.000000000000000000e+00
5.440000000000000000e+04 0.000000000000000000e+00
5.446400000000000000e+04 0.000000000000000000e+00
5.452800000000000000e+04 0.000000000000000000e+00
5.459200000000000000e+04 0.000000000000000000e+00
5.465600000000000000e+04 0.000000000000000000e+00
5.472000000000000000e+04 0.000000000000000000e+00
5.478400000000000000e+04 0.000000000000000000e+00
5.484800000000000000e+04 0.000000000000000000e+00
5.491200000000000000e+04 0.000000000000000000e+00
5.497600000000000000e+04 0.000000000000000000e+00
5.504000000000000000e+04 0.000000000000000000e+00
5.510400000000000000e+04 0.000000000000000000e+00
5.516800000000000000e+04 0.000000000000000000e+00
5.523200000000000000e+04 0.000000000000000000e+00
5.529600000000000000e+04 0.000000000000000000e+00
5.536000000000000000e+04 0.000000000000000000e+00
5.542400000000000000e+04 0.000000000000000000e+00
5.548800000000000000e+04 0.000000000000000000e+00
5.555200000000000000e+04 0.000000000000000000e+00
5.561600000000000000e+04 0.000000000000000000e+00
5.568000000000000000e+04 0.000000000000000000e+00
5.574400000000000000e+04 0.000000000000000000e+00
5.580800000000000000e+04 0.000000000000000000e+00
5.587200000000000000e+04 0.000000000000000000e+00
5.593600000000000000e+04 0.000000000000000000e+00
5.600000000000000000e+04 0.000000000000000000e+00
5.606400000000000000e+04 0.000000000000000000e+00
5.612800000000000000e+04 0.000000000000000000e+00
5.619200000000000000e+04 0.000000000000000000e+00
5.625600000000000000e+04 0.000000000000000000e+00
5.632000000000000000e+04 0.000000000000000000e+00
5.638400000000000000e+04 0.000000000000000000e+00
5.644800000000000000e+04 0.000000000000000000e+00
5.651200000000000000e+04 0.000000000000000000e+00
5.657600000000000000e+04 0.000000000000000000e+00
5.664000000000000000e+04 0.000000000000000000e+00
5.670400000000000000e+04 0.000000000000000000e+00
5.676800000000000000e+04 0.000000000000000000e+00
5.683200000000000000e+04 0.000000000000000000e+00
5.689600000000000000e+04 0.000000000000000000e+00
5.696000000000000000e+04 0.000000000000000000e+00
5.702400000000000000e+04 0.000000000000000000e+00
5.708800000000000000e+04 0.000000000000000000e+00
5.715200000000000000e+04 0.000000000000000000e+00
5.721600000000000000e+04 0.000000000000000000e+00
5.728000000000000000e+04 0.000000000000000000e+00
5.734400000000000000e+04 0.000000000000000000e+00
5.740800000000000000e+04 0.000000000000000000e+00
5.747200000000000000e+04 0.000000000000000000e+00
5.753600000000000000e+04 0.000000000000000000e+00
5.760000000000000000e+04 0.000000000000000000e+00
5.766400000000000000e+04 0.000000000000000000e+00
5.772800000000000000e+04 0.000000000000000000e+00
5.779200000000000000e+04 0.000000000000000000e+00
5.785600000000000000e+04 0.000000000000000000e+00
5.792000000000000000e+04 0.000000000000000000e+00
5.798400000000000000e+04 0.000000000000000000e+00
5.804800000000000000e+04 0.000000000000000000e+00
5.811200000000000000e+04 0.000000000000000000e+00
5.817600000000000000e+04 0.000000000000000000e+00
5.824000000000000000e+04 0.000000000000000000e+00
5.830400000000000000e+04 0.000000000000000000e+00
5.836800000000000000e+04 0.000000000000000000e+00
5.843200000000000000e+04 0.000000000000000000e+00
5.849600000000000000e+04 0.000000000000000000e+00
5.856000000000000000e+04 0.000000000000000000e+00
5.862400000000000000e+04 0.000000000000000000e+00
5.868800000000000000e+04 0.000000000000000000e+00
5.875200000000000000e+04 0.000000000000000000e+00
5.881600000000000000e+04 0.000000000000000000e+00
5.888000000000000000e+04 0.000000000000000000e+00
5.894400000000000000e+04 0.000000000000000000e+00
5.900800000000000000e+04 0.000000000000000000e+00
5.907200000000000000e+04 0.000000000000000000e+00
5.913600000000000000e+04 0.000000000000000000e+00
5.920000000000000000e+04 0.000000000000000000e+00
5.926400000000000000e+04 0.000000000000000000e+00
5.932800000000000000e+04 0.000000000000000000e+00
5.939200000000000000e+04 0.000000000000000000e+00
5.945600000000000000e+04 0.000000000000000000e+00
5.952000000000000000e+04 0.000000000000000000e+00
5.958400000000000000e+04 0.000000000000000000e+00
5.964800000000000000e+04 0.000000000000000000e+00
5.971200000000000000e+04 0.000000000000000000e+00
5.977600000000000000e+04 0.000000000000000000e+00
5.984000000000000000e+04 0.000000000000000000e+00
5.990400000000000000e+04 0.000000000000000000e+00
5.996800000000000000e+04 0.000000000000000000e+00
6.003200000000000000e+04 0.000000000000000000e+00
6.009600000000000000e+04 0.000000000000000000e+00
6.016000000000000000e+04 0.000000000000000000e+00
6.022400000000000000e+04 0.000000000000000000e+00
6.028800000000000000e+04 0.000000000000000000e+00
6.035200000000000000e+04 0.000000000000000000e+00
6.041600000000000000e+04 0.000000000000000000e+00
6.048000000000000000e+04 0.000000000000000000e+00
6.054400000000000000e+04 0.000000000000000000e+00
6.060800000000000000e+04 0.000000000000000000e+00
6.067200000000000000e+04 0.000000000000000000e+00
6.073600000000000000e+04 0.000000000000000000e+00
6.080000000000000000e+04 0.000000000000000000e+00
6.086400000000000000e+04 0.000000000000000000e+00
6.092800000000000000e+04 0.000000000000000000e+00
6.099200000000000000e+04 0.000000000000000000e+00
6.105600000000000000e+04 0.000000000000000000e+00
6.112000000000000000e+04 0.000000000000000000e+00
6.118400000000000000e+04 0.000000000000000000e+00
6.124800000000000000e+04 0.000000000000000000e+00
6.131200000000000000e+04 0.000000000000000000e+00
6.137600000000000000e+04 0.000000000000000000e+00
6.144000000000000000e+04 0.000000000000000000e+00
6.150400000000000000e+04 0.000000000000000000e+00
6.156800000000000000e+04 0.000000000000000000e+00
6.163200000000000000e+04 0.000000000000000000e+00
6.169600000000000000e+04 0.000000000000000000e+00
6.176000000000000000e+04 0.000000000000000000e+00
6.182400000000000000e+04 0.000000000000000000e+00
6.188800000000000000e+04 0.000000000000000000e+00
6.195200000000000000e+04 0.000000000000000000e+00
6.201600000000000000e+04 0.000000000000000000e+00
6.208000000000000000e+04 0.000000000000000000e+00
6.214400000000000000e+04 0.000000000000000000e+00
6.220800000000000000e+04 0.000000000000000000e+00
6.227200000000000000e+04 0.000000000000000000e+00
6.233600000000000000e+04 0.000000000000000000e+00
6.240000000000000000e+04 0.000000000000000000e+00
6.246400000000000000e+04 0.000000000000000000e+00
6.252800000000000000e+04 0.000000000000000000e+00
6.259200000000000000e+04 0.000000000000000000e+00
6.265600000000000000e+04 0.000000000000000000e+00
6.272000000000000000e+04 0.000000000000000000e+00
6.278400000000000000e+04 0.000000000000000000e+00
6.284800000000000000e+04 0.000000000000000000e+00
6.291200000000000000e+04 0.000000000000000000e+00
6.297600000000000000e+04 0.000000000000000000e+00
6.304000000000000000e+04 0.000000000000000000e+00
6.310400000000000000e+04 0.000000000000000000e+00
6.316800000000000000e+04 0.000000000000000000e+00
6.323200000000000000e+04 0.000000000000000000e+00
6.329600000000000000e+04 0.000000000000000000e+00
6.336000000000000000e+04 0.000000000000000000e+00
6.342400000000000000e+04 0.000000000000000000e+00
6.348800000000000000e+04 0.000000000000000000e+00
6.355200000000000000e+04 0.000000000000000000e+00
6.361600000000000000e+04 0.000000000000000000e+00
6.368000000000000000e+04 0.000000000000000000e+00
6.374400000000000000e+04 0.000000000000000000e+00
6.380800000000000000e+04 0.000000000000000000e+00
6.387200000000000000e+04 0.000000000000000000e+00
6.393600000000000000e+04 0.000000000000000000e+00
6.400000000000000000e+04 0.000000000000000000e+00
6.406400000000000000e+04 0.000000000000000000e+00
6.412800000000000000e+04 0.000000000000000000e+00
6.419200000000000000e+04 0.000000000000000000e+00
6.425600000000000000e+04 0.000000000000000000e+00
6.432000000000000000e+04 0.000000000000000000e+00
6.438400000000000000e+04 0.000000000000000000e+00
6.444800000000000000e+04 0.000000000000000000e+00
6.451200000000000000e+04 0.000000000000000000e+00
6.457600000000000000e+04 0.000000000000000000e+00
6.464000000000000000e+04 0.000000000000000000e+00
6.470400000000000000e+04 0.000000000000000000e+00
6.476800000000000000e+04 0.000000000000000000e+00
6.483200000000000000e+04 0.000000000000000000e+00
6.489600000000000000e+04 0.000000000000000000e+00
6.496000000000000000e+04 0.000000000000000000e+00
6.502400000000000000e+04 0.000000000000000000e+00
6.508800000000000000e+04 0.000000000000000000e+00
6.515200000000000000e+04 0.000000000000000000e+00
6.521600000000000000e+04 0.000000000000000000e+00
6.528000000000000000e+04 0.000000000000000000e+00
6.534400000000000000e+04 0.000000000000000000e+00
6.540800000000000000e+04 0.000000000000000000e+00
6.547200000000000000e+04 0.000000000000000000e+00
6.553600000000000000e+04 0.000000000000000000e+00
6.560000000000000000e+04 0.000000000000000000e+00
6.566400000000000000e+04 0.000000000000000000e+00
6.572800000000000000e+04 0.000000000000000000e+00
6.579200000000000000e+04 0.000000000000000000e+00
6.585600000000000000e+04 0.000000000000000000e+00
6.592000000000000000e+04 0.000000000000000000e+00
6.598400000000000000e+04 0.000000000000000000e+00
6.604800000000000000e+04 0.000000000000000000e+00
6.611200000000000000e+04 0.000000000000000000e+00
6.617600000000000000e+04 0.000000000000000000e+00
6.624000000000000000e+04 0.000000000000000000e+00
6.630400000000000000e+04 0.000000000000000000e+00
6.636800000000000000e+04 0.000000000000000000e+00
6.643200000000000000e+04 0.000000000000000000e+00
6.649600000000000000e+04 0.000000000000000000e+00
6.656000000000000000e+04 0.000000000000000000e+00
6.662400000000000000e+04 0.000000000000000000e+00
6.668800000000000000e+04 0.000000000000000000e+00
6.675200000000000000e+04 0.000000000000000000e+00
6.681600000000000000e+04 0.000000000000000000e+00
6.688000000000000000e+04 0.000000000000000000e+00
6.694400000000000000e+04 0.000000000000000000e+00
6.700800000000000000e+04 0.000000000000000000e+00
6.707200000000000000e+04 0.000000000000000000e+00
6.713600000000000000e+04 0.000000000000000000e+00
6.720000000000000000e+04 0.000000000000000000e+00
6.726400000000000000e+04 0.000000000000000000e+00
6.732800000000000000e+04 0.000000000000000000e+00
6.739200000000000000e+04 0.000000000000000000e+00
6.745600000000000000e+04 0.000000000000000000e+00
6.752000000000000000e+04 0.000000000000000000e+00
6.758400000000000000e+04 0.000000000000000000e+00
6.764800000000000000e+04 0.000000000000000000e+00
6.771200000000000000e+04 0.000000000000000000e+00
6.777600000000000000e+04 0.000000000000000000e+00
6.784000000000000000e+04 0.000000000000000000e+00
6.790400000000000000e+04 0.000000000000000000e+00
6.796800000000000000e+04 0.000000000000000000e+00
6.803200000000000000e+04 0.000000000000000000e+00
6.809600000000000000e+04 0.000000000000000000e+00
6.816000000000000000e+04 0.000000000000000000e+00
6.822400000000000000e+04 0.000000000000000000e+00
6.828800000000000000e+04 0.000000000000000000e+00
6.835200000000000000e+04 0.000000000000000000e+00
6.841600000000000000e+04 0.000000000000000000e+00
6.848000000000000000e+04 0.000000000000000000e+00
6.854400000000000000e+04 0.000000000000000000e+00
6.860800000000000000e+04 0.000000000000000000e+00
6.867200000000000000e+04 0.000000000000000000e+00
6.873600000000000000e+04 0.000000000000000000e+00
6.880000000000000000e+04 0.000000000000000000e+00
6.886400000000000000e+04 0.000000000000000000e+00
6.892800000000000000e+04 0.000000000000000000e+00
6.899200000000000000e+04 0.000000000000000000e+00
6.905600000000000000e+04 0.000000000000000000e+00
6.912000000000000000e+04 0.000000000000000000e+00
6.918400000000000000e+04 0.000000000000000000e+00
6.924800000000000000e+04 0.000000000000000000e+00
6.931200000000000000e+04 0.000000000000000000e+00
6.937600000000000000e+04 0.000000000000000000e+00
6.944000000000000000e+04 0.000000000000000000e+00
6.950400000000000000e+04 0.000000000000000000e+00
6.956800000000000000e+04 0.000000000000000000e+00
6.963200000000000000e+04 0.000000000000000000e+00
6.969600000000000000e+04 0.000000000000000000e+00
6.976000000000000000e+04 0.000000000000000000e+00
6.982400000000000000e+04 0.000000000000000000e+00
6.988800000000000000e+04 0.000000000000000000e+00
6.995200000000000000e+04 0.000000000000000000e+00
7.001600000000000000e+04 0.000000000000000000e+00
7.008000000000000000e+04 0.000000000000000000e+00
7.014400000000000000e+04 0.000000000000000000e+00
7.020800000000000000e+04 0.000000000000000000e+00
7.027200000000000000e+04 0.000000000000000000e+00
7.033600000000000000e+04 0.000000000000000000e+00
7.040000000000000000e+04 0.000000000000000000e+00
7.046400000000000000e+04 0.000000000000000000e+00
7.052800000000000000e+04 0.000000000000000000e+00
7.059200000000000000e+04 0.000000000000000000e+00
7.065600000000000000e+04 0.000000000000000000e+00
7.072000000000000000e+04 0.000000000000000000e+00
7.078400000000000000e+04 0.000000000000000000e+00
7.084800000000000000e+04 0.000000000000000000e+00
7.091200000000000000e+04 0.000000000000000000e+00
7.097600000000000000e+04 0.000000000000000000e+00
7.104000000000000000e+04 0.000000000000000000e+00
7.110400000000000000e+04 0.000000000000000000e+00
7.116800000000000000e+04 0.000000000000000000e+00
7.123200000000000000e+04 0.000000000000000000e+00
7.129600000000000000e+04 0.000000000000000000e+00
7.136000000000000000e+04 0.000000000000000000e+00
7.142400000000000000e+04 0.000000000000000000e+00
7.148800000000000000e+04 0.000000000000000000e+00
7.155200000000000000e+04 0.000000000000000000e+00
7.161600000000000000e+04 0.000000000000000000e+00
7.168000000000000000e+04 0.000000000000000000e+00
7.174400000000000000e+04 0.000000000000000000e+00
7.180800000000000000e+04 0.000000000000000000e+00
7.187200000000000000e+04 0.000000000000000000e+00
7.193600000000000000e+04 0.000000000000000000e+00
7.200000000000000000e+04 0.000000000000000000e+00
7.206400000000000000e+04 0.000000000000000000e+00
7.212800000000000000e+04 0.000000000000000000e+00
7.219200000000000000e+04 0.000000000000000000e+00
7.225600000000000000e+04 0.000000000000000000e+00
7.232000000000000000e+04 0.000000000000000000e+00
7.238400000000000000e+04 0.000000000000000000e+00
7.244800000000000000e+04 0.000000000000000000e+00
7.251200000000000000e+04 0.000000000000000000e+00
7.257600000000000000e+04 0.000000000000000000e+00
7.264000000000000000e+04 0.000000000000000000e+00
7.270400000000000000e+04 0.000000000000000000e+00
7.276800000000000000e+04 0.000000000000000000e+00
7.283200000000000000e+04 0.000000000000000000e+00
7.289600000000000000e+04 0.000000000000000000e+00
7.296000000000000000e+04 0.000000000000000000e+00
7.302400000000000000e+04 0.000000000000000000e+00
7.308800000000000000e+04 0.000000000000000000e+00
7.315200000000000000e+04 0.000000000000000000e+00
7.321600000000000000e+04 0.000000000000000000e+00
7.328000000000000000e+04 0.000000000000000000e+00
7.334400000000000000e+04 0.000000000000000000e+00
7.340800000000000000e+04 0.000000000000000000e+00
7.347200000000000000e+04 0.000000000000000000e+00
7.353600000000000000e+04 0.000000000000000000e+00
7.360000000000000000e+04 0.000000000000000000e+00
7.366400000000000000e+04 0.000000000000000000e+00
7.372800000000000000e+04 0.000000000000000000e+00
7.379200000000000000e+04 0.000000000000000000e+00
7.385600000000000000e+04 0.000000000000000000e+00
7.392000000000000000e+04 0.000000000000000000e+00
7.398400000000000000e+04 0.000000000000000000e+00
7.404800000000000000e+04 0.000000000000000000e+00
7.411200000000000000e+04 0.000000000000000000e+00
7.417600000000000000e+04 0.000000000000000000e+00
7.424000000000000000e+04 0.000000000000000000e+00
7.430400000000000000e+04 0.000000000000000000e+00
7.436800000000000000e+04 0.000000000000000000e+00
7.443200000000000000e+04 0.000000000000000000e+00
7.449600000000000000e+04 0.000000000000000000e+00
7.456000000000000000e+04 0.000000000000000000e+00
7.462400000000000000e+04 0.000000000000000000e+00
7.468800000000000000e+04 0.000000000000000000e+00
7.475200000000000000e+04 0.000000000000000000e+00
7.481600000000000000e+04 0.000000000000000000e+00
7.488000000000000000e+04 0.000000000000000000e+00
7.494400000000000000e+04 0.000000000000000000e+00
7.500800000000000000e+04 0.000000000000000000e+00
7.507200000000000000e+04 0.000000000000000000e+00
7.513600000000000000e+04 0.000000000000000000e+00
7.520000000000000000e+04 0.000000000000000000e+00
7.526400000000000000e+04 0.000000000000000000e+00
7.532800000000000000e+04 0.000000000000000000e+00
7.539200000000000000e+04 0.000000000000000000e+00
7.545600000000000000e+04 0.000000000000000000e+00
7.552000000000000000e+04 0.000000000000000000e+00
7.558400000000000000e+04 0.000000000000000000e+00
7.564800000000000000e+04 0.000000000000000000e+00
7.571200000000000000e+04 0.000000000000000000e+00
7.577600000000000000e+04 0.000000000000000000e+00
7.584000000000000000e+04 0.000000000000000000e+00
7.590400000000000000e+04 0.000000000000000000e+00
7.596800000000000000e+04 0.000000000000000000e+00
7.603200000000000000e+04 0.000000000000000000e+00
7.609600000000000000e+04 0.000000000000000000e+00
7.616000000000000000e+04 0.000000000000000000e+00
7.622400000000000000e+04 0.000000000000000000e+00
7.628800000000000000e+04 0.000000000000000000e+00
7.635200000000000000e+04 0.000000000000000000e+00
7.641600000000000000e+04 0.000000000000000000e+00
7.648000000000000000e+04 0.000000000000000000e+00
7.654400000000000000e+04 0.000000000000000000e+00
7.660800000000000000e+04 0.000000000000000000e+00
7.667200000000000000e+04 0.000000000000000000e+00
7.673600000000000000e+04 0.000000000000000000e+00
7.680000000000000000e+04 0.000000000000000000e+00
7.686400000000000000e+04 0.000000000000000000e+00
7.692800000000000000e+04 0.000000000000000000e+00
7.699200000000000000e+04 0.000000000000000000e+00
7.705600000000000000e+04 0.000000000000000000e+00
7.712000000000000000e+04 0.000000000000000000e+00
7.718400000000000000e+04 0.000000000000000000e+00
7.724800000000000000e+04 0.000000000000000000e+00
7.731200000000000000e+04 0.000000000000000000e+00
7.737600000000000000e+04 0.000000000000000000e+00
7.744000000000000000e+04 0.000000000000000000e+00
7.750400000000000000e+04 0.000000000000000000e+00
7.756800000000000000e+04 0.000000000000000000e+00
7.763200000000000000e+04 0.000000000000000000e+00
7.769600000000000000e+04 0.000000000000000000e+00
7.776000000000000000e+04 0.000000000000000000e+00
7.782400000000000000e+04 0.000000000000000000e+00
7.788800000000000000e+04 0.000000000000000000e+00
7.795200000000000000e+04 0.000000000000000000e+00
7.801600000000000000e+04 0.000000000000000000e+00
7.808000000000000000e+04 0.000000000000000000e+00
7.814400000000000000e+04 0.000000000000000000e+00
7.820800000000000000e+04 0.000000000000000000e+00
7.827200000000000000e+04 0.000000000000000000e+00
7.833600000000000000e+04 0.000000000000000000e+00
7.840000000000000000e+04 0.000000000000000000e+00
7.846400000000000000e+04 0.000000000000000000e+00
7.852800000000000000e+04 0.000000000000000000e+00
7.859200000000000000e+04 0.000000000000000000e+00
7.865600000000000000e+04 0.000000000000000000e+00
7.872000000000000000e+04 0.000000000000000000e+00
7.878400000000000000e+04 0.000000000000000000e+00
7.884800000000000000e+04 0.000000000000000000e+00
7.891200000000000000e+04 0.000000000000000000e+00
7.897600000000000000e+04 0.000000000000000000e+00
7.904000000000000000e+04 0.000000000000000000e+00
7.910400000000000000e+04 0.000000000000000000e+00
7.916800000000000000e+04 0.000000000000000000e+00
7.923200000000000000e+04 0.000000000000000000e+00
7.929600000000000000e+04 0.000000000000000000e+00
7.936000000000000000e+04 0.000000000000000000e+00
7.942400000000000000e+04 0.000000000000000000e+00
7.948800000000000000e+04 0.000000000000000000e+00
7.955200000000000000e+04 0.000000000000000000e+00
7.961600000000000000e+04 0.000000000000000000e+00
7.968000000000000000e+04 0.000000000000000000e+00
7.974400000000000000e+04 0.000000000000000000e+00
7.980800000000000000e+04 0.000000000000000000e+00
7.987200000000000000e+04 0.000000000000000000e+00
7.993600000000000000e+04 0.000000000000000000e+00
8.000000000000000000e+04 0.000000000000000000e+00
8.006400000000000000e+04 0.000000000000000000e+00
8.012800000000000000e+04 0.000000000000000000e+00
8.019200000000000000e+04 0.000000000000000000e+00
8.025600000000000000e+04 0.000000000000000000e+00
8.032000000000000000e+04 0.000000000000000000e+00
8.038400000000000000e+04 0.000000000000000000e+00
8.044800000000000000e+04 0.000000000000000000e+00
8.051200000000000000e+04 0.000000000000000000e+00
8.057600000000000000e+04 0.000000000000000000e+00
8.064000000000000000e+04 0.000000000000000000e+00
8.070400000000000000e+04 0.000000000000000000e+00
8.076800000000000000e+04 0.000000000000000000e+00
8.083200000000000000e+04 0.000000000000000000e+00
8.089600000000000000e+04 0.000000000000000000e+00
8.096000000000000000e+04 0.000000000000000000e+00
8.102400000000000000e+04 0.000000000000000000e+00
8.108800000000000000e+04 0.000000000000000000e+00
8.115200000000000000e+04 0.000000000000000000e+00
8.121600000000000000e+04 0.000000000000000000e+00
8.128000000000000000e+04 0.000000000000000000e+00
8.134400000000000000e+04 0.000000000000000000e+00
8.140800000000000000e+04 0.000000000000000000e+00
8.147200000000000000e+04 0.000000000000000000e+00
8.153600000000000000e+04 0.000000000000000000e+00
8.160000000000000000e+04 0.000000000000000000e+00
8.166400000000000000e+04 0.000000000000000000e+00
8.172800000000000000e+04 0.000000000000000000e+00
8.179200000000000000e+04 0.000000000000000000e+00
8.185600000000000000e+04 0.000000000000000000e+00
8.192000000000000000e+04 0.000000000000000000e+00
8.198400000000000000e+04 0.000000000000000000e+00
8.204800000000000000e+04 0.000000000000000000e+00
8.211200000000000000e+04 0.000000000000000000e+00
8.217600000000000000e+04 0.000000000000000000e+00
8.224000000000000000e+04 0.000000000000000000e+00
8.230400000000000000e+04 0.000000000000000000e+00
8.236800000000000000e+04 0.000000000000000000e+00
8.243200000000000000e+04 0.000000000000000000e+00
8.249600000000000000e+04 0.000000000000000000e+00
8.256000000000000000e+04 0.000000000000000000e+00
8.262400000000000000e+04 0.000000000000000000e+00
8.268800000000000000e+04 0.000000000000000000e+00
8.275200000000000000e+04 0.000000000000000000e+00
8.281600000000000000e+04 0.000000000000000000e+00
8.288000000000000000e+04 0.000000000000000000e+00
8.294400000000000000e+04 0.000000000000000000e+00
8.300800000000000000e+04 0.000000000000000000e+00
8.307200000000000000e+04 0.000000000000000000e+00
8.313600000000000000e+04 0.000000000000000000e+00
8.320000000000000000e+04 0.000000000000000000e+00
8.326400000000000000e+04 0.000000000000000000e+00
8.332800000000000000e+04 0.000000000000000000e+00
8.339200000000000000e+04 0.000000000000000000e+00
8.345600000000000000e+04 0.000000000000000000e+00
8.352000000000000000e+04 0.000000000000000000e+00
8.358400000000000000e+04 0.000000000000000000e+00
8.364800000000000000e+04 0.000000000000000000e+00
8.371200000000000000e+04 0.000000000000000000e+00
8.377600000000000000e+04 0.000000000000000000e+00
8.384000000000000000e+04 0.000000000000000000e+00
8.390400000000000000e+04 0.000000000000000000e+00
8.396800000000000000e+04 0.000000000000000000e+00
8.403200000000000000e+04 0.000000000000000000e+00
8.409600000000000000e+04 0.000000000000000000e+00
8.416000000000000000e+04 0.000000000000000000e+00
8.422400000000000000e+04 0.000000000000000000e+00
8.428800000000000000e+04 0.000000000000000000e+00
8.435200000000000000e+04 0.000000000000000000e+00
8.441600000000000000e+04 0.000000000000000000e+00
8.448000000000000000e+04 0.000000000000000000e+00
8.454400000000000000e+04 0.000000000000000000e+00
8.460800000000000000e+04 0.000000000000000000e+00
8.467200000000000000e+04 0.000000000000000000e+00
8.473600000000000000e+04 0.000000000000000000e+00
8.480000000000000000e+04 0.000000000000000000e+00
8.486400000000000000e+04 0.000000000000000000e+00
8.492800000000000000e+04 0.000000000000000000e+00
8.499200000000000000e+04 0.000000000000000000e+00
8.505600000000000000e+04 0.000000000000000000e+00
8.512000000000000000e+04 0.000000000000000000e+00
8.518400000000000000e+04 0.000000000000000000e+00
8.524800000000000000e+04 0.000000000000000000e+00
8.531200000000000000e+04 0.000000000000000000e+00
8.537600000000000000e+04 0.000000000000000000e+00
8.544000000000000000e+04 0.000000000000000000e+00
8.550400000000000000e+04 0.000000000000000000e+00
8.556800000000000000e+04 0.000000000000000000e+00
8.563200000000000000e+04 0.000000000000000000e+00
8.569600000000000000e+04 0.000000000000000000e+00
8.576000000000000000e+04 0.000000000000000000e+00
8.582400000000000000e+04 0.000000000000000000e+00
8.588800000000000000e+04 0.000000000000000000e+00
8.595200000000000000e+04 0.000000000000000000e+00
8.601600000000000000e+04 0.000000000000000000e+00
8.608000000000000000e+04 0.000000000000000000e+00
8.614400000000000000e+04 0.000000000000000000e+00
8.620800000000000000e+04 0.000000000000000000e+00
8.627200000000000000e+04 0.000000000000000000e+00
8.633600000000000000e+04 0.000000000000000000e+00
8.640000000000000000e+04 0.000000000000000000e+00
8.646400000000000000e+04 0.000000000000000000e+00
8.652800000000000000e+04 0.000000000000000000e+00
8.659200000000000000e+04 0.000000000000000000e+00
8.665600000000000000e+04 0.000000000000000000e+00
8.672000000000000000e+04 0.000000000000000000e+00
8.678400000000000000e+04 0.000000000000000000e+00
8.684800000000000000e+04 0.000000000000000000e+00
8.691200000000000000e+04 0.000000000000000000e+00
8.697600000000000000e+04 0.000000000000000000e+00
8.704000000000000000e+04 0.000000000000000000e+00
8.710400000000000000e+04 0.000000000000000000e+00
8.716800000000000000e+04 0.000000000000000000e+00
8.723200000000000000e+04 0.000000000000000000e+00
8.729600000000000000e+04 0.000000000000000000e+00
8.736000000000000000e+04 0.000000000000000000e+00
8.742400000000000000e+04 0.000000000000000000e+00
8.748800000000000000e+04 0.000000000000000000e+00
8.755200000000000000e+04 0.000000000000000000e+00
8.761600000000000000e+04 0.000000000000000000e+00
8.768000000000000000e+04 0.000000000000000000e+00
8.774400000000000000e+04 0.000000000000000000e+00
8.780800000000000000e+04 0.000000000000000000e+00
8.787200000000000000e+04 0.000000000000000000e+00
8.793600000000000000e+04 0.000000000000000000e+00
8.800000000000000000e+04 0.000000000000000000e+00
8.806400000000000000e+04 0.000000000000000000e+00
8.812800000000000000e+04 0.000000000000000000e+00
8.819200000000000000e+04 0.000000000000000000e+00
8.825600000000000000e+04 0.000000000000000000e+00
8.832000000000000000e+04 0.000000000000000000e+00
8.838400000000000000e+04 0.000000000000000000e+00
8.844800000000000000e+04 0.000000000000000000e+00
8.851200000000000000e+04 0.000000000000000000e+00
8.857600000000000000e+04 0.000000000000000000e+00
8.864000000000000000e+04 0.000000000000000000e+00
8.870400000000000000e+04 0.000000000000000000e+00
8.876800000000000000e+04 0.000000000000000000e+00
8.883200000000000000e+04 0.000000000000000000e+00
8.889600000000000000e+04 0.000000000000000000e+00
8.896000000000000000e+04 0.000000000000000000e+00
8.902400000000000000e+04 0.000000000000000000e+00
8.908800000000000000e+04 0.000000000000000000e+00
8.915200000000000000e+04 0.000000000000000000e+00
8.921600000000000000e+04 0.000000000000000000e+00
8.928000000000000000e+04 0.000000000000000000e+00
8.934400000000000000e+04 0.000000000000000000e+00
8.940800000000000000e+04 0.000000000000000000e+00
8.947200000000000000e+04 0.000000000000000000e+00
8.953600000000000000e+04 0.000000000000000000e+00
8.960000000000000000e+04 0.000000000000000000e+00
8.966400000000000000e+04 0.000000000000000000e+00
8.972800000000000000e+04 0.000000000000000000e+00
8.979200000000000000e+04 0.000000000000000000e+00
8.985600000000000000e+04 0.000000000000000000e+00
8.992000000000000000e+04 0.000000000000000000e+00
8.998400000000000000e+04 0.000000000000000000e+00
9.004800000000000000e+04 0.000000000000000000e+00
9.011200000000000000e+04 0.000000000000000000e+00
9.017600000000000000e+04 0.000000000000000000e+00
9.024000000000000000e+04 0.000000000000000000e+00
9.030400000000000000e+04 0.000000000000000000e+00
9.036800000000000000e+04 0.000000000000000000e+00
9.043200000000000000e+04 0.000000000000000000e+00
9.049600000000000000e+04 0.000000000000000000e+00
9.056000000000000000e+04 0.000000000000000000e+00
9.062400000000000000e+04 0.000000000000000000e+00
9.068800000000000000e+04 0.000000000000000000e+00
9.075200000000000000e+04 0.000000000000000000e+00
9.081600000000000000e+04 0.000000000000000000e+00
9.088000000000000000e+04 0.000000000000000000e+00
9.094400000000000000e+04 0.000000000000000000e+00
9.100800000000000000e+04 0.000000000000000000e+00
9.107200000000000000e+04 0.000000000000000000e+00
9.113600000000000000e+04 0.000000000000000000e+00
9.120000000000000000e+04 0.000000000000000000e+00
9.126400000000000000e+04 0.000000000000000000e+00
9.132800000000000000e+04 0.000000000000000000e+00
9.139200000000000000e+04 0.000000000000000000e+00
9.145600000000000000e+04 0.000000000000000000e+00
9.152000000000000000e+04 0.000000000000000000e+00
9.158400000000000000e+04 0.000000000000000000e+00
9.164800000000000000e+04 0.000000000000000000e+00
9.171200000000000000e+04 0.000000000000000000e+00
9.177600000000000000e+04 0.000000000000000000e+00
9.184000000000000000e+04 0.000000000000000000e+00
9.190400000000000000e+04 0.000000000000000000e+00
9.196800000000000000e+04 0.000000000000000000e+00
9.203200000000000000e+04 0.000000000000000000e+00
9.209600000000000000e+04 0.000000000000000000e+00
9.216000000000000000e+04 0.000000000000000000e+00
9.222400000000000000e+04 0.000000000000000000e+00
9.228800000000000000e+04 0.000000000000000000e+00
9.235200000000000000e+04 0.000000000000000000e+00
9.241600000000000000e+04 0.000000000000000000e+00
9.248000000000000000e+04 0.000000000000000000e+00
9.254400000000000000e+04 0.000000000000000000e+00
9.260800000000000000e+04 0.000000000000000000e+00
9.267200000000000000e+04 0.000000000000000000e+00
9.273600000000000000e+04 0.000000000000000000e+00
9.280000000000000000e+04 0.000000000000000000e+00
9.286400000000000000e+04 0.000000000000000000e+00
9.292800000000000000e+04 0.000000000000000000e+00
9.299200000000000000e+04 0.000000000000000000e+00
9.305600000000000000e+04 0.000000000000000000e+00
9.312000000000000000e+04 0.000000000000000000e+00
9.318400000000000000e+04 0.000000000000000000e+00
9.324800000000000000e+04 0.000000000000000000e+00
9.331200000000000000e+04 0.000000000000000000e+00
9.337600000000000000e+04 0.000000000000000000e+00
9.344000000000000000e+04 0.000000000000000000e+00
9.350400000000000000e+04 0.000000000000000000e+00
9.356800000000000000e+04 0.000000000000000000e+00
9.363200000000000000e+04 0.000000000000000000e+00
9.369600000000000000e+04 0.000000000000000000e+00
9.376000000000000000e+04 0.000000000000000000e+00
9.382400000000000000e+04 0.000000000000000000e+00
9.388800000000000000e+04 0.000000000000000000e+00
9.395200000000000000e+04 0.000000000000000000e+00
9.401600000000000000e+04 0.000000000000000000e+00
9.408000000000000000e+04 0.000000000000000000e+00
9.414400000000000000e+04 0.000000000000000000e+00
9.420800000000000000e+04 0.000000000000000000e+00
9.427200000000000000e+04 0.000000000000000000e+00
9.433600000000000000e+04 0.000000000000000000e+00
9.440000000000000000e+04 0.000000000000000000e+00
9.446400000000000000e+04 0.000000000000000000e+00
9.452800000000000000e+04 0.000000000000000000e+00
9.459200000000000000e+04 0.000000000000000000e+00
9.465600000000000000e+04 0.000000000000000000e+00
9.472000000000000000e+04 0.000000000000000000e+00
9.478400000000000000e+04 0.000000000000000000e+00
9.484800000000000000e+04 0.000000000000000000e+00
9.491200000000000000e+04 0.000000000000000000e+00
9.497600000000000000e+04 0.000000000000000000e+00
9.504000000000000000e+04 0.000000000000000000e+00
9.510400000000000000e+04 0.000000000000000000e+00
9.516800000000000000e+04 0.000000000000000000e+00
9.523200000000000000e+04 0.000000000000000000e+00
9.529600000000000000e+04 0.000000000000000000e+00
9.536000000000000000e+04 0.000000000000000000e+00
9.542400000000000000e+04 0.000000000000000000e+00
9.548800000000000000e+04 0.000000000000000000e+00
9.555200000000000000e+04 0.000000000000000000e+00
9.561600000000000000e+04 0.000000000000000000e+00
9.568000000000000000e+04 0.000000000000000000e+00
9.574400000000000000e+04 0.000000000000000000e+00
9.580800000000000000e+04 0.000000000000000000e+00
9.587200000000000000e+04 0.000000000000000000e+00
9.593600000000000000e+04 0.000000000000000000e+00
9.600000000000000000e+04 0.000000000000000000e+00
9.606400000000000000e+04 0.000000000000000000e+00
9.612800000000000000e+04 0.000000000000000000e+00
9.619200000000000000e+04 0.000000000000000000e+00
9.625600000000000000e+04 0.000000000000000000e+00
9.632000000000000000e+04 0.000000000000000000e+00
9.638400000000000000e+04 0.000000000000000000e+00
9.644800000000000000e+04 0.000000000000000000e+00
9.651200000000000000e+04 0.000000000000000000e+00
9.657600000000000000e+04 0.000000000000000000e+00
9.664000000000000000e+04 0.000000000000000000e+00
9.670400000000000000e+04 0.000000000000000000e+00
9.676800000000000000e+04 0.000000000000000000e+00
9.683200000000000000e+04 0.000000000000000000e+00
9.689600000000000000e+04 0.000000000000000000e+00
9.696000000000000000e+04 0.000000000000000000e+00
9.702400000000000000e+04 0.000000000000000000e+00
9.708800000000000000e+04 0.000000000000000000e+00
9.715200000000000000e+04 0.000000000000000000e+00
9.721600000000000000e+04 0.000000000000000000e+00
9.728000000000000000e+04 0.000000000000000000e+00
9.734400000000000000e+04 0.000000000000000000e+00
9.740800000000000000e+04 0.000000000000000000e+00
9.747200000000000000e+04 0.000000000000000000e+00
9.753600000000000000e+04 0.000000000000000000e+00
9.760000000000000000e+04 0.000000000000000000e+00
9.766400000000000000e+04 0.000000000000000000e+00
9.772800000000000000e+04 0.000000000000000000e+00
9.779200000000000000e+04 0.000000000000000000e+00
9.785600000000000000e+04 0.000000000000000000e+00
9.792000000000000000e+04 0.000000000000000000e+00
9.798400000000000000e+04 0.000000000000000000e+00
9.804800000000000000e+04 0.000000000000000000e+00
9.811200000000000000e+04 0.000000000000000000e+00
9.817600000000000000e+04 0.000000000000000000e+00
9.824000000000000000e+04 0.000000000000000000e+00
9.830400000000000000e+04 0.000000000000000000e+00
9.836800000000000000e+04 0.000000000000000000e+00
9.843200000000000000e+04 0.000000000000000000e+00
9.849600000000000000e+04 0.000000000000000000e+00
9.856000000000000000e+04 0.000000000000000000e+00
9.862400000000000000e+04 0.000000000000000000e+00
9.868800000000000000e+04 0.000000000000000000e+00
9.875200000000000000e+04 0.000000000000000000e+00
9.881600000000000000e+04 0.000000000000000000e+00
9.888000000000000000e+04 0.000000000000000000e+00
9.894400000000000000e+04 0.000000000000000000e+00
9.900800000000000000e+04 0.000000000000000000e+00
9.907200000000000000e+04 0.000000000000000000e+00
9.913600000000000000e+04 0.000000000000000000e+00
9.920000000000000000e+04 0.000000000000000000e+00
9.926400000000000000e+04 0.000000000000000000e+00
9.932800000000000000e+04 0.000000000000000000e+00
9.939200000000000000e+04 0.000000000000000000e+00
9.945600000000000000e+04 0.000000000000000000e+00
9.952000000000000000e+04 0.000000000000000000e+00
9.958400000000000000e+04 0.000000000000000000e+00
9.964800000000000000e+04 0.000000000000000000e+00
9.971200000000000000e+04 0.000000000000000000e+00
9.977600000000000000e+04 0.000000000000000000e+00
9.984000000000000000e+04 0.000000000000000000e+00
9.990400000000000000e+04 0.000000000000000000e+00
9.996800000000000000e+04 0.000000000000000000e+00
1.000320000000000000e+05 0.000000000000000000e+00
