1.024000000000000000e+03 3.593828934710734757e+04
2.048000000000000000e+03 3.593828934710734757e+04
3.072000000000000000e+03 3.593828934710734757e+04
4.096000000000000000e+03 3.593828934710734757e+04
5.120000000000000000e+03 3.593828934710734757e+04
6.144000000000000000e+03 3.593828934710734757e+04
7.168000000000000000e+03 3.593828934710734757e+04
8.192000000000000000e+03 1.786680803341415231e+04
9.216000000000000000e+03 1.786680803341415231e+04
1.024000000000000000e+04 3.039811070397061030e+03
1.126400000000000000e+04 3.039811070397061030e+03
1.228800000000000000e+04 3.039811070397061030e+03
1.331200000000000000e+04 3.039811070397061030e+03
1.433600000000000000e+04 3.039811070397061030e+03
1.536000000000000000e+04 3.039811070397061030e+03
1.638400000000000000e+04 3.039811070397061030e+03
1.740800000000000000e+04 3.039811070397061030e+03
1.843200000000000000e+04 2.604350917711940838e+03
1.945600000000000000e+04 2.604350917711940838e+03
2.048000000000000000e+04 2.604350917711940838e+03
2.150400000000000000e+04 2.604350917711940838e+03
2.252800000000000000e+04 2.604350917711940838e+03
2.355200000000000000e+04 2.604350917711940838e+03
2.457600000000000000e+04 2.604350917711940838e+03
2.560000000000000000e+04 2.604350917711940838e+03
2.662400000000000000e+04 2.604350917711940838e+03
2.764800000000000000e+04 2.604350917711940838e+03
2.867200000000000000e+04 2.604350917711940838e+03
2.969600000000000000e+04 2.604350917711940838e+03
3.072000000000000000e+04 2.604350917711940838e+03
3.174400000000000000e+04 2.604350917711940838e+03
3.276800000000000000e+04 2.604350917711940838e+03
3.379200000000000000e+04 2.604350917711940838e+03
3.481600000000000000e+04 2.604350917711940838e+03
3.584000000000000000e+04 2.604350917711940838e+03
3.686400000000000000e+04 2.604350917711940838e+03
3.788800000000000000e+04 2.604350917711940838e+03
3.891200000000000000e+04 2.604350917711940838e+03
3.993600000000000000e+04 2.604350917711940838e+03
4.096000000000000000e+04 2.220527239565200489e+03
4.198400000000000000e+04 2.220527239565200489e+03
4.300800000000000000e+04 2.220527239565200489e+03
4.403200000000000000e+04 2.220527239565200489e+03
4.505600000000000000e+04 2.220527239565200489e+03
4.608000000000000000e+04 2.220527239565200489e+03
4.710400000000000000e+04 2.220527239565200489e+03
4.812800000000000000e+04 1.969035709700289772e+03
4.915200000000000000e+04 1.969035709700289772e+03
5.017600000000000000e+04 1.969035709700289772e+03
5.120000000000000000e+04 1.969035709700289772e+03
5.222400000000000000e+04 1.969035709700289772e+03
5.324800000000000000e+04 1.969035709700289772e+03
5.427200000000000000e+04 1.969035709700289772e+03
5.529600000000000000e+04 1.969035709700289772e+03
5.632000000000000000e+04 1.276511082389118201e+03
5.734400000000000000e+04 1.276511082389118201e+03
5.836800000000000000e+04 1.276511082389118201e+03
5.939200000000000000e+04 1.276511082389118201e+03
6.041600000000000000e+04 1.276511082389118201e+03
6.144000000000000000e+04 1.276511082389118201e+03
6.246400000000000000e+04 1.276511082389118201e+03
6.348800000000000000e+04 1.276511082389118201e+03
6.451200000000000000e+04 1.276511082389118201e+03
6.553600000000000000e+04 1.276511082389118201e+03
6.656000000000000000e+04 1.276511082389118201e+03
6.758400000000000000e+04 6.078848388603942112e+02
6.860800000000000000e+04 6.078848388603942112e+02
6.963200000000000000e+04 6.078848388603942112e+02
7.065600000000000000e+04 6.078848388603942112e+02
7.168000000000000000e+04 6.078848388603942112e+02
7.270400000000000000e+04 6.003699955053043595e+02
7.372800000000000000e+04 6.003699955053043595e+02
7.475200000000000000e+04 6.003699955053043595e+02
7.577600000000000000e+04 6.003699955053043595e+02
7.680000000000000000e+04 6.003699955053043595e+02
7.782400000000000000e+04 6.003699955053043595e+02
7.884800000000000000e+04 3.341489371171286393e+02
7.987200000000000000e+04 3.341489371171286393e+02
8.089600000000000000e+04 3.341489371171286393e+02
8.192000000000000000e+04 3.341489371171286393e+02
8.294400000000000000e+04 3.341489371171286393e+02
8.396800000000000000e+04 3.341489371171286393e+02
8.499200000000000000e+04 3.341489371171286393e+02
8.601600000000000000e+04 3.341489371171286393e+02
8.704000000000000000e+04 3.341489371171286393e+02
8.806400000000000000e+04 3.341489371171286393e+02
8.908800000000000000e+04 3.341489371171286393e+02
9.011200000000000000e+04 3.341489371171286393e+02
9.113600000000000000e+04 3.341489371171286393e+02
9.216000000000000000e+04 3.341489371171286393e+02
9.318400000000000000e+04 3.341489371171286393e+02
9.420800000000000000e+04 3.341489371171286393e+02
9.523200000000000000e+04 3.341489371171286393e+02
9.625600000000000000e+04 3.341489371171286393e+02
9.728000000000000000e+04 3.341489371171286393e+02
9.830400000000000000e+04 3.341489371171286393e+02
9.932800000000000000e+04 3.341489371171286393e+02
1.003520000000000000e+05 3.341489371171286393e+02
1.013760000000000000e+05 3.341489371171286393e+02
1.024000000000000000e+05 3.341489371171286393e+02
1.034240000000000000e+05 3.341489371171286393e+02
1.044480000000000000e+05 3.341489371171286393e+02
1.054720000000000000e+05 3.341489371171286393e+02
1.064960000000000000e+05 3.341489371171286393e+02
1.075200000000000000e+05 3.341489371171286393e+02
1.085440000000000000e+05 3.341489371171286393e+02
1.095680000000000000e+05 3.341489371171286393e+02
1.105920000000000000e+05 3.076760332821540374e+02
1.116160000000000000e+05 3.076760332821540374e+02
1.126400000000000000e+05 3.076760332821540374e+02
1.136640000000000000e+05 3.076760332821540374e+02
1.146880000000000000e+05 3.076760332821540374e+02
1.157120000000000000e+05 3.076760332821540374e+02
1.167360000000000000e+05 3.076760332821540374e+02
1.177600000000000000e+05 3.076760332821540374e+02
1.187840000000000000e+05 3.076760332821540374e+02
1.198080000000000000e+05 3.076760332821540374e+02
1.208320000000000000e+05 3.076760332821540374e+02
1.218560000000000000e+05 3.076760332821540374e+02
1.228800000000000000e+05 3.076760332821540374e+02
1.239040000000000000e+05 3.076760332821540374e+02
1.249280000000000000e+05 3.076760332821540374e+02
1.259520000000000000e+05 3.076760332821540374e+02
1.269760000000000000e+05 3.076760332821540374e+02
1.280000000000000000e+05 3.076760332821540374e+02
1.290240000000000000e+05 3.076760332821540374e+02
1.300480000000000000e+05 3.076760332821540374e+02
1.310720000000000000e+05 3.076760332821540374e+02
1.320960000000000000e+05 1.579800725071849570e+02
1.331200000000000000e+05 1.579800725071849570e+02
1.341440000000000000e+05 1.579800725071849570e+02
1.351680000000000000e+05 1.579800725071849570e+02
1.361920000000000000e+05 1.579800725071849570e+02
1.372160000000000000e+05 1.579800725071849570e+02
1.382400000000000000e+05 1.579800725071849570e+02
1.392640000000000000e+05 1.579800725071849570e+02
1.402880000000000000e+05 1.579800725071849570e+02
1.413120000000000000e+05 1.579800725071849570e+02
1.423360000000000000e+05 1.579800725071849570e+02
1.433600000000000000e+05 1.579800725071849570e+02
1.443840000000000000e+05 1.579800725071849570e+02
1.454080000000000000e+05 1.579800725071849570e+02
1.464320000000000000e+05 1.579800725071849570e+02
1.474560000000000000e+05 1.579800725071849570e+02
1.484800000000000000e+05 1.579800725071849570e+02
1.495040000000000000e+05 1.579800725071849570e+02
1.505280000000000000e+05 1.579800725071849570e+02
1.515520000000000000e+05 1.579800725071849570e+02
1.525760000000000000e+05 1.579800725071849570e+02
1.536000000000000000e+05 1.579800725071849570e+02
1.546240000000000000e+05 1.579800725071849570e+02
1.556480000000000000e+05 1.579800725071849570e+02
1.566720000000000000e+05 1.579800725071849570e+02
1.576960000000000000e+05 1.010979097599003040e+02
1.587200000000000000e+05 1.010979097599003040e+02
1.597440000000000000e+05 1.010979097599003040e+02
1.607680000000000000e+05 1.010979097599003040e+02
1.617920000000000000e+05 1.010979097599003040e+02
1.628160000000000000e+05 1.010979097599003040e+02
1.638400000000000000e+05 1.010979097599003040e+02
1.648640000000000000e+05 1.010979097599003040e+02
1.658880000000000000e+05 1.010979097599003040e+02
1.669120000000000000e+05 1.010979097599003040e+02
1.679360000000000000e+05 1.010979097599003040e+02
1.689600000000000000e+05 1.010979097599003040e+02
1.699840000000000000e+05 1.010979097599003040e+02
1.710080000000000000e+05 1.010979097599003040e+02
1.720320000000000000e+05 1.010979097599003040e+02
1.730560000000000000e+05 1.010979097599003040e+02
1.740800000000000000e+05 1.010979097599003040e+02
1.751040000000000000e+05 1.010979097599003040e+02
1.761280000000000000e+05 1.010979097599003040e+02
1.771520000000000000e+05 1.010979097599003040e+02
1.781760000000000000e+05 1.010979097599003040e+02
1.792000000000000000e+05 1.010979097599003040e+02
1.802240000000000000e+05 1.010979097599003040e+02
1.812480000000000000e+05 1.010979097599003040e+02
1.822720000000000000e+05 1.010979097599003040e+02
1.832960000000000000e+05 1.010979097599003040e+02
1.843200000000000000e+05 1.010979097599003040e+02
1.853440000000000000e+05 1.010979097599003040e+02
1.863680000000000000e+05 1.010979097599003040e+02
1.873920000000000000e+05 8.511956765722514717e+01
1.884160000000000000e+05 8.511956765722514717e+01
1.894400000000000000e+05 8.511956765722514717e+01
1.904640000000000000e+05 8.511956765722514717e+01
1.914880000000000000e+05 8.511956765722514717e+01
1.925120000000000000e+05 8.511956765722514717e+01
1.935360000000000000e+05 8.511956765722514717e+01
1.945600000000000000e+05 8.511956765722514717e+01
1.955840000000000000e+05 8.511956765722514717e+01
1.966080000000000000e+05 6.761857586787226637e+01
1.976320000000000000e+05 6.761857586787226637e+01
1.986560000000000000e+05 6.761857586787226637e+01
1.996800000000000000e+05 6.761857586787226637e+01
2.007040000000000000e+05 6.761857586787226637e+01
2.017280000000000000e+05 6.761857586787226637e+01
2.027520000000000000e+05 6.761857586787226637e+01
2.037760000000000000e+05 4.775296480886283490e+01
2.048000000000000000e+05 4.775296480886283490e+01
2.058240000000000000e+05 4.775296480886283490e+01
2.068480000000000000e+05 4.775296480886283490e+01
2.078720000000000000e+05 4.775296480886283490e+01
2.088960000000000000e+05 4.775296480886283490e+01
2.099200000000000000e+05 4.775296480886283490e+01
2.109440000000000000e+05 4.775296480886283490e+01
2.119680000000000000e+05 4.775296480886283490e+01
2.129920000000000000e+05 4.775296480886283490e+01
2.140160000000000000e+05 4.775296480886283490e+01
2.150400000000000000e+05 4.775296480886283490e+01
2.160640000000000000e+05 4.775296480886283490e+01
2.170880000000000000e+05 4.775296480886283490e+01
2.181120000000000000e+05 4.775296480886283490e+01
2.191360000000000000e+05 4.775296480886283490e+01
2.201600000000000000e+05 4.775296480886283490e+01
2.211840000000000000e+05 4.775296480886283490e+01
2.222080000000000000e+05 4.775296480886283490e+01
2.232320000000000000e+05 4.775296480886283490e+01
2.242560000000000000e+05 4.775296480886283490e+01
2.252800000000000000e+05 4.775296480886283490e+01
2.263040000000000000e+05 4.775296480886283490e+01
2.273280000000000000e+05 4.775296480886283490e+01
2.283520000000000000e+05 4.775296480886283490e+01
2.293760000000000000e+05 4.775296480886283490e+01
2.304000000000000000e+05 4.775296480886283490e+01
2.314240000000000000e+05 4.775296480886283490e+01
2.324480000000000000e+05 4.775296480886283490e+01
2.334720000000000000e+05 4.775296480886283490e+01
2.344960000000000000e+05 4.775296480886283490e+01
2.355200000000000000e+05 4.775296480886283490e+01
2.365440000000000000e+05 4.775296480886283490e+01
2.375680000000000000e+05 4.775296480886283490e+01
2.385920000000000000e+05 4.775296480886283490e+01
2.396160000000000000e+05 4.775296480886283490e+01
2.406400000000000000e+05 4.775296480886283490e+01
2.416640000000000000e+05 4.335876003087193453e+01
2.426880000000000000e+05 4.335876003087193453e+01
2.437120000000000000e+05 4.335876003087193453e+01
2.447360000000000000e+05 4.335876003087193453e+01
2.457600000000000000e+05 4.335876003087193453e+01
2.467840000000000000e+05 4.335876003087193453e+01
2.478080000000000000e+05 4.335876003087193453e+01
2.488320000000000000e+05 4.335876003087193453e+01
2.498560000000000000e+05 4.335876003087193453e+01
2.508800000000000000e+05 4.335876003087193453e+01
2.519040000000000000e+05 4.335876003087193453e+01
2.529280000000000000e+05 4.335876003087193453e+01
2.539520000000000000e+05 4.335876003087193453e+01
2.549760000000000000e+05 4.335876003087193453e+01
2.560000000000000000e+05 2.519787022183727743e+01
2.570240000000000000e+05 2.519787022183727743e+01
2.580480000000000000e+05 2.519787022183727743e+01
2.590720000000000000e+05 2.519787022183727743e+01
2.600960000000000000e+05 2.519787022183727743e+01
2.611200000000000000e+05 2.519787022183727743e+01
2.621440000000000000e+05 2.519787022183727743e+01
2.631680000000000000e+05 2.519787022183727743e+01
2.641920000000000000e+05 2.519787022183727743e+01
2.652160000000000000e+05 2.519787022183727743e+01
2.662400000000000000e+05 2.519787022183727743e+01
2.672640000000000000e+05 2.089709401037271164e+01
2.682880000000000000e+05 2.089709401037271164e+01
2.693120000000000000e+05 2.089709401037271164e+01
2.703360000000000000e+05 2.089709401037271164e+01
2.713600000000000000e+05 2.089709401037271164e+01
2.723840000000000000e+05 2.089709401037271164e+01
2.734080000000000000e+05 2.089709401037271164e+01
2.744320000000000000e+05 2.089709401037271164e+01
2.754560000000000000e+05 2.071205041157117677e+01
2.764800000000000000e+05 2.071205041157117677e+01
2.775040000000000000e+05 2.071205041157117677e+01
2.785280000000000000e+05 2.071205041157117677e+01
2.795520000000000000e+05 2.071205041157117677e+01
2.805760000000000000e+05 2.071205041157117677e+01
2.816000000000000000e+05 2.071205041157117677e+01
2.826240000000000000e+05 2.071205041157117677e+01
2.836480000000000000e+05 2.071205041157117677e+01
2.846720000000000000e+05 2.071205041157117677e+01
2.856960000000000000e+05 2.071205041157117677e+01
2.867200000000000000e+05 2.071205041157117677e+01
2.877440000000000000e+05 2.071205041157117677e+01
2.887680000000000000e+05 2.071205041157117677e+01
2.897920000000000000e+05 2.071205041157117677e+01
2.908160000000000000e+05 2.071205041157117677e+01
2.918400000000000000e+05 2.071205041157117677e+01
2.928640000000000000e+05 2.071205041157117677e+01
2.938880000000000000e+05 2.071205041157117677e+01
2.949120000000000000e+05 2.071205041157117677e+01
2.959360000000000000e+05 1.784544874300551953e+01
2.969600000000000000e+05 1.784544874300551953e+01
2.979840000000000000e+05 1.784544874300551953e+01
2.990080000000000000e+05 1.784544874300551953e+01
3.000320000000000000e+05 1.784544874300551953e+01
3.010560000000000000e+05 1.784544874300551953e+01
3.020800000000000000e+05 1.784544874300551953e+01
3.031040000000000000e+05 1.784544874300551953e+01
3.041280000000000000e+05 1.784544874300551953e+01
3.051520000000000000e+05 1.784544874300551953e+01
3.061760000000000000e+05 1.784544874300551953e+01
3.072000000000000000e+05 1.784544874300551953e+01
3.082240000000000000e+05 1.784544874300551953e+01
3.092480000000000000e+05 1.784544874300551953e+01
3.102720000000000000e+05 1.784544874300551953e+01
3.112960000000000000e+05 1.688594116936561207e+01
3.123200000000000000e+05 1.688594116936561207e+01
3.133440000000000000e+05 1.688594116936561207e+01
3.143680000000000000e+05 1.688594116936561207e+01
3.153920000000000000e+05 1.688594116936561207e+01
3.164160000000000000e+05 1.688594116936561207e+01
3.174400000000000000e+05 1.688594116936561207e+01
3.184640000000000000e+05 1.688594116936561207e+01
3.194880000000000000e+05 1.688594116936561207e+01
3.205120000000000000e+05 1.688594116936561207e+01
3.215360000000000000e+05 1.294434365468810988e+01
3.225600000000000000e+05 1.294434365468810988e+01
3.235840000000000000e+05 1.294434365468810988e+01
3.246080000000000000e+05 1.294434365468810988e+01
3.256320000000000000e+05 1.294434365468810988e+01
3.266560000000000000e+05 1.294434365468810988e+01
3.276800000000000000e+05 1.294434365468810988e+01
3.287040000000000000e+05 1.294434365468810988e+01
3.297280000000000000e+05 1.294434365468810988e+01
3.307520000000000000e+05 1.294434365468810988e+01
3.317760000000000000e+05 1.294434365468810988e+01
3.328000000000000000e+05 1.294434365468810988e+01
3.338240000000000000e+05 1.294434365468810988e+01
3.348480000000000000e+05 1.294434365468810988e+01
3.358720000000000000e+05 1.294434365468810988e+01
3.368960000000000000e+05 1.294434365468810988e+01
3.379200000000000000e+05 1.294434365468810988e+01
3.389440000000000000e+05 1.294434365468810988e+01
3.399680000000000000e+05 1.294434365468810988e+01
3.409920000000000000e+05 1.294434365468810988e+01
3.420160000000000000e+05 1.294434365468810988e+01
3.430400000000000000e+05 1.294434365468810988e+01
3.440640000000000000e+05 1.294434365468810988e+01
3.450880000000000000e+05 1.294434365468810988e+01
3.461120000000000000e+05 1.294434365468810988e+01
3.471360000000000000e+05 1.294434365468810988e+01
3.481600000000000000e+05 1.066750022552966293e+01
3.491840000000000000e+05 1.066750022552966293e+01
3.502080000000000000e+05 1.066750022552966293e+01
3.512320000000000000e+05 1.066750022552966293e+01
3.522560000000000000e+05 1.066750022552966293e+01
3.532800000000000000e+05 1.066750022552966293e+01
3.543040000000000000e+05 1.066750022552966293e+01
3.553280000000000000e+05 1.066750022552966293e+01
3.563520000000000000e+05 1.066750022552966293e+01
3.573760000000000000e+05 1.066750022552966293e+01
3.584000000000000000e+05 1.066750022552966293e+01
3.594240000000000000e+05 1.066750022552966293e+01
3.604480000000000000e+05 1.066750022552966293e+01
3.614720000000000000e+05 1.066750022552966293e+01
3.624960000000000000e+05 1.066750022552966293e+01
3.635200000000000000e+05 1.066750022552966293e+01
3.645440000000000000e+05 1.066750022552966293e+01
3.655680000000000000e+05 1.066750022552966293e+01
3.665920000000000000e+05 1.066750022552966293e+01
3.676160000000000000e+05 1.066750022552966293e+01
3.686400000000000000e+05 1.066750022552966293e+01
3.696640000000000000e+05 1.066750022552966293e+01
3.706880000000000000e+05 1.066750022552966293e+01
3.717120000000000000e+05 1.066750022552966293e+01
3.727360000000000000e+05 1.066750022552966293e+01
3.737600000000000000e+05 1.066750022552966293e+01
3.747840000000000000e+05 1.066750022552966293e+01
3.758080000000000000e+05 1.047088878712828830e+01
3.768320000000000000e+05 1.047088878712828830e+01
3.778560000000000000e+05 1.047088878712828830e+01
3.788800000000000000e+05 1.047088878712828830e+01
3.799040000000000000e+05 1.047088878712828830e+01
3.809280000000000000e+05 1.047088878712828830e+01
3.819520000000000000e+05 1.047088878712828830e+01
3.829760000000000000e+05 1.047088878712828830e+01
3.840000000000000000e+05 9.161856669574081735e+00
3.850240000000000000e+05 9.161856669574081735e+00
3.860480000000000000e+05 9.161856669574081735e+00
3.870720000000000000e+05 7.583321071320883178e+00
3.880960000000000000e+05 7.583321071320883178e+00
3.891200000000000000e+05 7.583321071320883178e+00
3.901440000000000000e+05 7.583321071320883178e+00
3.911680000000000000e+05 7.583321071320883178e+00
3.921920000000000000e+05 7.583321071320883178e+00
3.932160000000000000e+05 7.583321071320883178e+00
3.942400000000000000e+05 7.583321071320883178e+00
3.952640000000000000e+05 7.583321071320883178e+00
3.962880000000000000e+05 7.583321071320883178e+00
3.973120000000000000e+05 7.583321071320883178e+00
3.983360000000000000e+05 7.583321071320883178e+00
3.993600000000000000e+05 7.583321071320883178e+00
4.003840000000000000e+05 7.583321071320883178e+00
4.014080000000000000e+05 7.583321071320883178e+00
4.024320000000000000e+05 7.583321071320883178e+00
4.034560000000000000e+05 7.583321071320883178e+00
4.044800000000000000e+05 7.583321071320883178e+00
4.055040000000000000e+05 7.583321071320883178e+00
4.065280000000000000e+05 7.583321071320883178e+00
4.075520000000000000e+05 7.583321071320883178e+00
4.085760000000000000e+05 7.583321071320883178e+00
4.096000000000000000e+05 7.583321071320883178e+00
4.106240000000000000e+05 7.583321071320883178e+00
4.116480000000000000e+05 7.583321071320883178e+00
4.126720000000000000e+05 7.583321071320883178e+00
4.136960000000000000e+05 7.583321071320883178e+00
4.147200000000000000e+05 7.583321071320883178e+00
4.157440000000000000e+05 7.583321071320883178e+00
4.167680000000000000e+05 7.583321071320883178e+00
4.177920000000000000e+05 7.583321071320883178e+00
4.188160000000000000e+05 7.583321071320883178e+00
4.198400000000000000e+05 7.583321071320883178e+00
4.208640000000000000e+05 7.583321071320883178e+00
4.218880000000000000e+05 7.583321071320883178e+00
4.229120000000000000e+05 7.583321071320883178e+00
4.239360000000000000e+05 7.583321071320883178e+00
4.249600000000000000e+05 7.583321071320883178e+00
4.259840000000000000e+05 7.583321071320883178e+00
4.270080000000000000e+05 7.583321071320883178e+00
4.280320000000000000e+05 7.583321071320883178e+00
4.290560000000000000e+05 7.583321071320883178e+00
4.300800000000000000e+05 7.583321071320883178e+00
4.311040000000000000e+05 7.583321071320883178e+00
4.321280000000000000e+05 6.788767522358080342e+00
4.331520000000000000e+05 6.788767522358080342e+00
4.341760000000000000e+05 6.788767522358080342e+00
4.352000000000000000e+05 6.788767522358080342e+00
4.362240000000000000e+05 6.788767522358080342e+00
4.372480000000000000e+05 6.788767522358080342e+00
4.382720000000000000e+05 6.788767522358080342e+00
4.392960000000000000e+05 6.788767522358080342e+00
4.403200000000000000e+05 6.788767522358080342e+00
4.413440000000000000e+05 6.788767522358080342e+00
4.423680000000000000e+05 6.788767522358080342e+00
4.433920000000000000e+05 6.788767522358080342e+00
4.444160000000000000e+05 6.788767522358080342e+00
4.454400000000000000e+05 6.788767522358080342e+00
4.464640000000000000e+05 6.788767522358080342e+00
4.474880000000000000e+05 6.788767522358080342e+00
4.485120000000000000e+05 6.047302465129940074e+00
4.495360000000000000e+05 6.047302465129940074e+00
4.505600000000000000e+05 6.047302465129940074e+00
4.515840000000000000e+05 6.047302465129940074e+00
4.526080000000000000e+05 6.047302465129940074e+00
4.536320000000000000e+05 6.008585191185189522e+00
4.546560000000000000e+05 6.008585191185189522e+00
4.556800000000000000e+05 6.008585191185189522e+00
4.567040000000000000e+05 6.008585191185189522e+00
4.577280000000000000e+05 6.008585191185189522e+00
4.587520000000000000e+05 6.008585191185189522e+00
4.597760000000000000e+05 6.008585191185189522e+00
4.608000000000000000e+05 6.008585191185189522e+00
4.618240000000000000e+05 6.008585191185189522e+00
4.628480000000000000e+05 6.008585191185189522e+00
4.638720000000000000e+05 6.008585191185189522e+00
4.648960000000000000e+05 6.008585191185189522e+00
4.659200000000000000e+05 6.008585191185189522e+00
4.669440000000000000e+05 6.008585191185189522e+00
4.679680000000000000e+05 6.008585191185189522e+00
4.689920000000000000e+05 6.008585191185189522e+00
4.700160000000000000e+05 6.008585191185189522e+00
4.710400000000000000e+05 6.008585191185189522e+00
4.720640000000000000e+05 6.008585191185189522e+00
4.730880000000000000e+05 6.008585191185189522e+00
4.741120000000000000e+05 6.008585191185189522e+00
4.751360000000000000e+05 6.008585191185189522e+00
4.761600000000000000e+05 5.143667913428515703e+00
4.771840000000000000e+05 5.143667913428515703e+00
4.782080000000000000e+05 5.143667913428515703e+00
4.792320000000000000e+05 5.143667913428515703e+00
4.802560000000000000e+05 5.143667913428515703e+00
4.812800000000000000e+05 5.143667913428515703e+00
4.823040000000000000e+05 5.143667913428515703e+00
4.833280000000000000e+05 5.143667913428515703e+00
4.843520000000000000e+05 5.143667913428515703e+00
4.853760000000000000e+05 5.143667913428515703e+00
4.864000000000000000e+05 5.143667913428515703e+00
4.874240000000000000e+05 5.143667913428515703e+00
4.884480000000000000e+05 5.143667913428515703e+00
4.894720000000000000e+05 5.143667913428515703e+00
4.904960000000000000e+05 5.143667913428515703e+00
4.915200000000000000e+05 5.143667913428515703e+00
4.925440000000000000e+05 5.143667913428515703e+00
4.935680000000000000e+05 5.143667913428515703e+00
4.945920000000000000e+05 5.143667913428515703e+00
4.956160000000000000e+05 5.143667913428515703e+00
4.966400000000000000e+05 5.143667913428515703e+00
4.976640000000000000e+05 5.143667913428515703e+00
4.986880000000000000e+05 5.143667913428515703e+00
4.997120000000000000e+05 5.143667913428515703e+00
5.007360000000000000e+05 5.143667913428515703e+00
5.017600000000000000e+05 5.143667913428515703e+00
5.027840000000000000e+05 5.143667913428515703e+00
5.038080000000000000e+05 5.143667913428515703e+00
5.048320000000000000e+05 5.143667913428515703e+00
5.058560000000000000e+05 5.143667913428515703e+00
5.068800000000000000e+05 5.143667913428515703e+00
5.079040000000000000e+05 5.143667913428515703e+00
5.089280000000000000e+05 5.143667913428515703e+00
5.099520000000000000e+05 5.143667913428515703e+00
5.109760000000000000e+05 4.632193342238174694e+00
5.120000000000000000e+05 4.632193342238174694e+00
5.130240000000000000e+05 4.632193342238174694e+00
5.140480000000000000e+05 4.632193342238174694e+00
5.150720000000000000e+05 4.632193342238174694e+00
5.160960000000000000e+05 4.632193342238174694e+00
5.171200000000000000e+05 4.632193342238174694e+00
5.181440000000000000e+05 4.609781026261177139e+00
5.191680000000000000e+05 4.609781026261177139e+00
5.201920000000000000e+05 4.609781026261177139e+00
5.212160000000000000e+05 4.609781026261177139e+00
5.222400000000000000e+05 4.609781026261177139e+00
5.232640000000000000e+05 4.609781026261177139e+00
5.242880000000000000e+05 4.609781026261177139e+00
5.253120000000000000e+05 3.829357611617200341e+00
5.263360000000000000e+05 3.829357611617200341e+00
5.273600000000000000e+05 3.643529547102883903e+00
5.283840000000000000e+05 3.643529547102883903e+00
5.294080000000000000e+05 3.643529547102883903e+00
5.304320000000000000e+05 3.643529547102883903e+00
5.314560000000000000e+05 3.643529547102883903e+00
5.324800000000000000e+05 3.643529547102883903e+00
5.335040000000000000e+05 3.643529547102883903e+00
5.345280000000000000e+05 3.643529547102883903e+00
5.355520000000000000e+05 3.643529547102883903e+00
5.365760000000000000e+05 3.643529547102883903e+00
5.376000000000000000e+05 3.643529547102883903e+00
5.386240000000000000e+05 3.643529547102883903e+00
5.396480000000000000e+05 3.643529547102883903e+00
5.406720000000000000e+05 3.643529547102883903e+00
5.416960000000000000e+05 3.643529547102883903e+00
5.427200000000000000e+05 3.643529547102883903e+00
5.437440000000000000e+05 3.643529547102883903e+00
5.447680000000000000e+05 3.643529547102883903e+00
5.457920000000000000e+05 3.643529547102883903e+00
5.468160000000000000e+05 3.643529547102883903e+00
5.478400000000000000e+05 3.643529547102883903e+00
5.488640000000000000e+05 3.643529547102883903e+00
5.498880000000000000e+05 3.643529547102883903e+00
5.509120000000000000e+05 3.290131168417569807e+00
5.519360000000000000e+05 3.290131168417569807e+00
5.529600000000000000e+05 3.290131168417569807e+00
5.539840000000000000e+05 3.290131168417569807e+00
5.550080000000000000e+05 3.290131168417569807e+00
5.560320000000000000e+05 3.290131168417569807e+00
5.570560000000000000e+05 3.290131168417569807e+00
5.580800000000000000e+05 3.290131168417569807e+00
5.591040000000000000e+05 3.290131168417569807e+00
5.601280000000000000e+05 3.290131168417569807e+00
5.611520000000000000e+05 3.290131168417569807e+00
5.621760000000000000e+05 3.290131168417569807e+00
5.632000000000000000e+05 3.290131168417569807e+00
5.642240000000000000e+05 3.290131168417569807e+00
5.652480000000000000e+05 3.290131168417569807e+00
5.662720000000000000e+05 3.290131168417569807e+00
5.672960000000000000e+05 3.290131168417569807e+00
5.683200000000000000e+05 3.290131168417569807e+00
5.693440000000000000e+05 3.290131168417569807e+00
5.703680000000000000e+05 2.623714598326651881e+00
5.713920000000000000e+05 2.623714598326651881e+00
5.724160000000000000e+05 2.623714598326651881e+00
5.734400000000000000e+05 2.623714598326651881e+00
5.744640000000000000e+05 2.623714598326651881e+00
5.754880000000000000e+05 2.623714598326651881e+00
5.765120000000000000e+05 2.623714598326651881e+00
5.775360000000000000e+05 2.623714598326651881e+00
5.785600000000000000e+05 2.623714598326651881e+00
5.795840000000000000e+05 2.623714598326651881e+00
5.806080000000000000e+05 2.623714598326651881e+00
5.816320000000000000e+05 2.623714598326651881e+00
5.826560000000000000e+05 2.623714598326651881e+00
5.836800000000000000e+05 2.623714598326651881e+00
5.847040000000000000e+05 2.623714598326651881e+00
5.857280000000000000e+05 2.623714598326651881e+00
5.867520000000000000e+05 2.623714598326651881e+00
5.877760000000000000e+05 2.623714598326651881e+00
5.888000000000000000e+05 2.623714598326651881e+00
5.898240000000000000e+05 2.623714598326651881e+00
5.908480000000000000e+05 2.623714598326651881e+00
5.918720000000000000e+05 2.623714598326651881e+00
5.928960000000000000e+05 2.623714598326651881e+00
5.939200000000000000e+05 2.623714598326651881e+00
5.949440000000000000e+05 2.623714598326651881e+00
5.959680000000000000e+05 2.623714598326651881e+00
5.969920000000000000e+05 2.623714598326651881e+00
5.980160000000000000e+05 2.623714598326651881e+00
5.990400000000000000e+05 2.623714598326651881e+00
6.000640000000000000e+05 2.623714598326651881e+00
6.010880000000000000e+05 2.623714598326651881e+00
6.021120000000000000e+05 2.623714598326651881e+00
6.031360000000000000e+05 2.623714598326651881e+00
6.041600000000000000e+05 2.623714598326651881e+00
6.051840000000000000e+05 2.566180516562100333e+00
6.062080000000000000e+05 2.566180516562100333e+00
6.072320000000000000e+05 1.947028190849120932e+00
6.082560000000000000e+05 1.947028190849120932e+00
6.092800000000000000e+05 1.947028190849120932e+00
6.103040000000000000e+05 1.947028190849120932e+00
6.113280000000000000e+05 1.947028190849120932e+00
6.123520000000000000e+05 1.947028190849120932e+00
6.133760000000000000e+05 1.947028190849120932e+00
6.144000000000000000e+05 1.947028190849120932e+00
6.154240000000000000e+05 1.947028190849120932e+00
6.164480000000000000e+05 1.947028190849120932e+00
6.174720000000000000e+05 1.947028190849120932e+00
6.184960000000000000e+05 1.947028190849120932e+00
6.195200000000000000e+05 1.947028190849120932e+00
6.205440000000000000e+05 1.947028190849120932e+00
6.215680000000000000e+05 1.947028190849120932e+00
6.225920000000000000e+05 1.947028190849120932e+00
6.236160000000000000e+05 1.947028190849120932e+00
6.246400000000000000e+05 1.947028190849120932e+00
6.256640000000000000e+05 1.947028190849120932e+00
6.266880000000000000e+05 1.947028190849120932e+00
6.277120000000000000e+05 1.800718993785095368e+00
6.287360000000000000e+05 1.795169049821084162e+00
6.297600000000000000e+05 1.767436593732734984e+00
6.307840000000000000e+05 1.767436593732734984e+00
6.318080000000000000e+05 1.481998693201953321e+00
6.328320000000000000e+05 1.481998693201953321e+00
6.338560000000000000e+05 1.481998693201953321e+00
6.348800000000000000e+05 1.481998693201953321e+00
6.359040000000000000e+05 1.481998693201953321e+00
6.369280000000000000e+05 1.481998693201953321e+00
6.379520000000000000e+05 1.481998693201953321e+00
6.389760000000000000e+05 1.481998693201953321e+00
6.400000000000000000e+05 1.481998693201953321e+00
6.410240000000000000e+05 1.481998693201953321e+00
6.420480000000000000e+05 1.375621009609454770e+00
6.430720000000000000e+05 1.375621009609454770e+00
6.440960000000000000e+05 1.375621009609454770e+00
6.451200000000000000e+05 1.375621009609454770e+00
6.461440000000000000e+05 1.375621009609454770e+00
6.471680000000000000e+05 1.375621009609454770e+00
6.481920000000000000e+05 1.375621009609454770e+00
6.492160000000000000e+05 1.375621009609454770e+00
6.502400000000000000e+05 1.375621009609454770e+00
6.512640000000000000e+05 1.375621009609454770e+00
6.522880000000000000e+05 1.375621009609454770e+00
6.533120000000000000e+05 1.375621009609454770e+00
6.543360000000000000e+05 1.230730924353605538e+00
6.553600000000000000e+05 1.230730924353605538e+00
6.563840000000000000e+05 1.230730924353605538e+00
6.574080000000000000e+05 1.230730924353605538e+00
6.584320000000000000e+05 1.230730924353605538e+00
6.594560000000000000e+05 1.230730924353605538e+00
6.604800000000000000e+05 1.230730924353605538e+00
6.615040000000000000e+05 1.230730924353605538e+00
6.625280000000000000e+05 1.230730924353605538e+00
6.635520000000000000e+05 1.230730924353605538e+00
6.645760000000000000e+05 1.230730924353605538e+00
6.656000000000000000e+05 9.856621160203027365e-01
6.666240000000000000e+05 9.856621160203027365e-01
6.676480000000000000e+05 9.856621160203027365e-01
6.686720000000000000e+05 9.856621160203027365e-01
6.696960000000000000e+05 9.856621160203027365e-01
6.707200000000000000e+05 9.856621160203027365e-01
6.717440000000000000e+05 9.856621160203027365e-01
6.727680000000000000e+05 9.856621160203027365e-01
6.737920000000000000e+05 9.856621160203027365e-01
6.748160000000000000e+05 9.856621160203027365e-01
6.758400000000000000e+05 9.856621160203027365e-01
6.768640000000000000e+05 9.856621160203027365e-01
6.778880000000000000e+05 9.856621160203027365e-01
6.789120000000000000e+05 8.420150160505831538e-01
6.799360000000000000e+05 8.420150160505831538e-01
6.809600000000000000e+05 5.534121881997601244e-01
6.819840000000000000e+05 5.534121881997601244e-01
6.830080000000000000e+05 5.534121881997601244e-01
6.840320000000000000e+05 5.534121881997601244e-01
6.850560000000000000e+05 5.534121881997601244e-01
6.860800000000000000e+05 5.534121881997601244e-01
6.871040000000000000e+05 5.534121881997601244e-01
6.881280000000000000e+05 5.534121881997601244e-01
6.891520000000000000e+05 5.534121881997601244e-01
6.901760000000000000e+05 5.534121881997601244e-01
6.912000000000000000e+05 5.534121881997601244e-01
6.922240000000000000e+05 5.534121881997601244e-01
6.932480000000000000e+05 5.534121881997601244e-01
6.942720000000000000e+05 5.534121881997601244e-01
6.952960000000000000e+05 5.534121881997601244e-01
6.963200000000000000e+05 5.534121881997601244e-01
6.973440000000000000e+05 5.534121881997601244e-01
6.983680000000000000e+05 5.534121881997601244e-01
6.993920000000000000e+05 5.534121881997601244e-01
7.004160000000000000e+05 5.534121881997601244e-01
7.014400000000000000e+05 5.534121881997601244e-01
7.024640000000000000e+05 5.015021030478784558e-01
7.034880000000000000e+05 5.015021030478784558e-01
7.045120000000000000e+05 5.015021030478784558e-01
7.055360000000000000e+05 5.015021030478784558e-01
7.065600000000000000e+05 5.015021030478784558e-01
7.075840000000000000e+05 5.015021030478784558e-01
7.086080000000000000e+05 5.015021030478784558e-01
7.096320000000000000e+05 5.015021030478784558e-01
7.106560000000000000e+05 5.015021030478784558e-01
7.116800000000000000e+05 5.015021030478784558e-01
7.127040000000000000e+05 3.892211008889626678e-01
7.137280000000000000e+05 3.892211008889626678e-01
7.147520000000000000e+05 3.892211008889626678e-01
7.157760000000000000e+05 3.892211008889626678e-01
7.168000000000000000e+05 3.892211008889626678e-01
7.178240000000000000e+05 3.892211008889626678e-01
7.188480000000000000e+05 3.892211008889626678e-01
7.198720000000000000e+05 3.892211008889626678e-01
7.208960000000000000e+05 3.892211008889626678e-01
7.219200000000000000e+05 3.892211008889626678e-01
7.229440000000000000e+05 3.892211008889626678e-01
7.239680000000000000e+05 3.892211008889626678e-01
7.249920000000000000e+05 3.892211008889626678e-01
7.260160000000000000e+05 3.892211008889626678e-01
7.270400000000000000e+05 3.892211008889626678e-01
7.280640000000000000e+05 3.892211008889626678e-01
7.290880000000000000e+05 3.892211008889626678e-01
7.301120000000000000e+05 3.892211008889626678e-01
7.311360000000000000e+05 3.892211008889626678e-01
7.321600000000000000e+05 3.892211008889626678e-01
7.331840000000000000e+05 3.892211008889626678e-01
7.342080000000000000e+05 3.892211008889626678e-01
7.352320000000000000e+05 3.892211008889626678e-01
7.362560000000000000e+05 3.892211008889626678e-01
7.372800000000000000e+05 3.892211008889626678e-01
7.383040000000000000e+05 3.892211008889626678e-01
7.393280000000000000e+05 3.892211008889626678e-01
7.403520000000000000e+05 3.638301160431465231e-01
7.413760000000000000e+05 3.638301160431465231e-01
7.424000000000000000e+05 3.638301160431465231e-01
7.434240000000000000e+05 3.556194982289725970e-01
7.444480000000000000e+05 3.556194982289725970e-01
7.454720000000000000e+05 3.556194982289725970e-01
7.464960000000000000e+05 3.556194982289725970e-01
7.475200000000000000e+05 2.948192842505220068e-01
7.485440000000000000e+05 2.948192842505220068e-01
7.495680000000000000e+05 1.622912543936438079e-01
7.505920000000000000e+05 1.622912543936438079e-01
7.516160000000000000e+05 1.622912543936438079e-01
7.526400000000000000e+05 1.622912543936438079e-01
7.536640000000000000e+05 1.622912543936438079e-01
7.546880000000000000e+05 1.622912543936438079e-01
7.557120000000000000e+05 1.622912543936438079e-01
7.567360000000000000e+05 1.622912543936438079e-01
7.577600000000000000e+05 1.622912543936438079e-01
7.587840000000000000e+05 1.622912543936438079e-01
7.598080000000000000e+05 1.622912543936438079e-01
7.608320000000000000e+05 1.622912543936438079e-01
7.618560000000000000e+05 1.622912543936438079e-01
7.628800000000000000e+05 1.622912543936438079e-01
7.639040000000000000e+05 1.622912543936438079e-01
7.649280000000000000e+05 1.622912543936438079e-01
7.659520000000000000e+05 1.622912543936438079e-01
7.669760000000000000e+05 1.622912543936438079e-01
7.680000000000000000e+05 1.622912543936438079e-01
7.690240000000000000e+05 1.622912543936438079e-01
7.700480000000000000e+05 1.622912543936438079e-01
7.710720000000000000e+05 1.622912543936438079e-01
7.720960000000000000e+05 1.622912543936438079e-01
7.731200000000000000e+05 1.622912543936438079e-01
7.741440000000000000e+05 1.564313939633808492e-01
7.751680000000000000e+05 1.564313939633808492e-01
7.761920000000000000e+05 1.564313939633808492e-01
7.772160000000000000e+05 1.564313939633808492e-01
7.782400000000000000e+05 1.564313939633808492e-01
7.792640000000000000e+05 1.564313939633808492e-01
7.802880000000000000e+05 1.564313939633808492e-01
7.813120000000000000e+05 1.564313939633808492e-01
7.823360000000000000e+05 1.564313939633808492e-01
7.833600000000000000e+05 1.034338233630751475e-01
7.843840000000000000e+05 1.034338233630751475e-01
7.854080000000000000e+05 1.034338233630751475e-01
7.864320000000000000e+05 1.034338233630751475e-01
7.874560000000000000e+05 1.034338233630751475e-01
7.884800000000000000e+05 1.034338233630751475e-01
7.895040000000000000e+05 1.034338233630751475e-01
7.905280000000000000e+05 1.034338233630751475e-01
7.915520000000000000e+05 1.034338233630751475e-01
7.925760000000000000e+05 1.034338233630751475e-01
7.936000000000000000e+05 1.034338233630751475e-01
7.946240000000000000e+05 1.034338233630751475e-01
7.956480000000000000e+05 1.034338233630751475e-01
7.966720000000000000e+05 1.034338233630751475e-01
7.976960000000000000e+05 1.034338233630751475e-01
7.987200000000000000e+05 1.034338233630751475e-01
7.997440000000000000e+05 1.034338233630751475e-01
8.007680000000000000e+05 1.034338233630751475e-01
8.017920000000000000e+05 1.034338233630751475e-01
8.028160000000000000e+05 1.034338233630751475e-01
8.038400000000000000e+05 1.034338233630751475e-01
8.048640000000000000e+05 1.034338233630751475e-01
8.058880000000000000e+05 1.034338233630751475e-01
8.069120000000000000e+05 1.034338233630751475e-01
8.079360000000000000e+05 1.034338233630751475e-01
8.089600000000000000e+05 1.034338233630751475e-01
8.099840000000000000e+05 1.034338233630751475e-01
8.110080000000000000e+05 1.034338233630751475e-01
8.120320000000000000e+05 1.034338233630751475e-01
8.130560000000000000e+05 1.034338233630751475e-01
8.140800000000000000e+05 1.034338233630751475e-01
8.151040000000000000e+05 1.034338233630751475e-01
8.161280000000000000e+05 1.034338233630751475e-01
8.171520000000000000e+05 1.034338233630751475e-01
8.181760000000000000e+05 1.034338233630751475e-01
8.192000000000000000e+05 1.034338233630751475e-01
8.202240000000000000e+05 1.034338233630751475e-01
8.212480000000000000e+05 1.034338233630751475e-01
8.222720000000000000e+05 1.034338233630751475e-01
8.232960000000000000e+05 1.000896928062518509e-01
8.243200000000000000e+05 1.000896928062518509e-01
8.253440000000000000e+05 1.000896928062518509e-01
8.263680000000000000e+05 1.000896928062518509e-01
8.273920000000000000e+05 1.000896928062518509e-01
8.284160000000000000e+05 1.000896928062518509e-01
8.294400000000000000e+05 1.000896928062518509e-01
8.304640000000000000e+05 9.200480379618687643e-02
8.314880000000000000e+05 9.200480379618687643e-02
8.325120000000000000e+05 9.200480379618687643e-02
8.335360000000000000e+05 7.515493255743091461e-02
8.345600000000000000e+05 7.515493255743091461e-02
8.355840000000000000e+05 7.515493255743091461e-02
8.366080000000000000e+05 7.515493255743091461e-02
8.376320000000000000e+05 7.515493255743091461e-02
8.386560000000000000e+05 7.515493255743091461e-02
8.396800000000000000e+05 7.515493255743091461e-02
8.407040000000000000e+05 7.515493255743091461e-02
8.417280000000000000e+05 4.273759037722366788e-02
8.427520000000000000e+05 4.273759037722366788e-02
8.437760000000000000e+05 4.273759037722366788e-02
8.448000000000000000e+05 4.273759037722366788e-02
8.458240000000000000e+05 4.273759037722366788e-02
8.468480000000000000e+05 4.273759037722366788e-02
8.478720000000000000e+05 4.273759037722366788e-02
8.488960000000000000e+05 4.273759037722366788e-02
8.499200000000000000e+05 4.273759037722366788e-02
8.509440000000000000e+05 4.273759037722366788e-02
8.519680000000000000e+05 4.273759037722366788e-02
8.529920000000000000e+05 2.576152146591092693e-02
8.540160000000000000e+05 2.576152146591092693e-02
8.550400000000000000e+05 2.576152146591092693e-02
8.560640000000000000e+05 2.576152146591092693e-02
8.570880000000000000e+05 2.576152146591092693e-02
8.581120000000000000e+05 2.576152146591092693e-02
8.591360000000000000e+05 2.576152146591092693e-02
8.601600000000000000e+05 2.576152146591092693e-02
8.611840000000000000e+05 2.576152146591092693e-02
8.622080000000000000e+05 2.576152146591092693e-02
8.632320000000000000e+05 2.576152146591092693e-02
8.642560000000000000e+05 2.576152146591092693e-02
8.652800000000000000e+05 2.576152146591092693e-02
8.663040000000000000e+05 2.576152146591092693e-02
8.673280000000000000e+05 2.576152146591092693e-02
8.683520000000000000e+05 2.576152146591092693e-02
8.693760000000000000e+05 2.576152146591092693e-02
8.704000000000000000e+05 2.576152146591092693e-02
8.714240000000000000e+05 2.576152146591092693e-02
8.724480000000000000e+05 2.576152146591092693e-02
8.734720000000000000e+05 2.576152146591092693e-02
8.744960000000000000e+05 2.576152146591092693e-02
8.755200000000000000e+05 2.576152146591092693e-02
8.765440000000000000e+05 2.576152146591092693e-02
8.775680000000000000e+05 2.576152146591092693e-02
8.785920000000000000e+05 2.576152146591092693e-02
8.796160000000000000e+05 2.576152146591092693e-02
8.806400000000000000e+05 2.576152146591092693e-02
8.816640000000000000e+05 2.576152146591092693e-02
8.826880000000000000e+05 2.576152146591092693e-02
8.837120000000000000e+05 2.576152146591092693e-02
8.847360000000000000e+05 2.576152146591092693e-02
8.857600000000000000e+05 2.576152146591092693e-02
8.867840000000000000e+05 2.576152146591092693e-02
8.878080000000000000e+05 2.576152146591092693e-02
8.888320000000000000e+05 2.576152146591092693e-02
8.898560000000000000e+05 2.576152146591092693e-02
8.908800000000000000e+05 2.576152146591092693e-02
8.919040000000000000e+05 2.576152146591092693e-02
8.929280000000000000e+05 2.576152146591092693e-02
8.939520000000000000e+05 2.576152146591092693e-02
8.949760000000000000e+05 2.576152146591092693e-02
8.960000000000000000e+05 2.576152146591092693e-02
8.970240000000000000e+05 2.312138580972079513e-02
8.980480000000000000e+05 2.312138580972079513e-02
8.990720000000000000e+05 2.312138580972079513e-02
9.000960000000000000e+05 2.312138580972079513e-02
9.011200000000000000e+05 2.289238033122440591e-02
9.021440000000000000e+05 2.289238033122440591e-02
9.031680000000000000e+05 2.289238033122440591e-02
9.041920000000000000e+05 2.289238033122440591e-02
9.052160000000000000e+05 2.289238033122440591e-02
9.062400000000000000e+05 2.289238033122440591e-02
9.072640000000000000e+05 2.289238033122440591e-02
9.082880000000000000e+05 2.289238033122440591e-02
9.093120000000000000e+05 2.289238033122440591e-02
9.103360000000000000e+05 2.289238033122440591e-02
9.113600000000000000e+05 2.289238033122440591e-02
9.123840000000000000e+05 2.289238033122440591e-02
9.134080000000000000e+05 2.289238033122440591e-02
9.144320000000000000e+05 2.289238033122440591e-02
9.154560000000000000e+05 2.289238033122440591e-02
9.164800000000000000e+05 2.289238033122440591e-02
9.175040000000000000e+05 2.289238033122440591e-02
9.185280000000000000e+05 2.289238033122440591e-02
9.195520000000000000e+05 2.289238033122440591e-02
9.205760000000000000e+05 2.289238033122440591e-02
9.216000000000000000e+05 2.289238033122440591e-02
9.226240000000000000e+05 2.289238033122440591e-02
9.236480000000000000e+05 2.289238033122440591e-02
9.246720000000000000e+05 2.289238033122440591e-02
9.256960000000000000e+05 2.289238033122440591e-02
9.267200000000000000e+05 2.289238033122440591e-02
9.277440000000000000e+05 2.289238033122440591e-02
9.287680000000000000e+05 2.289238033122440591e-02
9.297920000000000000e+05 2.085470811142393216e-02
9.308160000000000000e+05 2.085470811142393216e-02
9.318400000000000000e+05 2.085470811142393216e-02
9.328640000000000000e+05 2.085470811142393216e-02
9.338880000000000000e+05 2.085470811142393216e-02
9.349120000000000000e+05 2.085470811142393216e-02
9.359360000000000000e+05 2.085470811142393216e-02
9.369600000000000000e+05 2.085470811142393216e-02
9.379840000000000000e+05 1.359538530324430443e-02
9.390080000000000000e+05 1.359538530324430443e-02
9.400320000000000000e+05 1.359538530324430443e-02
9.410560000000000000e+05 1.359538530324430443e-02
9.420800000000000000e+05 1.359538530324430443e-02
9.431040000000000000e+05 1.359538530324430443e-02
9.441280000000000000e+05 1.359538530324430443e-02
9.451520000000000000e+05 1.359538530324430443e-02
9.461760000000000000e+05 1.359538530324430443e-02
9.472000000000000000e+05 1.359538530324430443e-02
9.482240000000000000e+05 1.359538530324430443e-02
9.492480000000000000e+05 1.359538530324430443e-02
9.502720000000000000e+05 1.359538530324430443e-02
9.512960000000000000e+05 1.359538530324430443e-02
9.523200000000000000e+05 1.359538530324430443e-02
9.533440000000000000e+05 1.359538530324430443e-02
9.543680000000000000e+05 1.359538530324430443e-02
9.553920000000000000e+05 1.359538530324430443e-02
9.564160000000000000e+05 1.202842665028800752e-02
9.574400000000000000e+05 1.202842665028800752e-02
9.584640000000000000e+05 1.202842665028800752e-02
9.594880000000000000e+05 6.309876410207877935e-03
9.605120000000000000e+05 6.309876410207877935e-03
9.615360000000000000e+05 6.309876410207877935e-03
9.625600000000000000e+05 6.309876410207877935e-03
9.635840000000000000e+05 6.309876410207877935e-03
9.646080000000000000e+05 6.309876410207877935e-03
9.656320000000000000e+05 6.309876410207877935e-03
9.666560000000000000e+05 6.309876410207877935e-03
9.676800000000000000e+05 6.309876410207877935e-03
9.687040000000000000e+05 6.309876410207877935e-03
9.697280000000000000e+05 6.309876410207877935e-03
9.707520000000000000e+05 6.309876410207877935e-03
9.717760000000000000e+05 6.309876410207877935e-03
9.728000000000000000e+05 6.309876410207877935e-03
9.738240000000000000e+05 6.309876410207877935e-03
9.748480000000000000e+05 6.309876410207877935e-03
9.758720000000000000e+05 6.309876410207877935e-03
9.768960000000000000e+05 6.309876410207877935e-03
9.779200000000000000e+05 6.309876410207877935e-03
9.789440000000000000e+05 6.309876410207877935e-03
9.799680000000000000e+05 6.309876410207877935e-03
9.809920000000000000e+05 6.309876410207877935e-03
9.820160000000000000e+05 6.309876410207877935e-03
9.830400000000000000e+05 6.309876410207877935e-03
9.840640000000000000e+05 6.309876410207877935e-03
9.850880000000000000e+05 6.309876410207877935e-03
9.861120000000000000e+05 6.309876410207877935e-03
9.871360000000000000e+05 6.309876410207877935e-03
9.881600000000000000e+05 6.309876410207877935e-03
9.891840000000000000e+05 2.517376087622034183e-03
9.902080000000000000e+05 2.517376087622034183e-03
9.912320000000000000e+05 2.517376087622034183e-03
9.922560000000000000e+05 2.517376087622034183e-03
9.932800000000000000e+05 2.517376087622034183e-03
9.943040000000000000e+05 2.517376087622034183e-03
9.953280000000000000e+05 2.517376087622034183e-03
9.963520000000000000e+05 2.517376087622034183e-03
9.973760000000000000e+05 2.517376087622034183e-03
9.984000000000000000e+05 2.517376087622034183e-03
9.994240000000000000e+05 2.517376087622034183e-03
1.000448000000000000e+06 2.517376087622034183e-03
