2.048000000000000000e+03 1.553324537212405332e+01
4.096000000000000000e+03 1.553324537212405332e+01
6.144000000000000000e+03 1.553324537212405332e+01
8.192000000000000000e+03 1.553324537212405332e+01
1.024000000000000000e+04 1.553324537212405332e+01
1.228800000000000000e+04 1.553324537212405332e+01
1.433600000000000000e+04 1.553324537212405332e+01
1.638400000000000000e+04 1.553324537212405332e+01
1.843200000000000000e+04 1.409708113988622102e+01
2.048000000000000000e+04 1.409708113988622102e+01
2.252800000000000000e+04 1.409708113988622102e+01
2.457600000000000000e+04 1.409708113988622102e+01
2.662400000000000000e+04 1.409708113988622102e+01
2.867200000000000000e+04 1.409708113988622102e+01
3.072000000000000000e+04 1.409708113988622102e+01
3.276800000000000000e+04 1.409708113988622102e+01
3.481600000000000000e+04 1.199890877755913543e+01
3.686400000000000000e+04 1.199890877755913543e+01
3.891200000000000000e+04 1.199890877755913543e+01
4.096000000000000000e+04 1.199890877755913543e+01
4.300800000000000000e+04 1.199890877755913543e+01
4.505600000000000000e+04 1.170058097167918199e+01
4.710400000000000000e+04 1.170058097167918199e+01
4.915200000000000000e+04 1.150679326447531636e+01
5.120000000000000000e+04 8.765755516600826525e+00
5.324800000000000000e+04 8.765755516600826525e+00
5.529600000000000000e+04 8.765755516600826525e+00
5.734400000000000000e+04 8.765755516600826525e+00
5.939200000000000000e+04 3.687845762398898941e+00
6.144000000000000000e+04 3.687845762398898941e+00
6.348800000000000000e+04 3.687845762398898941e+00
6.553600000000000000e+04 3.687845762398898941e+00
6.758400000000000000e+04 3.687845762398898941e+00
6.963200000000000000e+04 3.687845762398898941e+00
7.168000000000000000e+04 3.687845762398898941e+00
7.372800000000000000e+04 3.687845762398898941e+00
7.577600000000000000e+04 3.687845762398898941e+00
7.782400000000000000e+04 3.687845762398898941e+00
7.987200000000000000e+04 3.687845762398898941e+00
8.192000000000000000e+04 3.687845762398898941e+00
8.396800000000000000e+04 3.687845762398898941e+00
8.601600000000000000e+04 3.687845762398898941e+00
8.806400000000000000e+04 3.687845762398898941e+00
9.011200000000000000e+04 3.687845762398898941e+00
9.216000000000000000e+04 3.687845762398898941e+00
9.420800000000000000e+04 3.577717487745094349e+00
9.625600000000000000e+04 3.577717487745094349e+00
9.830400000000000000e+04 3.577717487745094349e+00
1.003520000000000000e+05 3.577717487745094349e+00
1.024000000000000000e+05 3.577717487745094349e+00
1.044480000000000000e+05 3.577717487745094349e+00
1.064960000000000000e+05 3.577717487745094349e+00
1.085440000000000000e+05 3.577717487745094349e+00
1.105920000000000000e+05 3.577717487745094349e+00
1.126400000000000000e+05 3.577717487745094349e+00
1.146880000000000000e+05 3.577717487745094349e+00
1.167360000000000000e+05 3.577717487745094349e+00
1.187840000000000000e+05 3.171848910598865423e+00
1.208320000000000000e+05 3.171848910598865423e+00
1.228800000000000000e+05 3.171848910598865423e+00
1.249280000000000000e+05 3.171848910598865423e+00
1.269760000000000000e+05 3.171848910598865423e+00
1.290240000000000000e+05 3.171848910598865423e+00
1.310720000000000000e+05 3.171848910598865423e+00
1.331200000000000000e+05 3.171848910598865423e+00
1.351680000000000000e+05 2.514172345646183970e+00
1.372160000000000000e+05 2.514172345646183970e+00
1.392640000000000000e+05 2.514172345646183970e+00
1.413120000000000000e+05 2.514172345646183970e+00
1.433600000000000000e+05 2.514172345646183970e+00
1.454080000000000000e+05 2.514172345646183970e+00
1.474560000000000000e+05 2.514172345646183970e+00
1.495040000000000000e+05 2.514172345646183970e+00
1.515520000000000000e+05 2.455347445658706107e+00
1.536000000000000000e+05 2.455347445658706107e+00
1.556480000000000000e+05 2.455347445658706107e+00
1.576960000000000000e+05 2.455347445658706107e+00
1.597440000000000000e+05 1.483825996351088694e+00
1.617920000000000000e+05 1.483825996351088694e+00
1.638400000000000000e+05 1.483825996351088694e+00
1.658880000000000000e+05 1.483825996351088694e+00
1.679360000000000000e+05 1.483825996351088694e+00
1.699840000000000000e+05 1.483825996351088694e+00
1.720320000000000000e+05 1.483825996351088694e+00
1.740800000000000000e+05 1.483825996351088694e+00
1.761280000000000000e+05 1.483825996351088694e+00
1.781760000000000000e+05 1.483825996351088694e+00
1.802240000000000000e+05 1.483825996351088694e+00
1.822720000000000000e+05 1.483825996351088694e+00
1.843200000000000000e+05 1.483825996351088694e+00
1.863680000000000000e+05 1.483825996351088694e+00
1.884160000000000000e+05 1.483825996351088694e+00
1.904640000000000000e+05 1.483825996351088694e+00
1.925120000000000000e+05 1.483825996351088694e+00
1.945600000000000000e+05 1.447023443586375580e+00
1.966080000000000000e+05 1.447023443586375580e+00
1.986560000000000000e+05 1.376160356513564720e+00
2.007040000000000000e+05 1.376160356513564720e+00
2.027520000000000000e+05 1.376160356513564720e+00
2.048000000000000000e+05 1.313984289841635622e+00
2.068480000000000000e+05 1.313984289841635622e+00
2.088960000000000000e+05 1.171962361963133636e+00
2.109440000000000000e+05 1.171962361963133636e+00
2.129920000000000000e+05 1.171962361963133636e+00
2.150400000000000000e+05 1.171962361963133636e+00
2.170880000000000000e+05 1.042885199316416767e+00
2.191360000000000000e+05 8.691183544888816392e-01
2.211840000000000000e+05 8.691183544888816392e-01
2.232320000000000000e+05 8.409991082863357281e-01
2.252800000000000000e+05 8.409991082863357281e-01
2.273280000000000000e+05 8.409991082863357281e-01
2.293760000000000000e+05 8.409991082863357281e-01
2.314240000000000000e+05 7.986530218689740224e-01
2.334720000000000000e+05 7.986530218689740224e-01
2.355200000000000000e+05 7.986530218689740224e-01
2.375680000000000000e+05 5.127609301377848983e-01
2.396160000000000000e+05 5.127609301377848983e-01
2.416640000000000000e+05 5.127609301377848983e-01
2.437120000000000000e+05 5.127609301377848983e-01
2.457600000000000000e+05 5.127609301377848983e-01
2.478080000000000000e+05 5.127609301377848983e-01
2.498560000000000000e+05 5.127609301377848983e-01
2.519040000000000000e+05 5.127609301377848983e-01
2.539520000000000000e+05 5.127609301377848983e-01
2.560000000000000000e+05 5.127609301377848983e-01
2.580480000000000000e+05 5.127609301377848983e-01
2.600960000000000000e+05 4.035874097586082399e-01
2.621440000000000000e+05 4.035874097586082399e-01
2.641920000000000000e+05 4.035874097586082399e-01
2.662400000000000000e+05 4.035874097586082399e-01
2.682880000000000000e+05 4.035874097586082399e-01
2.703360000000000000e+05 4.035874097586082399e-01
2.723840000000000000e+05 4.035874097586082399e-01
2.744320000000000000e+05 2.886759200475613740e-01
2.764800000000000000e+05 2.886759200475613740e-01
2.785280000000000000e+05 2.886759200475613740e-01
2.805760000000000000e+05 2.886759200475613740e-01
2.826240000000000000e+05 2.453665861597255360e-01
2.846720000000000000e+05 2.453665861597255360e-01
2.867200000000000000e+05 2.453665861597255360e-01
2.887680000000000000e+05 2.453665861597255360e-01
2.908160000000000000e+05 2.453665861597255360e-01
2.928640000000000000e+05 2.453665861597255360e-01
2.949120000000000000e+05 2.453665861597255360e-01
2.969600000000000000e+05 2.453665861597255360e-01
2.990080000000000000e+05 2.453665861597255360e-01
3.010560000000000000e+05 2.453665861597255360e-01
3.031040000000000000e+05 2.453665861597255360e-01
3.051520000000000000e+05 2.453665861597255360e-01
3.072000000000000000e+05 2.453665861597255360e-01
3.092480000000000000e+05 2.453665861597255360e-01
3.112960000000000000e+05 2.453665861597255360e-01
3.133440000000000000e+05 2.171278696457185631e-01
3.153920000000000000e+05 2.171278696457185631e-01
3.174400000000000000e+05 2.171278696457185631e-01
3.194880000000000000e+05 2.171278696457185631e-01
3.215360000000000000e+05 2.171278696457185631e-01
3.235840000000000000e+05 2.171278696457185631e-01
3.256320000000000000e+05 2.171278696457185631e-01
3.276800000000000000e+05 2.171278696457185631e-01
3.297280000000000000e+05 2.171278696457185631e-01
3.317760000000000000e+05 2.171278696457185631e-01
3.338240000000000000e+05 2.171278696457185631e-01
3.358720000000000000e+05 2.171278696457185631e-01
3.379200000000000000e+05 1.896383598076863131e-01
3.399680000000000000e+05 1.896383598076863131e-01
3.420160000000000000e+05 1.896383598076863131e-01
3.440640000000000000e+05 1.896383598076863131e-01
3.461120000000000000e+05 1.712241388203326053e-01
3.481600000000000000e+05 1.712241388203326053e-01
3.502080000000000000e+05 1.712241388203326053e-01
3.522560000000000000e+05 1.411403333718674047e-01
3.543040000000000000e+05 1.411403333718674047e-01
3.563520000000000000e+05 1.411403333718674047e-01
3.584000000000000000e+05 1.411403333718674047e-01
3.604480000000000000e+05 1.411403333718674047e-01
3.624960000000000000e+05 1.411403333718674047e-01
3.645440000000000000e+05 1.411403333718674047e-01
3.665920000000000000e+05 1.411403333718674047e-01
3.686400000000000000e+05 1.411403333718674047e-01
3.706880000000000000e+05 5.164156843613951220e-02
3.727360000000000000e+05 5.164156843613951220e-02
3.747840000000000000e+05 5.164156843613951220e-02
3.768320000000000000e+05 5.164156843613951220e-02
3.788800000000000000e+05 5.164156843613951220e-02
3.809280000000000000e+05 5.164156843613951220e-02
3.829760000000000000e+05 5.164156843613951220e-02
3.850240000000000000e+05 5.164156843613951220e-02
3.870720000000000000e+05 5.164156843613951220e-02
3.891200000000000000e+05 5.164156843613951220e-02
3.911680000000000000e+05 5.164156843613951220e-02
3.932160000000000000e+05 5.164156843613951220e-02
3.952640000000000000e+05 5.164156843613951220e-02
3.973120000000000000e+05 5.164156843613951220e-02
3.993600000000000000e+05 5.164156843613951220e-02
4.014080000000000000e+05 5.164156843613951220e-02
4.034560000000000000e+05 5.164156843613951220e-02
4.055040000000000000e+05 5.164156843613951220e-02
4.075520000000000000e+05 5.164156843613951220e-02
4.096000000000000000e+05 5.164156843613951220e-02
4.116480000000000000e+05 5.164156843613951220e-02
4.136960000000000000e+05 4.662251495352068981e-02
4.157440000000000000e+05 4.662251495352068981e-02
4.177920000000000000e+05 4.662251495352068981e-02
4.198400000000000000e+05 4.662251495352068981e-02
4.218880000000000000e+05 4.662251495352068981e-02
4.239360000000000000e+05 4.662251495352068981e-02
4.259840000000000000e+05 4.662251495352068981e-02
4.280320000000000000e+05 4.662251495352068981e-02
4.300800000000000000e+05 4.662251495352068981e-02
4.321280000000000000e+05 3.881532209785389098e-02
4.341760000000000000e+05 3.881532209785389098e-02
4.362240000000000000e+05 3.881532209785389098e-02
4.382720000000000000e+05 3.881532209785389098e-02
4.403200000000000000e+05 3.881532209785389098e-02
4.423680000000000000e+05 3.640837016179984675e-02
4.444160000000000000e+05 3.640837016179984675e-02
4.464640000000000000e+05 3.640837016179984675e-02
4.485120000000000000e+05 2.803603587549374082e-02
4.505600000000000000e+05 2.803603587549374082e-02
4.526080000000000000e+05 2.803603587549374082e-02
4.546560000000000000e+05 2.803603587549374082e-02
4.567040000000000000e+05 2.803603587549374082e-02
4.587520000000000000e+05 2.803603587549374082e-02
4.608000000000000000e+05 2.803603587549374082e-02
4.628480000000000000e+05 2.803603587549374082e-02
4.648960000000000000e+05 2.803603587549374082e-02
4.669440000000000000e+05 2.803603587549374082e-02
4.689920000000000000e+05 2.803603587549374082e-02
4.710400000000000000e+05 2.803603587549374082e-02
4.730880000000000000e+05 2.803603587549374082e-02
4.751360000000000000e+05 2.803603587549374082e-02
4.771840000000000000e+05 2.803603587549374082e-02
4.792320000000000000e+05 2.386221621537557361e-02
4.812800000000000000e+05 2.386221621537557361e-02
4.833280000000000000e+05 2.375258620249719177e-02
4.853760000000000000e+05 2.375258620249719177e-02
4.874240000000000000e+05 2.375258620249719177e-02
4.894720000000000000e+05 2.375258620249719177e-02
4.915200000000000000e+05 2.375258620249719177e-02
4.935680000000000000e+05 1.110117099328019295e-02
4.956160000000000000e+05 1.110117099328019295e-02
4.976640000000000000e+05 1.110117099328019295e-02
4.997120000000000000e+05 1.110117099328019295e-02
5.017600000000000000e+05 1.110117099328019295e-02
5.038080000000000000e+05 1.110117099328019295e-02
5.058560000000000000e+05 1.110117099328019295e-02
5.079040000000000000e+05 1.110117099328019295e-02
5.099520000000000000e+05 1.110117099328019295e-02
5.120000000000000000e+05 1.110117099328019295e-02
5.140480000000000000e+05 1.110117099328019295e-02
5.160960000000000000e+05 1.110117099328019295e-02
5.181440000000000000e+05 1.110117099328019295e-02
5.201920000000000000e+05 1.110117099328019295e-02
5.222400000000000000e+05 1.110117099328019295e-02
5.242880000000000000e+05 1.110117099328019295e-02
5.263360000000000000e+05 1.110117099328019295e-02
5.283840000000000000e+05 9.983866015930840943e-03
5.304320000000000000e+05 9.983866015930840943e-03
5.324800000000000000e+05 9.983866015930840943e-03
5.345280000000000000e+05 9.983866015930840943e-03
5.365760000000000000e+05 9.983866015930840943e-03
5.386240000000000000e+05 9.983866015930840943e-03
5.406720000000000000e+05 9.983866015930840943e-03
5.427200000000000000e+05 9.983866015930840943e-03
5.447680000000000000e+05 9.983866015930840943e-03
5.468160000000000000e+05 4.653363213960411658e-03
5.488640000000000000e+05 4.653363213960411658e-03
5.509120000000000000e+05 4.653363213960411658e-03
5.529600000000000000e+05 4.653363213960411658e-03
5.550080000000000000e+05 4.653363213960411658e-03
5.570560000000000000e+05 4.653363213960411658e-03
5.591040000000000000e+05 4.653363213960411658e-03
5.611520000000000000e+05 4.653363213960411658e-03
5.632000000000000000e+05 4.653363213960411658e-03
5.652480000000000000e+05 4.653363213960411658e-03
5.672960000000000000e+05 4.653363213960411658e-03
5.693440000000000000e+05 4.653363213960411658e-03
5.713920000000000000e+05 3.033780445714660736e-03
5.734400000000000000e+05 3.033780445714660736e-03
5.754880000000000000e+05 3.033780445714660736e-03
5.775360000000000000e+05 3.033780445714660736e-03
5.795840000000000000e+05 3.033780445714660736e-03
5.816320000000000000e+05 3.033780445714660736e-03
5.836800000000000000e+05 3.033780445714660736e-03
5.857280000000000000e+05 3.033780445714660736e-03
5.877760000000000000e+05 3.033780445714660736e-03
5.898240000000000000e+05 3.033780445714660736e-03
5.918720000000000000e+05 3.033780445714660736e-03
5.939200000000000000e+05 3.033780445714660736e-03
5.959680000000000000e+05 3.033780445714660736e-03
5.980160000000000000e+05 3.033780445714660736e-03
6.000640000000000000e+05 3.033780445714660736e-03
6.021120000000000000e+05 3.033780445714660736e-03
6.041600000000000000e+05 3.033780445714660736e-03
6.062080000000000000e+05 3.033780445714660736e-03
6.082560000000000000e+05 3.033780445714660736e-03
6.103040000000000000e+05 3.033780445714660736e-03
6.123520000000000000e+05 3.033780445714660736e-03
6.144000000000000000e+05 3.033780445714660736e-03
6.164480000000000000e+05 3.033780445714660736e-03
6.184960000000000000e+05 3.033780445714660736e-03
6.205440000000000000e+05 3.033780445714660736e-03
6.225920000000000000e+05 3.033780445714660736e-03
6.246400000000000000e+05 3.033780445714660736e-03
6.266880000000000000e+05 3.033780445714660736e-03
6.287360000000000000e+05 2.869951750638493129e-03
6.307840000000000000e+05 2.869951750638493129e-03
6.328320000000000000e+05 2.869951750638493129e-03
6.348800000000000000e+05 2.869951750638493129e-03
6.369280000000000000e+05 2.517898775822385252e-03
6.389760000000000000e+05 2.517898775822385252e-03
6.410240000000000000e+05 2.517898775822385252e-03
6.430720000000000000e+05 2.391826399465304259e-03
6.451200000000000000e+05 2.391826399465304259e-03
6.471680000000000000e+05 2.191684833220928618e-03
6.492160000000000000e+05 2.191684833220928618e-03
6.512640000000000000e+05 2.191684833220928618e-03
6.533120000000000000e+05 2.191684833220928618e-03
6.553600000000000000e+05 2.191684833220928618e-03
6.574080000000000000e+05 2.191684833220928618e-03
6.594560000000000000e+05 2.191684833220928618e-03
6.615040000000000000e+05 2.047239085327908978e-03
6.635520000000000000e+05 1.905500973992790576e-03
6.656000000000000000e+05 1.905500973992790576e-03
6.676480000000000000e+05 1.905500973992790576e-03
6.696960000000000000e+05 1.905500973992790576e-03
6.717440000000000000e+05 1.905500973992790576e-03
6.737920000000000000e+05 1.905500973992790576e-03
6.758400000000000000e+05 1.905500973992790576e-03
6.778880000000000000e+05 1.905500973992790576e-03
6.799360000000000000e+05 1.435463011699568718e-03
6.819840000000000000e+05 1.435463011699568718e-03
6.840320000000000000e+05 1.435463011699568718e-03
6.860800000000000000e+05 1.435463011699568718e-03
6.881280000000000000e+05 1.435463011699568718e-03
6.901760000000000000e+05 1.066095919410610122e-03
6.922240000000000000e+05 1.066095919410610122e-03
6.942720000000000000e+05 1.066095919410610122e-03
6.963200000000000000e+05 1.066095919410610122e-03
6.983680000000000000e+05 1.066095919410610122e-03
7.004160000000000000e+05 1.066095919410610122e-03
7.024640000000000000e+05 1.066095919410610122e-03
7.045120000000000000e+05 1.066095919410610122e-03
7.065600000000000000e+05 1.066095919410610122e-03
7.086080000000000000e+05 1.066095919410610122e-03
7.106560000000000000e+05 1.066095919410610122e-03
7.127040000000000000e+05 1.066095919410610122e-03
7.147520000000000000e+05 9.803397797946511536e-04
7.168000000000000000e+05 8.394801734989708114e-04
7.188480000000000000e+05 8.394801734989708114e-04
7.208960000000000000e+05 4.903080142997478640e-04
7.229440000000000000e+05 4.903080142997478640e-04
7.249920000000000000e+05 4.903080142997478640e-04
7.270400000000000000e+05 4.903080142997478640e-04
7.290880000000000000e+05 4.903080142997478640e-04
7.311360000000000000e+05 4.903080142997478640e-04
7.331840000000000000e+05 4.903080142997478640e-04
7.352320000000000000e+05 4.903080142997478640e-04
7.372800000000000000e+05 4.903080142997478640e-04
7.393280000000000000e+05 4.903080142997478640e-04
7.413760000000000000e+05 4.903080142997478640e-04
7.434240000000000000e+05 4.903080142997478640e-04
7.454720000000000000e+05 4.903080142997478640e-04
7.475200000000000000e+05 4.903080142997478640e-04
7.495680000000000000e+05 4.903080142997478640e-04
7.516160000000000000e+05 4.903080142997478640e-04
7.536640000000000000e+05 4.903080142997478640e-04
7.557120000000000000e+05 4.903080142997478640e-04
7.577600000000000000e+05 4.686317839954413271e-04
7.598080000000000000e+05 4.686317839954413271e-04
7.618560000000000000e+05 4.686317839954413271e-04
7.639040000000000000e+05 4.686317839954413271e-04
7.659520000000000000e+05 4.686317839954413271e-04
7.680000000000000000e+05 3.326002569128419734e-04
7.700480000000000000e+05 3.326002569128419734e-04
7.720960000000000000e+05 3.326002569128419734e-04
7.741440000000000000e+05 3.326002569128419734e-04
7.761920000000000000e+05 3.326002569128419734e-04
7.782400000000000000e+05 3.326002569128419734e-04
7.802880000000000000e+05 3.326002569128419734e-04
7.823360000000000000e+05 5.598918708938636403e-05
7.843840000000000000e+05 5.598918708938636403e-05
7.864320000000000000e+05 5.598918708938636403e-05
7.884800000000000000e+05 5.598918708938636403e-05
7.905280000000000000e+05 5.598918708938636403e-05
7.925760000000000000e+05 5.598918708938636403e-05
7.946240000000000000e+05 5.598918708938636403e-05
7.966720000000000000e+05 5.598918708938636403e-05
7.987200000000000000e+05 5.598918708938636403e-05
8.007680000000000000e+05 5.598918708938636403e-05
8.028160000000000000e+05 5.598918708938636403e-05
8.048640000000000000e+05 5.598918708938636403e-05
8.069120000000000000e+05 5.598918708938636403e-05
8.089600000000000000e+05 5.598918708938636403e-05
8.110080000000000000e+05 5.598918708938636403e-05
8.130560000000000000e+05 5.598918708938636403e-05
8.151040000000000000e+05 5.598918708938636403e-05
8.171520000000000000e+05 5.598918708938636403e-05
8.192000000000000000e+05 5.598918708938636403e-05
8.212480000000000000e+05 5.598918708938636403e-05
8.232960000000000000e+05 5.598918708938636403e-05
8.253440000000000000e+05 5.598918708938636403e-05
8.273920000000000000e+05 5.598918708938636403e-05
8.294400000000000000e+05 5.598918708938636403e-05
8.314880000000000000e+05 5.598918708938636403e-05
8.335360000000000000e+05 5.598918708938636403e-05
8.355840000000000000e+05 5.598918708938636403e-05
8.376320000000000000e+05 5.598918708938636403e-05
8.396800000000000000e+05 5.598918708938636403e-05
8.417280000000000000e+05 5.598918708938636403e-05
8.437760000000000000e+05 5.598918708938636403e-05
8.458240000000000000e+05 5.598918708938636403e-05
8.478720000000000000e+05 5.598918708938636403e-05
8.499200000000000000e+05 5.598918708938636403e-05
8.519680000000000000e+05 5.598918708938636403e-05
8.540160000000000000e+05 5.598918708938636403e-05
8.560640000000000000e+05 5.598918708938636403e-05
8.581120000000000000e+05 5.598918708938636403e-05
8.601600000000000000e+05 5.598918708938636403e-05
8.622080000000000000e+05 5.598918708938636403e-05
8.642560000000000000e+05 5.598918708938636403e-05
8.663040000000000000e+05 5.598918708938636403e-05
8.683520000000000000e+05 5.598918708938636403e-05
8.704000000000000000e+05 5.598918708938636403e-05
8.724480000000000000e+05 5.598918708938636403e-05
8.744960000000000000e+05 5.598918708938636403e-05
8.765440000000000000e+05 5.598918708938636403e-05
8.785920000000000000e+05 5.598918708938636403e-05
8.806400000000000000e+05 5.598918708938636403e-05
8.826880000000000000e+05 5.598918708938636403e-05
8.847360000000000000e+05 5.598918708938636403e-05
8.867840000000000000e+05 5.598918708938636403e-05
8.888320000000000000e+05 5.598918708938636403e-05
8.908800000000000000e+05 5.598918708938636403e-05
8.929280000000000000e+05 5.598918708938636403e-05
8.949760000000000000e+05 5.598918708938636403e-05
8.970240000000000000e+05 5.598918708938636403e-05
8.990720000000000000e+05 5.598918708938636403e-05
9.011200000000000000e+05 5.598918708938636403e-05
9.031680000000000000e+05 5.598918708938636403e-05
9.052160000000000000e+05 5.598918708938636403e-05
9.072640000000000000e+05 5.598918708938636403e-05
9.093120000000000000e+05 5.598918708938636403e-05
9.113600000000000000e+05 5.598918708938636403e-05
9.134080000000000000e+05 5.598918708938636403e-05
9.154560000000000000e+05 5.598918708938636403e-05
9.175040000000000000e+05 5.559324313394640137e-05
9.195520000000000000e+05 5.559324313394640137e-05
9.216000000000000000e+05 5.559324313394640137e-05
9.236480000000000000e+05 5.559324313394640137e-05
9.256960000000000000e+05 5.559324313394640137e-05
9.277440000000000000e+05 5.559324313394640137e-05
9.297920000000000000e+05 5.559324313394640137e-05
9.318400000000000000e+05 5.559324313394640137e-05
9.338880000000000000e+05 5.559324313394640137e-05
9.359360000000000000e+05 5.559324313394640137e-05
9.379840000000000000e+05 5.509796086367939159e-05
9.400320000000000000e+05 5.509796086367939159e-05
9.420800000000000000e+05 5.509796086367939159e-05
9.441280000000000000e+05 5.509796086367939159e-05
9.461760000000000000e+05 5.509796086367939159e-05
9.482240000000000000e+05 2.642255077309964932e-05
9.502720000000000000e+05 2.642255077309964932e-05
9.523200000000000000e+05 2.642255077309964932e-05
9.543680000000000000e+05 2.642255077309964932e-05
9.564160000000000000e+05 2.642255077309964932e-05
9.584640000000000000e+05 2.642255077309964932e-05
9.605120000000000000e+05 2.642255077309964932e-05
9.625600000000000000e+05 2.642255077309964932e-05
9.646080000000000000e+05 2.642255077309964932e-05
9.666560000000000000e+05 2.642255077309964932e-05
9.687040000000000000e+05 2.246659393517753037e-05
9.707520000000000000e+05 2.246659393517753037e-05
9.728000000000000000e+05 2.246659393517753037e-05
9.748480000000000000e+05 2.246659393517753037e-05
9.768960000000000000e+05 2.246659393517753037e-05
9.789440000000000000e+05 2.246659393517753037e-05
9.809920000000000000e+05 2.246659393517753037e-05
9.830400000000000000e+05 2.246659393517753037e-05
9.850880000000000000e+05 2.246659393517753037e-05
9.871360000000000000e+05 2.246659393517753037e-05
9.891840000000000000e+05 2.246659393517753037e-05
9.912320000000000000e+05 2.246659393517753037e-05
9.932800000000000000e+05 2.246659393517753037e-05
9.953280000000000000e+05 2.246659393517753037e-05
9.973760000000000000e+05 2.246659393517753037e-05
9.994240000000000000e+05 2.246659393517753037e-05
1.001472000000000000e+06 2.246659393517753037e-05
