1.024000000000000000e+03 7.986266484986175307e-01
2.048000000000000000e+03 1.417252722990724675e-02
3.072000000000000000e+03 1.417252722990724675e-02
4.096000000000000000e+03 1.417252722990724675e-02
5.120000000000000000e+03 1.417252722990724675e-02
6.144000000000000000e+03 1.417252722990724675e-02
7.168000000000000000e+03 1.417252722990724675e-02
8.192000000000000000e+03 1.417252722990724675e-02
9.216000000000000000e+03 1.417252722990724675e-02
1.024000000000000000e+04 1.417252722990724675e-02
1.126400000000000000e+04 1.417252722990724675e-02
1.228800000000000000e+04 1.417252722990724675e-02
1.331200000000000000e+04 1.417252722990724675e-02
1.433600000000000000e+04 1.417252722990724675e-02
1.536000000000000000e+04 1.417252722990724675e-02
1.638400000000000000e+04 1.417252722990724675e-02
1.740800000000000000e+04 3.157651623599483284e-03
1.843200000000000000e+04 3.157651623599483284e-03
1.945600000000000000e+04 3.157651623599483284e-03
2.048000000000000000e+04 3.157651623599483284e-03
2.150400000000000000e+04 3.157651623599483284e-03
2.252800000000000000e+04 3.157651623599483284e-03
2.355200000000000000e+04 3.157651623599483284e-03
2.457600000000000000e+04 3.157651623599483284e-03
2.560000000000000000e+04 3.157651623599483284e-03
2.662400000000000000e+04 3.157651623599483284e-03
2.764800000000000000e+04 3.157651623599483284e-03
2.867200000000000000e+04 3.157651623599483284e-03
2.969600000000000000e+04 3.157651623599483284e-03
3.072000000000000000e+04 3.157651623599483284e-03
3.174400000000000000e+04 2.950071625381429658e-03
3.276800000000000000e+04 2.950071625381429658e-03
3.379200000000000000e+04 2.950071625381429658e-03
3.481600000000000000e+04 2.950071625381429658e-03
3.584000000000000000e+04 1.954929283955874654e-03
3.686400000000000000e+04 1.954929283955874654e-03
3.788800000000000000e+04 4.158724701368448381e-04
3.891200000000000000e+04 4.158724701368448381e-04
3.993600000000000000e+04 3.476078999012571845e-04
4.096000000000000000e+04 3.476078999012571845e-04
4.198400000000000000e+04 3.476078999012571845e-04
4.300800000000000000e+04 3.476078999012571845e-04
4.403200000000000000e+04 3.476078999012571845e-04
4.505600000000000000e+04 3.476078999012571845e-04
4.608000000000000000e+04 3.476078999012571845e-04
4.710400000000000000e+04 3.136836385222284570e-04
4.812800000000000000e+04 1.666448176599815507e-04
4.915200000000000000e+04 1.666448176599815507e-04
5.017600000000000000e+04 1.666448176599815507e-04
5.120000000000000000e+04 6.401460530159561743e-05
5.222400000000000000e+04 5.431255585427281155e-05
5.324800000000000000e+04 5.431255585427281155e-05
5.427200000000000000e+04 2.368713533884756556e-06
5.529600000000000000e+04 2.368713533884756556e-06
5.632000000000000000e+04 2.368713533884756556e-06
5.734400000000000000e+04 2.368713533884756556e-06
5.836800000000000000e+04 1.517616755787958157e-07
5.939200000000000000e+04 1.517616755787958157e-07
6.041600000000000000e+04 1.517616755787958157e-07
6.144000000000000000e+04 1.517616755787958157e-07
6.246400000000000000e+04 1.517616755787958157e-07
6.348800000000000000e+04 1.517616755787958157e-07
6.451200000000000000e+04 1.517616755787958157e-07
6.553600000000000000e+04 1.517616755787958157e-07
6.656000000000000000e+04 1.517616755787958157e-07
6.758400000000000000e+04 8.941408945354788224e-08
6.860800000000000000e+04 4.610933608150078298e-08
6.963200000000000000e+04 4.610933608150078298e-08
7.065600000000000000e+04 4.610933608150078298e-08
7.168000000000000000e+04 4.610933608150078298e-08
7.270400000000000000e+04 5.991132921898918363e-09
7.372800000000000000e+04 3.040359500426554170e-09
7.475200000000000000e+04 3.040359500426554170e-09
7.577600000000000000e+04 3.040359500426554170e-09
7.680000000000000000e+04 3.040359500426554170e-09
7.782400000000000000e+04 3.040359500426554170e-09
7.884800000000000000e+04 2.237460407749668701e-10
7.987200000000000000e+04 2.237460407749668701e-10
8.089600000000000000e+04 2.237460407749668701e-10
8.192000000000000000e+04 2.207242994030447049e-10
8.294400000000000000e+04 2.084078572654091111e-11
8.396800000000000000e+04 2.084078572654091111e-11
8.499200000000000000e+04 2.084078572654091111e-11
8.601600000000000000e+04 2.084078572654091111e-11
8.704000000000000000e+04 2.084078572654091111e-11
8.806400000000000000e+04 2.084078572654091111e-11
8.908800000000000000e+04 2.084078572654091111e-11
9.011200000000000000e+04 2.084078572654091111e-11
9.113600000000000000e+04 2.084078572654091111e-11
9.216000000000000000e+04 2.084078572654091111e-11
9.318400000000000000e+04 3.748357122084638232e-12
9.420800000000000000e+04 3.748357122084638232e-12
9.523200000000000000e+04 1.364808630354420411e-12
9.625600000000000000e+04 1.810059897941571150e-13
9.728000000000000000e+04 1.810059897941571150e-13
9.830400000000000000e+04 1.810059897941571150e-13
9.932800000000000000e+04 1.810059897941571150e-13
1.003520000000000000e+05 1.810059897941571150e-13
