1.024000000000000000e+03 1.697377805136946360e+00
2.048000000000000000e+03 3.897487275099999482e-01
3.072000000000000000e+03 3.897487275099999482e-01
4.096000000000000000e+03 3.897487275099999482e-01
5.120000000000000000e+03 2.017598048788813159e-01
6.144000000000000000e+03 6.527059928269848821e-02
7.168000000000000000e+03 6.527059928269848821e-02
8.192000000000000000e+03 6.527059928269848821e-02
9.216000000000000000e+03 6.527059928269848821e-02
1.024000000000000000e+04 6.527059928269848821e-02
1.126400000000000000e+04 6.527059928269848821e-02
1.228800000000000000e+04 6.527059928269848821e-02
1.331200000000000000e+04 6.527059928269848821e-02
1.433600000000000000e+04 6.527059928269848821e-02
1.536000000000000000e+04 6.527059928269848821e-02
1.638400000000000000e+04 6.527059928269848821e-02
1.740800000000000000e+04 6.527059928269848821e-02
1.843200000000000000e+04 6.527059928269848821e-02
1.945600000000000000e+04 6.527059928269848821e-02
2.048000000000000000e+04 2.302618720263483951e-02
2.150400000000000000e+04 2.302618720263483951e-02
2.252800000000000000e+04 2.302618720263483951e-02
2.355200000000000000e+04 2.302618720263483951e-02
2.457600000000000000e+04 2.302618720263483951e-02
2.560000000000000000e+04 2.302618720263483951e-02
2.662400000000000000e+04 6.058070409210128057e-03
2.764800000000000000e+04 6.058070409210128057e-03
2.867200000000000000e+04 6.058070409210128057e-03
2.969600000000000000e+04 6.058070409210128057e-03
3.072000000000000000e+04 6.058070409210128057e-03
3.174400000000000000e+04 6.058070409210128057e-03
3.276800000000000000e+04 6.058070409210128057e-03
3.379200000000000000e+04 6.058070409210128057e-03
3.481600000000000000e+04 6.058070409210128057e-03
3.584000000000000000e+04 1.270879537180964573e-03
3.686400000000000000e+04 1.270879537180964573e-03
3.788800000000000000e+04 1.270879537180964573e-03
3.891200000000000000e+04 1.270879537180964573e-03
3.993600000000000000e+04 1.042464083347287079e-03
4.096000000000000000e+04 1.042464083347287079e-03
4.198400000000000000e+04 1.042464083347287079e-03
4.300800000000000000e+04 1.042464083347287079e-03
4.403200000000000000e+04 1.042464083347287079e-03
4.505600000000000000e+04 3.798298060118176578e-04
4.608000000000000000e+04 3.798298060118176578e-04
4.710400000000000000e+04 3.798298060118176578e-04
4.812800000000000000e+04 2.369968206080438162e-04
4.915200000000000000e+04 2.369968206080438162e-04
5.017600000000000000e+04 2.753844323146820028e-05
5.120000000000000000e+04 2.753844323146820028e-05
5.222400000000000000e+04 2.753844323146820028e-05
5.324800000000000000e+04 2.753844323146820028e-05
5.427200000000000000e+04 2.128776388221301924e-05
5.529600000000000000e+04 2.128776388221301924e-05
5.632000000000000000e+04 2.128776388221301924e-05
5.734400000000000000e+04 1.190505225010123733e-05
5.836800000000000000e+04 1.190505225010123733e-05
5.939200000000000000e+04 1.190505225010123733e-05
6.041600000000000000e+04 1.027980631063368742e-06
6.144000000000000000e+04 2.285450851901894196e-07
6.246400000000000000e+04 2.285450851901894196e-07
6.348800000000000000e+04 2.285450851901894196e-07
6.451200000000000000e+04 2.285450851901894196e-07
6.553600000000000000e+04 2.285450851901894196e-07
6.656000000000000000e+04 2.285450851901894196e-07
6.758400000000000000e+04 2.285450851901894196e-07
6.860800000000000000e+04 3.487695134696998326e-08
6.963200000000000000e+04 3.487695134696998326e-08
7.065600000000000000e+04 6.586491703580421290e-09
7.168000000000000000e+04 6.586491703580421290e-09
7.270400000000000000e+04 6.586491703580421290e-09
7.372800000000000000e+04 2.221831267980810807e-09
7.475200000000000000e+04 2.221831267980810807e-09
7.577600000000000000e+04 2.221831267980810807e-09
7.680000000000000000e+04 2.221831267980810807e-09
7.782400000000000000e+04 2.221831267980810807e-09
7.884800000000000000e+04 2.221831267980810807e-09
7.987200000000000000e+04 2.221831267980810807e-09
8.089600000000000000e+04 2.221831267980810807e-09
8.192000000000000000e+04 1.630444988650748537e-10
8.294400000000000000e+04 1.630444988650748537e-10
8.396800000000000000e+04 1.630444988650748537e-10
8.499200000000000000e+04 1.630444988650748537e-10
8.601600000000000000e+04 1.630444988650748537e-10
8.704000000000000000e+04 1.630444988650748537e-10
8.806400000000000000e+04 1.630444988650748537e-10
8.908800000000000000e+04 1.630444988650748537e-10
9.011200000000000000e+04 8.873164173707794557e-11
9.113600000000000000e+04 2.271780779429401893e-11
9.216000000000000000e+04 9.553123490743471293e-12
9.318400000000000000e+04 2.455124832222788135e-12
9.420800000000000000e+04 2.455124832222788135e-12
9.523200000000000000e+04 2.455124832222788135e-12
9.625600000000000000e+04 2.455124832222788135e-12
9.728000000000000000e+04 1.298749886351427438e-12
9.830400000000000000e+04 1.298749886351427438e-12
9.932800000000000000e+04 1.298749886351427438e-12
1.003520000000000000e+05 1.154978595031013567e-13
