1.024000000000000000e+03 1.989911314813182175e+00
2.048000000000000000e+03 1.989911314813182175e+00
3.072000000000000000e+03 9.384700799970850937e-01
4.096000000000000000e+03 3.226878025603965860e-01
5.120000000000000000e+03 3.226878025603965860e-01
6.144000000000000000e+03 1.088210068009302228e-02
7.168000000000000000e+03 1.088210068009302228e-02
8.192000000000000000e+03 1.088210068009302228e-02
9.216000000000000000e+03 1.088210068009302228e-02
1.024000000000000000e+04 1.088210068009302228e-02
1.126400000000000000e+04 1.088210068009302228e-02
1.228800000000000000e+04 1.088210068009302228e-02
1.331200000000000000e+04 1.088210068009302228e-02
1.433600000000000000e+04 1.088210068009302228e-02
1.536000000000000000e+04 1.088210068009302228e-02
1.638400000000000000e+04 1.088210068009302228e-02
1.740800000000000000e+04 1.088210068009302228e-02
1.843200000000000000e+04 9.183052700294631887e-03
1.945600000000000000e+04 9.183052700294631887e-03
2.048000000000000000e+04 9.183052700294631887e-03
2.150400000000000000e+04 9.183052700294631887e-03
2.252800000000000000e+04 9.183052700294631887e-03
2.355200000000000000e+04 9.183052700294631887e-03
2.457600000000000000e+04 9.183052700294631887e-03
2.560000000000000000e+04 1.822921206110466935e-03
2.662400000000000000e+04 1.822921206110466935e-03
2.764800000000000000e+04 1.822921206110466935e-03
2.867200000000000000e+04 1.822921206110466935e-03
2.969600000000000000e+04 1.822921206110466935e-03
3.072000000000000000e+04 1.822921206110466935e-03
3.174400000000000000e+04 1.822921206110466935e-03
3.276800000000000000e+04 1.822921206110466935e-03
3.379200000000000000e+04 1.822921206110466935e-03
3.481600000000000000e+04 1.822921206110466935e-03
3.584000000000000000e+04 1.822921206110466935e-03
3.686400000000000000e+04 1.822921206110466935e-03
3.788800000000000000e+04 1.822921206110466935e-03
3.891200000000000000e+04 1.172596589649713550e-05
3.993600000000000000e+04 1.172596589649713550e-05
4.096000000000000000e+04 1.172596589649713550e-05
4.198400000000000000e+04 1.172596589649713550e-05
4.300800000000000000e+04 1.172596589649713550e-05
4.403200000000000000e+04 1.172596589649713550e-05
4.505600000000000000e+04 1.172596589649713550e-05
4.608000000000000000e+04 1.172596589649713550e-05
4.710400000000000000e+04 1.172596589649713550e-05
4.812800000000000000e+04 1.172596589649713550e-05
4.915200000000000000e+04 1.172596589649713550e-05
5.017600000000000000e+04 1.172596589649713550e-05
5.120000000000000000e+04 1.172596589649713550e-05
5.222400000000000000e+04 1.172596589649713550e-05
5.324800000000000000e+04 1.172596589649713550e-05
5.427200000000000000e+04 2.036764195283659587e-07
5.529600000000000000e+04 2.036764195283659587e-07
5.632000000000000000e+04 2.036764195283659587e-07
5.734400000000000000e+04 2.036764195283659587e-07
5.836800000000000000e+04 2.036764195283659587e-07
5.939200000000000000e+04 2.036764195283659587e-07
6.041600000000000000e+04 2.036764195283659587e-07
6.144000000000000000e+04 1.772557790834327733e-07
6.246400000000000000e+04 1.772557790834327733e-07
6.348800000000000000e+04 1.772557790834327733e-07
6.451200000000000000e+04 1.772557790834327733e-07
6.553600000000000000e+04 1.772557790834327733e-07
6.656000000000000000e+04 2.612765131973852503e-08
6.758400000000000000e+04 2.612765131973852503e-08
6.860800000000000000e+04 2.612765131973852503e-08
6.963200000000000000e+04 2.852962390781462068e-09
7.065600000000000000e+04 2.852962390781462068e-09
7.168000000000000000e+04 2.852962390781462068e-09
7.270400000000000000e+04 2.852962390781462068e-09
7.372800000000000000e+04 2.852962390781462068e-09
7.475200000000000000e+04 2.852962390781462068e-09
7.577600000000000000e+04 2.852962390781462068e-09
7.680000000000000000e+04 5.377135728266214037e-10
7.782400000000000000e+04 5.377135728266214037e-10
7.884800000000000000e+04 5.377135728266214037e-10
7.987200000000000000e+04 5.377135728266214037e-10
8.089600000000000000e+04 4.691466430307180088e-10
8.192000000000000000e+04 4.691466430307180088e-10
8.294400000000000000e+04 4.691466430307180088e-10
8.396800000000000000e+04 4.691466430307180088e-10
8.499200000000000000e+04 4.691466430307180088e-10
8.601600000000000000e+04 4.691466430307180088e-10
8.704000000000000000e+04 1.487838656558114117e-10
8.806400000000000000e+04 4.113714194054249434e-11
8.908800000000000000e+04 2.183708552879503603e-11
9.011200000000000000e+04 2.183708552879503603e-11
9.113600000000000000e+04 2.183708552879503603e-11
9.216000000000000000e+04 2.183708552879503603e-11
9.318400000000000000e+04 2.069943092979434258e-11
9.420800000000000000e+04 1.836893728652779735e-11
9.523200000000000000e+04 1.040653085684978428e-11
9.625600000000000000e+04 1.040653085684978428e-11
9.728000000000000000e+04 6.641772137265571747e-12
9.830400000000000000e+04 5.463343389069096554e-13
9.932800000000000000e+04 5.463343389069096554e-13
1.003520000000000000e+05 2.053316773355181074e-13
