1.024000000000000000e+03 5.008579712224729974e-01
2.048000000000000000e+03 5.008579712224729974e-01
3.072000000000000000e+03 3.796298775050036545e-01
4.096000000000000000e+03 3.796298775050036545e-01
5.120000000000000000e+03 3.796298775050036545e-01
6.144000000000000000e+03 3.796298775050036545e-01
7.168000000000000000e+03 3.796298775050036545e-01
8.192000000000000000e+03 3.796298775050036545e-01
9.216000000000000000e+03 3.796298775050036545e-01
1.024000000000000000e+04 1.596529010424135586e-01
1.126400000000000000e+04 1.596529010424135586e-01
1.228800000000000000e+04 1.779743094737953196e-02
1.331200000000000000e+04 4.163750929206185870e-03
1.433600000000000000e+04 4.163750929206185870e-03
1.536000000000000000e+04 4.163750929206185870e-03
1.638400000000000000e+04 4.163750929206185870e-03
1.740800000000000000e+04 4.163750929206185870e-03
1.843200000000000000e+04 4.163750929206185870e-03
1.945600000000000000e+04 4.163750929206185870e-03
2.048000000000000000e+04 4.163750929206185870e-03
2.150400000000000000e+04 3.434233192318956844e-03
2.252800000000000000e+04 3.434233192318956844e-03
2.355200000000000000e+04 3.434233192318956844e-03
2.457600000000000000e+04 3.434233192318956844e-03
2.560000000000000000e+04 2.856837752608711554e-03
2.662400000000000000e+04 2.856837752608711554e-03
2.764800000000000000e+04 2.856837752608711554e-03
2.867200000000000000e+04 2.856837752608711554e-03
2.969600000000000000e+04 2.856837752608711554e-03
3.072000000000000000e+04 2.856837752608711554e-03
3.174400000000000000e+04 2.856837752608711554e-03
3.276800000000000000e+04 2.813237710735584651e-03
3.379200000000000000e+04 2.813237710735584651e-03
3.481600000000000000e+04 2.813237710735584651e-03
3.584000000000000000e+04 2.813237710735584651e-03
3.686400000000000000e+04 2.813237710735584651e-03
3.788800000000000000e+04 2.813237710735584651e-03
3.891200000000000000e+04 2.813237710735584651e-03
3.993600000000000000e+04 1.424105458351903036e-03
4.096000000000000000e+04 1.424105458351903036e-03
4.198400000000000000e+04 1.196702470374718134e-03
4.300800000000000000e+04 1.196702470374718134e-03
4.403200000000000000e+04 2.880793534440420436e-05
4.505600000000000000e+04 2.880793534440420436e-05
4.608000000000000000e+04 2.880793534440420436e-05
4.710400000000000000e+04 2.880793534440420436e-05
4.812800000000000000e+04 2.880793534440420436e-05
4.915200000000000000e+04 2.880793534440420436e-05
5.017600000000000000e+04 2.880793534440420436e-05
5.120000000000000000e+04 2.880793534440420436e-05
5.222400000000000000e+04 2.880793534440420436e-05
5.324800000000000000e+04 2.880793534440420436e-05
5.427200000000000000e+04 2.880793534440420436e-05
5.529600000000000000e+04 1.260644466043182494e-05
5.632000000000000000e+04 1.260644466043182494e-05
5.734400000000000000e+04 1.260644466043182494e-05
5.836800000000000000e+04 1.260644466043182494e-05
5.939200000000000000e+04 7.594836589142803151e-06
6.041600000000000000e+04 3.907538491140105431e-07
6.144000000000000000e+04 3.907538491140105431e-07
6.246400000000000000e+04 3.742047606951666740e-07
6.348800000000000000e+04 3.742047606951666740e-07
6.451200000000000000e+04 3.664093378225872460e-07
6.553600000000000000e+04 2.256192869034947163e-07
6.656000000000000000e+04 6.924577837441030647e-08
6.758400000000000000e+04 6.924577837441030647e-08
6.860800000000000000e+04 1.641431348027976566e-08
6.963200000000000000e+04 1.641431348027976566e-08
7.065600000000000000e+04 1.641431348027976566e-08
7.168000000000000000e+04 1.512392937793615918e-08
7.270400000000000000e+04 1.512392937793615918e-08
7.372800000000000000e+04 1.512392937793615918e-08
7.475200000000000000e+04 1.474371717462915008e-08
7.577600000000000000e+04 4.281388021207336803e-09
7.680000000000000000e+04 4.281388021207336803e-09
7.782400000000000000e+04 4.076946108995445301e-09
7.884800000000000000e+04 1.044702031679568589e-09
7.987200000000000000e+04 4.389814358880362388e-10
8.089600000000000000e+04 4.389814358880362388e-10
8.192000000000000000e+04 4.389814358880362388e-10
8.294400000000000000e+04 4.389814358880362388e-10
8.396800000000000000e+04 1.359697996209030454e-11
8.499200000000000000e+04 1.359697996209030454e-11
8.601600000000000000e+04 1.359697996209030454e-11
8.704000000000000000e+04 1.359697996209030454e-11
8.806400000000000000e+04 1.359697996209030454e-11
8.908800000000000000e+04 1.359697996209030454e-11
9.011200000000000000e+04 1.359697996209030454e-11
9.113600000000000000e+04 8.043582848226832508e-12
9.216000000000000000e+04 8.043582848226832508e-12
9.318400000000000000e+04 8.043582848226832508e-12
9.420800000000000000e+04 2.954612319250034714e-12
9.523200000000000000e+04 8.716919089116668626e-13
9.625600000000000000e+04 8.716919089116668626e-13
9.728000000000000000e+04 8.716919089116668626e-13
9.830400000000000000e+04 5.187465635173592710e-13
9.932800000000000000e+04 5.187465635173592710e-13
1.003520000000000000e+05 1.911861924807663639e-13
