2.560000000000000000e+02 6.553569263654495103e+00
5.120000000000000000e+02 4.859506138432745814e+00
7.680000000000000000e+02 5.763395319630911784e-01
1.024000000000000000e+03 5.763395319630911784e-01
1.280000000000000000e+03 5.763395319630911784e-01
1.536000000000000000e+03 5.763395319630911784e-01
1.792000000000000000e+03 3.065033632879509695e-01
2.048000000000000000e+03 3.065033632879509695e-01
2.304000000000000000e+03 3.065033632879509695e-01
2.560000000000000000e+03 3.065033632879509695e-01
2.816000000000000000e+03 3.065033632879509695e-01
3.072000000000000000e+03 3.065033632879509695e-01
3.328000000000000000e+03 1.990042969344788526e-01
3.584000000000000000e+03 1.781569227001647826e-01
3.840000000000000000e+03 1.781569227001647826e-01
4.096000000000000000e+03 1.781569227001647826e-01
4.352000000000000000e+03 1.781569227001647826e-01
4.608000000000000000e+03 7.219239042701786069e-02
4.864000000000000000e+03 7.219239042701786069e-02
5.120000000000000000e+03 7.219239042701786069e-02
5.376000000000000000e+03 7.219239042701786069e-02
5.632000000000000000e+03 3.258866948949874776e-02
5.888000000000000000e+03 3.258866948949874776e-02
6.144000000000000000e+03 3.258866948949874776e-02
6.400000000000000000e+03 2.708280694650030962e-02
6.656000000000000000e+03 2.708280694650030962e-02
6.912000000000000000e+03 2.708280694650030962e-02
7.168000000000000000e+03 2.708280694650030962e-02
7.424000000000000000e+03 2.708280694650030962e-02
7.680000000000000000e+03 2.708280694650030962e-02
7.936000000000000000e+03 2.708280694650030962e-02
8.192000000000000000e+03 2.708280694650030962e-02
8.448000000000000000e+03 8.367732014168962132e-03
8.704000000000000000e+03 3.355951264669596382e-03
8.960000000000000000e+03 3.355951264669596382e-03
9.216000000000000000e+03 3.355951264669596382e-03
9.472000000000000000e+03 1.094656440131025867e-03
9.728000000000000000e+03 1.094656440131025867e-03
9.984000000000000000e+03 4.413639206030123968e-04
1.024000000000000000e+04 4.413639206030123968e-04
1.049600000000000000e+04 4.413639206030123968e-04
1.075200000000000000e+04 4.413639206030123968e-04
1.100800000000000000e+04 4.413639206030123968e-04
1.126400000000000000e+04 4.413639206030123968e-04
1.152000000000000000e+04 3.423002322858761069e-04
1.177600000000000000e+04 6.703742756986176279e-06
1.203200000000000000e+04 6.703742756986176279e-06
1.228800000000000000e+04 6.703742756986176279e-06
1.254400000000000000e+04 6.703742756986176279e-06
1.280000000000000000e+04 6.703742756986176279e-06
1.305600000000000000e+04 6.703742756986176279e-06
1.331200000000000000e+04 6.703742756986176279e-06
1.356800000000000000e+04 3.081066042369341817e-06
1.382400000000000000e+04 3.081066042369341817e-06
1.408000000000000000e+04 3.081066042369341817e-06
1.433600000000000000e+04 3.081066042369341817e-06
1.459200000000000000e+04 3.081066042369341817e-06
1.484800000000000000e+04 3.081066042369341817e-06
1.510400000000000000e+04 3.081066042369341817e-06
1.536000000000000000e+04 2.289605622861233799e-06
1.561600000000000000e+04 1.654012027292981146e-06
1.587200000000000000e+04 1.654012027292981146e-06
1.612800000000000000e+04 1.569429349986232872e-06
1.638400000000000000e+04 7.692438177081460142e-07
1.664000000000000000e+04 7.692438177081460142e-07
1.689600000000000000e+04 7.692438177081460142e-07
1.715200000000000000e+04 3.313032995203072311e-08
1.740800000000000000e+04 3.313032995203072311e-08
1.766400000000000000e+04 3.313032995203072311e-08
1.792000000000000000e+04 3.313032995203072311e-08
1.817600000000000000e+04 3.313032995203072311e-08
1.843200000000000000e+04 3.313032995203072311e-08
1.868800000000000000e+04 2.556909611062357463e-08
1.894400000000000000e+04 1.931666121286431592e-09
1.920000000000000000e+04 1.931666121286431592e-09
1.945600000000000000e+04 1.931666121286431592e-09
1.971200000000000000e+04 1.931666121286431592e-09
1.996800000000000000e+04 1.931666121286431592e-09
2.022400000000000000e+04 1.931666121286431592e-09
2.048000000000000000e+04 1.334509846467885565e-09
2.073600000000000000e+04 1.334509846467885565e-09
2.099200000000000000e+04 1.334509846467885565e-09
2.124800000000000000e+04 2.804739814224896381e-11
2.150400000000000000e+04 5.393576441289927187e-12
2.176000000000000000e+04 5.393576441289927187e-12
2.201600000000000000e+04 5.393576441289927187e-12
2.227200000000000000e+04 5.393576441289927187e-12
2.252800000000000000e+04 5.393576441289927187e-12
2.278400000000000000e+04 5.393576441289927187e-12
2.304000000000000000e+04 5.393576441289927187e-12
2.329600000000000000e+04 5.393576441289927187e-12
2.355200000000000000e+04 5.393576441289927187e-12
2.380800000000000000e+04 5.393576441289927187e-12
2.406400000000000000e+04 4.582709445427769316e-12
2.432000000000000000e+04 4.582709445427769316e-12
2.457600000000000000e+04 4.518143238567158737e-13
2.483200000000000000e+04 4.518143238567158737e-13
2.508800000000000000e+04 4.518143238567158737e-13
2.534400000000000000e+04 4.518143238567158737e-13
2.560000000000000000e+04 4.518143238567158737e-13
2.585600000000000000e+04 1.931843446399246895e-13
2.611200000000000000e+04 1.234929374620998568e-13
2.636800000000000000e+04 6.205791203573271048e-14
2.662400000000000000e+04 6.205791203573271048e-14
2.688000000000000000e+04 6.205791203573271048e-14
2.713600000000000000e+04 3.232826429645380169e-15
2.739200000000000000e+04 3.232826429645380169e-15
2.764800000000000000e+04 3.232826429645380169e-15
2.790400000000000000e+04 3.232826429645380169e-15
2.816000000000000000e+04 1.363995877198750221e-15
2.841600000000000000e+04 1.363995877198750221e-15
2.867200000000000000e+04 1.363995877198750221e-15
2.892800000000000000e+04 2.418694318234366270e-16
2.918400000000000000e+04 2.418694318234366270e-16
2.944000000000000000e+04 1.594474744920557848e-16
2.969600000000000000e+04 1.594474744920557848e-16
2.995200000000000000e+04 1.594474744920557848e-16
3.020800000000000000e+04 8.845661040289545341e-17
3.046400000000000000e+04 8.845661040289545341e-17
3.072000000000000000e+04 8.845661040289545341e-17
3.097600000000000000e+04 1.457841387803771783e-17
3.123200000000000000e+04 1.457841387803771783e-17
3.148800000000000000e+04 1.457841387803771783e-17
3.174400000000000000e+04 1.457841387803771783e-17
3.200000000000000000e+04 1.576349749517320183e-18
3.225600000000000000e+04 1.576349749517320183e-18
3.251200000000000000e+04 7.227416542984017874e-19
3.276800000000000000e+04 7.227416542984017874e-19
3.302400000000000000e+04 5.084117294065714916e-19
3.328000000000000000e+04 5.084117294065714916e-19
3.353600000000000000e+04 5.084117294065714916e-19
3.379200000000000000e+04 5.084117294065714916e-19
3.404800000000000000e+04 9.982259287730195479e-20
3.430400000000000000e+04 9.982259287730195479e-20
3.456000000000000000e+04 1.765206018936430975e-20
3.481600000000000000e+04 1.765206018936430975e-20
3.507200000000000000e+04 1.765206018936430975e-20
3.532800000000000000e+04 1.765206018936430975e-20
3.558400000000000000e+04 1.765206018936430975e-20
3.584000000000000000e+04 1.765206018936430975e-20
3.609600000000000000e+04 1.765206018936430975e-20
3.635200000000000000e+04 1.765206018936430975e-20
3.660800000000000000e+04 1.765206018936430975e-20
3.686400000000000000e+04 2.642444289033126732e-21
3.712000000000000000e+04 2.642444289033126732e-21
3.737600000000000000e+04 2.642444289033126732e-21
3.763200000000000000e+04 7.630978284854980066e-22
3.788800000000000000e+04 7.630978284854980066e-22
3.814400000000000000e+04 7.630978284854980066e-22
3.840000000000000000e+04 5.114624782615724118e-22
3.865600000000000000e+04 5.114624782615724118e-22
3.891200000000000000e+04 5.114624782615724118e-22
3.916800000000000000e+04 5.114624782615724118e-22
3.942400000000000000e+04 5.114624782615724118e-22
3.968000000000000000e+04 1.441041710336911380e-23
3.993600000000000000e+04 1.441041710336911380e-23
4.019200000000000000e+04 1.441041710336911380e-23
4.044800000000000000e+04 1.441041710336911380e-23
4.070400000000000000e+04 1.372523454756973091e-23
4.096000000000000000e+04 4.492558122068230906e-24
4.121600000000000000e+04 1.900209381091537645e-24
4.147200000000000000e+04 1.184672357453720242e-25
4.172800000000000000e+04 1.184672357453720242e-25
4.198400000000000000e+04 1.082830414589687618e-25
4.224000000000000000e+04 1.082830414589687618e-25
4.249600000000000000e+04 1.082830414589687618e-25
4.275200000000000000e+04 1.082830414589687618e-25
4.300800000000000000e+04 1.082830414589687618e-25
4.326400000000000000e+04 1.082830414589687618e-25
4.352000000000000000e+04 1.082830414589687618e-25
4.377600000000000000e+04 1.082830414589687618e-25
4.403200000000000000e+04 1.082830414589687618e-25
4.428800000000000000e+04 4.959612884550419903e-26
4.454400000000000000e+04 4.097422427808457418e-26
4.480000000000000000e+04 4.097422427808457418e-26
4.505600000000000000e+04 4.097422427808457418e-26
4.531200000000000000e+04 1.620528607906743172e-26
4.556800000000000000e+04 4.384538215024959928e-27
4.582400000000000000e+04 4.232004563429490848e-27
4.608000000000000000e+04 1.043379480719584817e-27
4.633600000000000000e+04 1.043379480719584817e-27
4.659200000000000000e+04 1.043379480719584817e-27
4.684800000000000000e+04 1.043379480719584817e-27
4.710400000000000000e+04 1.043379480719584817e-27
4.736000000000000000e+04 7.799985459889195009e-28
4.761600000000000000e+04 7.799985459889195009e-28
4.787200000000000000e+04 3.187984133224413959e-28
4.812800000000000000e+04 3.187984133224413959e-28
4.838400000000000000e+04 2.416379560305111786e-28
4.864000000000000000e+04 6.217210009273099291e-29
4.889600000000000000e+04 6.217210009273099291e-29
4.915200000000000000e+04 6.217210009273099291e-29
4.940800000000000000e+04 6.217210009273099291e-29
4.966400000000000000e+04 6.217210009273099291e-29
4.992000000000000000e+04 5.238529448733281520e-30
5.017600000000000000e+04 5.238529448733281520e-30
5.043200000000000000e+04 5.238529448733281520e-30
5.068800000000000000e+04 4.930380657631323784e-30
5.094400000000000000e+04 1.774937036747276562e-30
5.120000000000000000e+04 1.774937036747276562e-30
5.145600000000000000e+04 4.437342591868191405e-31
5.171200000000000000e+04 4.437342591868191405e-31
5.196800000000000000e+04 4.437342591868191405e-31
5.222400000000000000e+04 4.437342591868191405e-31
5.248000000000000000e+04 3.081487911019577365e-31
5.273600000000000000e+04 3.081487911019577365e-31
5.299200000000000000e+04 0.000000000000000000e+00
5.324800000000000000e+04 0.000000000000000000e+00
5.350400000000000000e+04 0.000000000000000000e+00
5.376000000000000000e+04 0.000000000000000000e+00
5.401600000000000000e+04 0.000000000000000000e+00
5.427200000000000000e+04 0.000000000000000000e+00
5.452800000000000000e+04 0.000000000000000000e+00
5.478400000000000000e+04 0.000000000000000000e+00
5.504000000000000000e+04 0.000000000000000000e+00
5.529600000000000000e+04 0.000000000000000000e+00
5.555200000000000000e+04 0.000000000000000000e+00
5.580800000000000000e+04 0.000000000000000000e+00
5.606400000000000000e+04 0.000000000000000000e+00
5.632000000000000000e+04 0.000000000000000000e+00
5.657600000000000000e+04 0.000000000000000000e+00
5.683200000000000000e+04 0.000000000000000000e+00
5.708800000000000000e+04 0.000000000000000000e+00
5.734400000000000000e+04 0.000000000000000000e+00
5.760000000000000000e+04 0.000000000000000000e+00
5.785600000000000000e+04 0.000000000000000000e+00
5.811200000000000000e+04 0.000000000000000000e+00
5.836800000000000000e+04 0.000000000000000000e+00
5.862400000000000000e+04 0.000000000000000000e+00
5.888000000000000000e+04 0.000000000000000000e+00
5.913600000000000000e+04 0.000000000000000000e+00
5.939200000000000000e+04 0.000000000000000000e+00
5.964800000000000000e+04 0.000000000000000000e+00
5.990400000000000000e+04 0.000000000000000000e+00
6.016000000000000000e+04 0.000000000000000000e+00
6.041600000000000000e+04 0.000000000000000000e+00
6.067200000000000000e+04 0.000000000000000000e+00
6.092800000000000000e+04 0.000000000000000000e+00
6.118400000000000000e+04 0.000000000000000000e+00
6.144000000000000000e+04 0.000000000000000000e+00
6.169600000000000000e+04 0.000000000000000000e+00
6.195200000000000000e+04 0.000000000000000000e+00
6.220800000000000000e+04 0.000000000000000000e+00
6.246400000000000000e+04 0.000000000000000000e+00
6.272000000000000000e+04 0.000000000000000000e+00
6.297600000000000000e+04 0.000000000000000000e+00
6.323200000000000000e+04 0.000000000000000000e+00
6.348800000000000000e+04 0.000000000000000000e+00
6.374400000000000000e+04 0.000000000000000000e+00
6.400000000000000000e+04 0.000000000000000000e+00
6.425600000000000000e+04 0.000000000000000000e+00
6.451200000000000000e+04 0.000000000000000000e+00
6.476800000000000000e+04 0.000000000000000000e+00
6.502400000000000000e+04 0.000000000000000000e+00
6.528000000000000000e+04 0.000000000000000000e+00
6.553600000000000000e+04 0.000000000000000000e+00
6.579200000000000000e+04 0.000000000000000000e+00
6.604800000000000000e+04 0.000000000000000000e+00
6.630400000000000000e+04 0.000000000000000000e+00
6.656000000000000000e+04 0.000000000000000000e+00
6.681600000000000000e+04 0.000000000000000000e+00
6.707200000000000000e+04 0.000000000000000000e+00
6.732800000000000000e+04 0.000000000000000000e+00
6.758400000000000000e+04 0.000000000000000000e+00
6.784000000000000000e+04 0.000000000000000000e+00
6.809600000000000000e+04 0.000000000000000000e+00
6.835200000000000000e+04 0.000000000000000000e+00
6.860800000000000000e+04 0.000000000000000000e+00
6.886400000000000000e+04 0.000000000000000000e+00
6.912000000000000000e+04 0.000000000000000000e+00
6.937600000000000000e+04 0.000000000000000000e+00
6.963200000000000000e+04 0.000000000000000000e+00
6.988800000000000000e+04 0.000000000000000000e+00
7.014400000000000000e+04 0.000000000000000000e+00
7.040000000000000000e+04 0.000000000000000000e+00
7.065600000000000000e+04 0.000000000000000000e+00
7.091200000000000000e+04 0.000000000000000000e+00
7.116800000000000000e+04 0.000000000000000000e+00
7.142400000000000000e+04 0.000000000000000000e+00
7.168000000000000000e+04 0.000000000000000000e+00
7.193600000000000000e+04 0.000000000000000000e+00
7.219200000000000000e+04 0.000000000000000000e+00
7.244800000000000000e+04 0.000000000000000000e+00
7.270400000000000000e+04 0.000000000000000000e+00
7.296000000000000000e+04 0.000000000000000000e+00
7.321600000000000000e+04 0.000000000000000000e+00
7.347200000000000000e+04 0.000000000000000000e+00
7.372800000000000000e+04 0.000000000000000000e+00
7.398400000000000000e+04 0.000000000000000000e+00
7.424000000000000000e+04 0.000000000000000000e+00
7.449600000000000000e+04 0.000000000000000000e+00
7.475200000000000000e+04 0.000000000000000000e+00
7.500800000000000000e+04 0.000000000000000000e+00
7.526400000000000000e+04 0.000000000000000000e+00
7.552000000000000000e+04 0.000000000000000000e+00
7.577600000000000000e+04 0.000000000000000000e+00
7.603200000000000000e+04 0.000000000000000000e+00
7.628800000000000000e+04 0.000000000000000000e+00
7.654400000000000000e+04 0.000000000000000000e+00
7.680000000000000000e+04 0.000000000000000000e+00
7.705600000000000000e+04 0.000000000000000000e+00
7.731200000000000000e+04 0.000000000000000000e+00
7.756800000000000000e+04 0.000000000000000000e+00
7.782400000000000000e+04 0.000000000000000000e+00
7.808000000000000000e+04 0.000000000000000000e+00
7.833600000000000000e+04 0.000000000000000000e+00
7.859200000000000000e+04 0.000000000000000000e+00
7.884800000000000000e+04 0.000000000000000000e+00
7.910400000000000000e+04 0.000000000000000000e+00
7.936000000000000000e+04 0.000000000000000000e+00
7.961600000000000000e+04 0.000000000000000000e+00
7.987200000000000000e+04 0.000000000000000000e+00
8.012800000000000000e+04 0.000000000000000000e+00
8.038400000000000000e+04 0.000000000000000000e+00
8.064000000000000000e+04 0.000000000000000000e+00
8.089600000000000000e+04 0.000000000000000000e+00
8.115200000000000000e+04 0.000000000000000000e+00
8.140800000000000000e+04 0.000000000000000000e+00
8.166400000000000000e+04 0.000000000000000000e+00
8.192000000000000000e+04 0.000000000000000000e+00
8.217600000000000000e+04 0.000000000000000000e+00
8.243200000000000000e+04 0.000000000000000000e+00
8.268800000000000000e+04 0.000000000000000000e+00
8.294400000000000000e+04 0.000000000000000000e+00
8.320000000000000000e+04 0.000000000000000000e+00
8.345600000000000000e+04 0.000000000000000000e+00
8.371200000000000000e+04 0.000000000000000000e+00
8.396800000000000000e+04 0.000000000000000000e+00
8.422400000000000000e+04 0.000000000000000000e+00
8.448000000000000000e+04 0.000000000000000000e+00
8.473600000000000000e+04 0.000000000000000000e+00
8.499200000000000000e+04 0.000000000000000000e+00
8.524800000000000000e+04 0.000000000000000000e+00
8.550400000000000000e+04 0.000000000000000000e+00
8.576000000000000000e+04 0.000000000000000000e+00
8.601600000000000000e+04 0.000000000000000000e+00
8.627200000000000000e+04 0.000000000000000000e+00
8.652800000000000000e+04 0.000000000000000000e+00
8.678400000000000000e+04 0.000000000000000000e+00
8.704000000000000000e+04 0.000000000000000000e+00
8.729600000000000000e+04 0.000000000000000000e+00
8.755200000000000000e+04 0.000000000000000000e+00
8.780800000000000000e+04 0.000000000000000000e+00
8.806400000000000000e+04 0.000000000000000000e+00
8.832000000000000000e+04 0.000000000000000000e+00
8.857600000000000000e+04 0.000000000000000000e+00
8.883200000000000000e+04 0.000000000000000000e+00
8.908800000000000000e+04 0.000000000000000000e+00
8.934400000000000000e+04 0.000000000000000000e+00
8.960000000000000000e+04 0.000000000000000000e+00
8.985600000000000000e+04 0.000000000000000000e+00
9.011200000000000000e+04 0.000000000000000000e+00
9.036800000000000000e+04 0.000000000000000000e+00
9.062400000000000000e+04 0.000000000000000000e+00
9.088000000000000000e+04 0.000000000000000000e+00
9.113600000000000000e+04 0.000000000000000000e+00
9.139200000000000000e+04 0.000000000000000000e+00
9.164800000000000000e+04 0.000000000000000000e+00
9.190400000000000000e+04 0.000000000000000000e+00
9.216000000000000000e+04 0.000000000000000000e+00
9.241600000000000000e+04 0.000000000000000000e+00
9.267200000000000000e+04 0.000000000000000000e+00
9.292800000000000000e+04 0.000000000000000000e+00
9.318400000000000000e+04 0.000000000000000000e+00
9.344000000000000000e+04 0.000000000000000000e+00
9.369600000000000000e+04 0.000000000000000000e+00
9.395200000000000000e+04 0.000000000000000000e+00
9.420800000000000000e+04 0.000000000000000000e+00
9.446400000000000000e+04 0.000000000000000000e+00
9.472000000000000000e+04 0.000000000000000000e+00
9.497600000000000000e+04 0.000000000000000000e+00
9.523200000000000000e+04 0.000000000000000000e+00
9.548800000000000000e+04 0.000000000000000000e+00
9.574400000000000000e+04 0.000000000000000000e+00
9.600000000000000000e+04 0.000000000000000000e+00
9.625600000000000000e+04 0.000000000000000000e+00
9.651200000000000000e+04 0.000000000000000000e+00
9.676800000000000000e+04 0.000000000000000000e+00
9.702400000000000000e+04 0.000000000000000000e+00
9.728000000000000000e+04 0.000000000000000000e+00
9.753600000000000000e+04 0.000000000000000000e+00
9.779200000000000000e+04 0.000000000000000000e+00
9.804800000000000000e+04 0.000000000000000000e+00
9.830400000000000000e+04 0.000000000000000000e+00
9.856000000000000000e+04 0.000000000000000000e+00
9.881600000000000000e+04 0.000000000000000000e+00
9.907200000000000000e+04 0.000000000000000000e+00
9.932800000000000000e+04 0.000000000000000000e+00
9.958400000000000000e+04 0.000000000000000000e+00
9.984000000000000000e+04 0.000000000000000000e+00
1.000960000000000000e+05 0.000000000000000000e+00
