1.280000000000000000e+02 5.216540008057929390e-02
2.560000000000000000e+02 5.216540008057929390e-02
3.840000000000000000e+02 5.216540008057929390e-02
5.120000000000000000e+02 5.216540008057929390e-02
6.400000000000000000e+02 5.216540008057929390e-02
7.680000000000000000e+02 5.216540008057929390e-02
8.960000000000000000e+02 5.216540008057929390e-02
1.024000000000000000e+03 5.216540008057929390e-02
1.152000000000000000e+03 2.270000102346067528e-02
1.280000000000000000e+03 2.262432740828919028e-02
1.408000000000000000e+03 5.323122944751563015e-03
1.536000000000000000e+03 5.323122944751563015e-03
1.664000000000000000e+03 4.046451226406817293e-03
1.792000000000000000e+03 4.046451226406817293e-03
1.920000000000000000e+03 1.794107290508636324e-03
2.048000000000000000e+03 1.166718950029713202e-04
2.176000000000000000e+03 1.166718950029713202e-04
2.304000000000000000e+03 1.166718950029713202e-04
2.432000000000000000e+03 1.166718950029713202e-04
2.560000000000000000e+03 1.166718950029713202e-04
2.688000000000000000e+03 1.166718950029713202e-04
2.816000000000000000e+03 2.282818080254184851e-05
2.944000000000000000e+03 2.282818080254184851e-05
3.072000000000000000e+03 2.253500302437302249e-05
3.200000000000000000e+03 2.253500302437302249e-05
3.328000000000000000e+03 2.702222733667682536e-06
3.456000000000000000e+03 2.702222733667682536e-06
3.584000000000000000e+03 2.702222733667682536e-06
3.712000000000000000e+03 2.702222733667682536e-06
3.840000000000000000e+03 2.702222733667682536e-06
3.968000000000000000e+03 2.702222733667682536e-06
4.096000000000000000e+03 2.042703078902922606e-07
4.224000000000000000e+03 2.042703078902922606e-07
4.352000000000000000e+03 2.042703078902922606e-07
4.480000000000000000e+03 2.042703078902922606e-07
4.608000000000000000e+03 2.042703078902922606e-07
4.736000000000000000e+03 2.042703078902922606e-07
4.864000000000000000e+03 8.123754680062711909e-08
4.992000000000000000e+03 3.914898559941734464e-08
5.120000000000000000e+03 3.914898559941734464e-08
5.248000000000000000e+03 3.867779107284703065e-08
5.376000000000000000e+03 1.815461217165545681e-08
5.504000000000000000e+03 1.001898304588686158e-08
5.632000000000000000e+03 4.402364183832403872e-10
5.760000000000000000e+03 4.402364183832403872e-10
5.888000000000000000e+03 4.402364183832403872e-10
6.016000000000000000e+03 4.402364183832403872e-10
6.144000000000000000e+03 4.402364183832403872e-10
6.272000000000000000e+03 4.402364183832403872e-10
6.400000000000000000e+03 4.402364183832403872e-10
6.528000000000000000e+03 9.992666482977030596e-11
6.656000000000000000e+03 9.992666482977030596e-11
6.784000000000000000e+03 9.992666482977030596e-11
6.912000000000000000e+03 9.992666482977030596e-11
7.040000000000000000e+03 6.518701737676152428e-11
7.168000000000000000e+03 3.011151360428406660e-11
7.296000000000000000e+03 2.300796326820517445e-11
7.424000000000000000e+03 2.300796326820517445e-11
7.552000000000000000e+03 2.300796326820517445e-11
7.680000000000000000e+03 1.656945434025101483e-11
7.808000000000000000e+03 1.590955927015054208e-11
7.936000000000000000e+03 6.497679032710416737e-12
8.064000000000000000e+03 6.497679032710416737e-12
8.192000000000000000e+03 6.478324301200852855e-13
8.320000000000000000e+03 1.869828081677290711e-13
8.448000000000000000e+03 8.656795562812793983e-16
8.576000000000000000e+03 8.656795562812793983e-16
8.704000000000000000e+03 8.656795562812793983e-16
8.832000000000000000e+03 8.656795562812793983e-16
8.960000000000000000e+03 8.656795562812793983e-16
9.088000000000000000e+03 8.656795562812793983e-16
9.216000000000000000e+03 8.656795562812793983e-16
9.344000000000000000e+03 8.656795562812793983e-16
9.472000000000000000e+03 8.656795562812793983e-16
9.600000000000000000e+03 8.656795562812793983e-16
9.728000000000000000e+03 8.656795562812793983e-16
9.856000000000000000e+03 8.656795562812793983e-16
9.984000000000000000e+03 8.656795562812793983e-16
1.011200000000000000e+04 6.293408076449625978e-16
1.024000000000000000e+04 5.825493651536818245e-16
1.036800000000000000e+04 5.825493651536818245e-16
1.049600000000000000e+04 6.428019741469349834e-18
1.062400000000000000e+04 1.500190836991553371e-19
1.075200000000000000e+04 1.500190836991553371e-19
1.088000000000000000e+04 1.500190836991553371e-19
1.100800000000000000e+04 1.500190836991553371e-19
1.113600000000000000e+04 1.500190836991553371e-19
1.126400000000000000e+04 1.500190836991553371e-19
1.139200000000000000e+04 1.500190836991553371e-19
1.152000000000000000e+04 1.500190836991553371e-19
1.164800000000000000e+04 1.500190836991553371e-19
1.177600000000000000e+04 1.500190836991553371e-19
1.190400000000000000e+04 1.500190836991553371e-19
1.203200000000000000e+04 1.500190836991553371e-19
1.216000000000000000e+04 1.500190836991553371e-19
1.228800000000000000e+04 1.500190836991553371e-19
1.241600000000000000e+04 1.500190836991553371e-19
1.254400000000000000e+04 1.500190836991553371e-19
1.267200000000000000e+04 1.500190836991553371e-19
1.280000000000000000e+04 5.781357243416913840e-20
1.292800000000000000e+04 5.781357243416913840e-20
1.305600000000000000e+04 5.781357243416913840e-20
1.318400000000000000e+04 1.960791766529181639e-20
1.331200000000000000e+04 4.953928008519801957e-21
1.344000000000000000e+04 4.953928008519801957e-21
1.356800000000000000e+04 4.953928008519801957e-21
1.369600000000000000e+04 4.953928008519801957e-21
1.382400000000000000e+04 4.953928008519801957e-21
1.395200000000000000e+04 5.590624938397924915e-22
1.408000000000000000e+04 5.590624938397924915e-22
1.420800000000000000e+04 5.590624938397924915e-22
1.433600000000000000e+04 2.177918167934909060e-22
1.446400000000000000e+04 5.233806260488800952e-23
1.459200000000000000e+04 5.233806260488800952e-23
1.472000000000000000e+04 5.233806260488800952e-23
1.484800000000000000e+04 5.233806260488800952e-23
1.497600000000000000e+04 5.400999161881647816e-24
1.510400000000000000e+04 5.400999161881647816e-24
1.523200000000000000e+04 5.400999161881647816e-24
1.536000000000000000e+04 3.875449948646764667e-24
1.548800000000000000e+04 3.875449948646764667e-24
1.561600000000000000e+04 9.523290100520442404e-25
1.574400000000000000e+04 4.305351415857309366e-27
1.587200000000000000e+04 4.305351415857309366e-27
1.600000000000000000e+04 4.305351415857309366e-27
1.612800000000000000e+04 4.305351415857309366e-27
1.625600000000000000e+04 4.305351415857309366e-27
1.638400000000000000e+04 4.305351415857309366e-27
1.651200000000000000e+04 4.305351415857309366e-27
1.664000000000000000e+04 4.305351415857309366e-27
1.676800000000000000e+04 4.305351415857309366e-27
1.689600000000000000e+04 7.239994967137765471e-28
1.702400000000000000e+04 7.239994967137765471e-28
1.715200000000000000e+04 7.239994967137765471e-28
1.728000000000000000e+04 7.239994967137765471e-28
1.740800000000000000e+04 7.239994967137765471e-28
1.753600000000000000e+04 7.239994967137765471e-28
1.766400000000000000e+04 7.239994967137765471e-28
1.779200000000000000e+04 6.770513866137606756e-28
1.792000000000000000e+04 6.770513866137606756e-28
1.804800000000000000e+04 6.770513866137606756e-28
1.817600000000000000e+04 7.371716849546890036e-29
1.830400000000000000e+04 7.371716849546890036e-29
1.843200000000000000e+04 7.371716849546890036e-29
1.856000000000000000e+04 7.371716849546890036e-29
1.868800000000000000e+04 5.375758692758576086e-29
1.881600000000000000e+04 3.099998767699929998e-29
1.894400000000000000e+04 2.140697274707327540e-29
1.907200000000000000e+04 1.131306369198112173e-29
1.920000000000000000e+04 5.005130065763690143e-30
1.932800000000000000e+04 2.605721880079062963e-30
1.945600000000000000e+04 2.605721880079062963e-30
1.958400000000000000e+04 7.791661392210788490e-31
1.971200000000000000e+04 4.738122795018987598e-31
1.984000000000000000e+04 8.577055996998738320e-32
1.996800000000000000e+04 8.577055996998738320e-32
2.009600000000000000e+04 8.577055996998738320e-32
2.022400000000000000e+04 8.386884892446168991e-32
2.035200000000000000e+04 8.386884892446168991e-32
2.048000000000000000e+04 8.199723627716895895e-32
2.060800000000000000e+04 4.332531704971040423e-32
2.073600000000000000e+04 4.332531704971040423e-32
2.086400000000000000e+04 2.850072519370468475e-32
2.099200000000000000e+04 1.257950948376836036e-32
2.112000000000000000e+04 7.248020287888874212e-33
2.124800000000000000e+04 2.086359883338250018e-33
2.137600000000000000e+04 7.858330043668798611e-34
2.150400000000000000e+04 5.866733580105642391e-34
2.163200000000000000e+04 1.932468890779698904e-34
2.176000000000000000e+04 1.932468890779698904e-34
2.188800000000000000e+04 1.781010422092706543e-34
2.201600000000000000e+04 1.155832481287312336e-34
2.214400000000000000e+04 1.155832481287312336e-34
2.227200000000000000e+04 1.155832481287312336e-34
2.240000000000000000e+04 1.052603119044868628e-35
2.252800000000000000e+04 1.052603119044868628e-35
2.265600000000000000e+04 8.515320057017125856e-36
2.278400000000000000e+04 1.506341577991811455e-36
2.291200000000000000e+04 1.506341577991811455e-36
2.304000000000000000e+04 1.506341577991811455e-36
2.316800000000000000e+04 1.506341577991811455e-36
2.329600000000000000e+04 1.506341577991811455e-36
2.342400000000000000e+04 1.506341577991811455e-36
2.355200000000000000e+04 5.516843310433576103e-37
2.368000000000000000e+04 5.516843310433576103e-37
2.380800000000000000e+04 2.132615164454094196e-37
2.393600000000000000e+04 2.132615164454094196e-37
2.406400000000000000e+04 2.132615164454094196e-37
2.419200000000000000e+04 5.910416712590743866e-38
2.432000000000000000e+04 5.910416712590743866e-38
2.444800000000000000e+04 5.910416712590743866e-38
2.457600000000000000e+04 5.910416712590743866e-38
2.470400000000000000e+04 1.538298320818030324e-38
2.483200000000000000e+04 7.888619036045582990e-40
2.496000000000000000e+04 7.888619036045582990e-40
2.508800000000000000e+04 7.888619036045582990e-40
2.521600000000000000e+04 7.888619036045582990e-40
2.534400000000000000e+04 7.888619036045582990e-40
2.547200000000000000e+04 7.888619036045582990e-40
2.560000000000000000e+04 2.238713789885974267e-40
2.572800000000000000e+04 2.238713789885974267e-40
2.585600000000000000e+04 2.238713789885974267e-40
2.598400000000000000e+04 2.238713789885974267e-40
2.611200000000000000e+04 2.238713789885974267e-40
2.624000000000000000e+04 2.238713789885974267e-40
2.636800000000000000e+04 6.554594796543139137e-41
2.649600000000000000e+04 6.554594796543139137e-41
2.662400000000000000e+04 1.136588692456117890e-42
2.675200000000000000e+04 1.136588692456117890e-42
2.688000000000000000e+04 2.454914053673040311e-43
2.700800000000000000e+04 2.454914053673040311e-43
2.713600000000000000e+04 2.454914053673040311e-43
2.726400000000000000e+04 2.454914053673040311e-43
2.739200000000000000e+04 2.454914053673040311e-43
2.752000000000000000e+04 8.567082491518299846e-44
2.764800000000000000e+04 8.567082491518299846e-44
2.777600000000000000e+04 8.567082491518299846e-44
2.790400000000000000e+04 8.567082491518299846e-44
2.803200000000000000e+04 8.567082491518299846e-44
2.816000000000000000e+04 1.707009558925051079e-44
2.828800000000000000e+04 1.707009558925051079e-44
2.841600000000000000e+04 1.707009558925051079e-44
2.854400000000000000e+04 1.707009558925051079e-44
2.867200000000000000e+04 1.707009558925051079e-44
2.880000000000000000e+04 1.691923209206649128e-44
2.892800000000000000e+04 1.453365253703438819e-44
2.905600000000000000e+04 9.096599533531766443e-45
2.918400000000000000e+04 3.505857465742444025e-45
2.931200000000000000e+04 2.388558630705628836e-45
2.944000000000000000e+04 3.816949693905002474e-46
2.956800000000000000e+04 8.737381020780507278e-47
2.969600000000000000e+04 1.405921187293689409e-47
2.982400000000000000e+04 1.405921187293689409e-47
2.995200000000000000e+04 1.405921187293689409e-47
3.008000000000000000e+04 1.405921187293689409e-47
3.020800000000000000e+04 1.405921187293689409e-47
3.033600000000000000e+04 1.405921187293689409e-47
3.046400000000000000e+04 1.405921187293689409e-47
3.059200000000000000e+04 2.292239579455739725e-48
3.072000000000000000e+04 2.292239579455739725e-48
3.084800000000000000e+04 2.292239579455739725e-48
3.097600000000000000e+04 2.292239579455739725e-48
3.110400000000000000e+04 7.778602893679355366e-49
3.123200000000000000e+04 7.778602893679355366e-49
3.136000000000000000e+04 7.778602893679355366e-49
3.148800000000000000e+04 4.148353829393683349e-50
3.161600000000000000e+04 4.148353829393683349e-50
3.174400000000000000e+04 4.148353829393683349e-50
3.187200000000000000e+04 4.148353829393683349e-50
3.200000000000000000e+04 4.148353829393683349e-50
3.212800000000000000e+04 4.148353829393683349e-50
3.225600000000000000e+04 2.352707142327782880e-51
3.238400000000000000e+04 2.352707142327782880e-51
3.251200000000000000e+04 2.352707142327782880e-51
3.264000000000000000e+04 2.352707142327782880e-51
3.276800000000000000e+04 2.352707142327782880e-51
3.289600000000000000e+04 2.352707142327782880e-51
3.302400000000000000e+04 2.352707142327782880e-51
3.315200000000000000e+04 1.922199542742777573e-52
3.328000000000000000e+04 1.922199542742777573e-52
3.340800000000000000e+04 1.922199542742777573e-52
3.353600000000000000e+04 1.922199542742777573e-52
3.366400000000000000e+04 1.922199542742777573e-52
3.379200000000000000e+04 1.922199542742777573e-52
3.392000000000000000e+04 1.195910574985662611e-52
3.404800000000000000e+04 8.164534120826087251e-53
3.417600000000000000e+04 8.164534120826087251e-53
3.430400000000000000e+04 2.978448000437106598e-54
3.443200000000000000e+04 2.978448000437106598e-54
3.456000000000000000e+04 2.978448000437106598e-54
3.468800000000000000e+04 2.978448000437106598e-54
3.481600000000000000e+04 2.978448000437106598e-54
3.494400000000000000e+04 2.978448000437106598e-54
3.507200000000000000e+04 1.868742754509257598e-54
3.520000000000000000e+04 1.868742754509257598e-54
3.532800000000000000e+04 4.518401889548807839e-55
3.545600000000000000e+04 2.351135802666100644e-55
3.558400000000000000e+04 2.351135802666100644e-55
3.571200000000000000e+04 2.038515037507009944e-55
3.584000000000000000e+04 5.141689795844277575e-57
3.596800000000000000e+04 5.141689795844277575e-57
3.609600000000000000e+04 5.141689795844277575e-57
3.622400000000000000e+04 5.141689795844277575e-57
3.635200000000000000e+04 5.141689795844277575e-57
3.648000000000000000e+04 5.141689795844277575e-57
3.660800000000000000e+04 5.141689795844277575e-57
3.673600000000000000e+04 5.141689795844277575e-57
3.686400000000000000e+04 5.141689795844277575e-57
3.699200000000000000e+04 5.141689795844277575e-57
3.712000000000000000e+04 4.209270934118311140e-57
3.724800000000000000e+04 4.209270934118311140e-57
3.737600000000000000e+04 2.966496663677720260e-57
3.750400000000000000e+04 9.500258615436279247e-58
3.763200000000000000e+04 6.662504827956244461e-58
3.776000000000000000e+04 1.157614043945412219e-58
3.788800000000000000e+04 7.475629796305068053e-59
3.801600000000000000e+04 7.475629796305068053e-59
3.814400000000000000e+04 7.475629796305068053e-59
3.827200000000000000e+04 7.475629796305068053e-59
3.840000000000000000e+04 7.475629796305068053e-59
3.852800000000000000e+04 3.874370187740710592e-59
3.865600000000000000e+04 3.874370187740710592e-59
3.878400000000000000e+04 2.689721075412735352e-60
3.891200000000000000e+04 6.743471496922803771e-61
3.904000000000000000e+04 6.743471496922803771e-61
3.916800000000000000e+04 6.743471496922803771e-61
3.929600000000000000e+04 6.743471496922803771e-61
3.942400000000000000e+04 6.743471496922803771e-61
3.955200000000000000e+04 6.743471496922803771e-61
3.968000000000000000e+04 4.948845001467940806e-61
3.980800000000000000e+04 4.948845001467940806e-61
3.993600000000000000e+04 4.461453220308136385e-61
4.006400000000000000e+04 1.590937470293567744e-61
4.019200000000000000e+04 1.483170940201837064e-61
4.032000000000000000e+04 8.946601744661622885e-62
4.044800000000000000e+04 3.674261352427827560e-62
4.057600000000000000e+04 3.674261352427827560e-62
4.070400000000000000e+04 3.674261352427827560e-62
4.083200000000000000e+04 2.214846692232705635e-62
4.096000000000000000e+04 9.227684390459471915e-63
4.108800000000000000e+04 6.451924401327092209e-64
4.121600000000000000e+04 6.451924401327092209e-64
4.134400000000000000e+04 6.451924401327092209e-64
4.147200000000000000e+04 6.451924401327092209e-64
4.160000000000000000e+04 6.451924401327092209e-64
4.172800000000000000e+04 6.451924401327092209e-64
4.185600000000000000e+04 6.451924401327092209e-64
4.198400000000000000e+04 6.096855163090204192e-65
4.211200000000000000e+04 6.096855163090204192e-65
4.224000000000000000e+04 5.042640270467673699e-65
4.236800000000000000e+04 8.357113615442211036e-66
4.249600000000000000e+04 8.357113615442211036e-66
4.262400000000000000e+04 7.984937313785719403e-67
4.275200000000000000e+04 7.984937313785719403e-67
4.288000000000000000e+04 7.984937313785719403e-67
4.300800000000000000e+04 7.984937313785719403e-67
4.313600000000000000e+04 7.984937313785719403e-67
4.326400000000000000e+04 7.984937313785719403e-67
4.339200000000000000e+04 7.984937313785719403e-67
4.352000000000000000e+04 7.984937313785719403e-67
4.364800000000000000e+04 7.984937313785719403e-67
4.377600000000000000e+04 7.254356375218229909e-67
4.390400000000000000e+04 7.254356375218229909e-67
4.403200000000000000e+04 4.964085227353152909e-67
4.416000000000000000e+04 3.852666222992200296e-67
4.428800000000000000e+04 1.229652887883562649e-67
4.441600000000000000e+04 3.283685309544016297e-68
4.454400000000000000e+04 9.297885137698971826e-69
4.467200000000000000e+04 3.651480579685971870e-69
4.480000000000000000e+04 1.118111992874893175e-69
4.492800000000000000e+04 1.118111992874893175e-69
4.505600000000000000e+04 1.118111992874893175e-69
4.518400000000000000e+04 1.345267662303982277e-70
4.531200000000000000e+04 1.345267662303982277e-70
4.544000000000000000e+04 1.345267662303982277e-70
4.556800000000000000e+04 1.345267662303982277e-70
4.569600000000000000e+04 1.345267662303982277e-70
4.582400000000000000e+04 1.345267662303982277e-70
4.595200000000000000e+04 7.514715987964891648e-71
4.608000000000000000e+04 5.687826034549209095e-71
4.620800000000000000e+04 5.687826034549209095e-71
4.633600000000000000e+04 7.104797565359098489e-72
4.646400000000000000e+04 5.355444023131912494e-72
4.659200000000000000e+04 5.355444023131912494e-72
4.672000000000000000e+04 5.355444023131912494e-72
4.684800000000000000e+04 2.064930382185581939e-73
4.697600000000000000e+04 2.064930382185581939e-73
4.710400000000000000e+04 2.064930382185581939e-73
4.723200000000000000e+04 2.064930382185581939e-73
4.736000000000000000e+04 2.064930382185581939e-73
4.748800000000000000e+04 2.064930382185581939e-73
4.761600000000000000e+04 2.064930382185581939e-73
4.774400000000000000e+04 9.348402480546359404e-74
4.787200000000000000e+04 5.111915111923667430e-74
4.800000000000000000e+04 5.111915111923667430e-74
4.812800000000000000e+04 2.069887972750332257e-74
4.825600000000000000e+04 2.069887972750332257e-74
4.838400000000000000e+04 1.790374827758138195e-74
4.851200000000000000e+04 1.319440177245238804e-74
4.864000000000000000e+04 1.095412398930232047e-74
4.876800000000000000e+04 1.095412398930232047e-74
4.889600000000000000e+04 1.095412398930232047e-74
4.902400000000000000e+04 4.050787704392407783e-75
4.915200000000000000e+04 2.908479643773011610e-75
4.928000000000000000e+04 1.192073186904177732e-75
4.940800000000000000e+04 3.095328537737046290e-76
4.953600000000000000e+04 6.037306156452065819e-77
4.966400000000000000e+04 6.037306156452065819e-77
4.979200000000000000e+04 6.037306156452065819e-77
4.992000000000000000e+04 1.923965223916751392e-77
5.004800000000000000e+04 1.923965223916751392e-77
5.017600000000000000e+04 1.681357765821512301e-77
5.030400000000000000e+04 6.002205866566987392e-78
5.043200000000000000e+04 6.002205866566987392e-78
5.056000000000000000e+04 2.712758306055691708e-78
5.068800000000000000e+04 2.712758306055691708e-78
5.081600000000000000e+04 2.712758306055691708e-78
5.094400000000000000e+04 2.712758306055691708e-78
5.107200000000000000e+04 2.712758306055691708e-78
5.120000000000000000e+04 2.712758306055691708e-78
5.132800000000000000e+04 2.712758306055691708e-78
5.145600000000000000e+04 2.224922358333276175e-78
5.158400000000000000e+04 2.947310427388380375e-79
5.171200000000000000e+04 1.238051683394425679e-79
5.184000000000000000e+04 1.238051683394425679e-79
5.196800000000000000e+04 1.238051683394425679e-79
5.209600000000000000e+04 1.125027954862781465e-80
5.222400000000000000e+04 1.125027954862781465e-80
5.235200000000000000e+04 1.125027954862781465e-80
5.248000000000000000e+04 2.661182542820679698e-81
5.260800000000000000e+04 2.661182542820679698e-81
5.273600000000000000e+04 2.661182542820679698e-81
5.286400000000000000e+04 2.661182542820679698e-81
5.299200000000000000e+04 5.161041804133257914e-82
5.312000000000000000e+04 5.161041804133257914e-82
5.324800000000000000e+04 5.161041804133257914e-82
5.337600000000000000e+04 4.397257089950090854e-82
5.350400000000000000e+04 4.397257089950090854e-82
5.363200000000000000e+04 4.397257089950090854e-82
5.376000000000000000e+04 2.914972364028873335e-82
5.388800000000000000e+04 2.914972364028873335e-82
5.401600000000000000e+04 1.832694261366966936e-82
5.414400000000000000e+04 6.916440920051174291e-83
5.427200000000000000e+04 6.916440920051174291e-83
5.440000000000000000e+04 6.113667244450360162e-83
5.452800000000000000e+04 1.503506716055398646e-83
5.465600000000000000e+04 1.503506716055398646e-83
5.478400000000000000e+04 4.102951692773468091e-85
5.491200000000000000e+04 4.102951692773468091e-85
5.504000000000000000e+04 4.102951692773468091e-85
5.516800000000000000e+04 4.102951692773468091e-85
5.529600000000000000e+04 4.102951692773468091e-85
5.542400000000000000e+04 4.102951692773468091e-85
5.555200000000000000e+04 4.102951692773468091e-85
5.568000000000000000e+04 4.102951692773468091e-85
5.580800000000000000e+04 2.651597767938588795e-85
5.593600000000000000e+04 2.651597767938588795e-85
5.606400000000000000e+04 1.655213972498390848e-85
5.619200000000000000e+04 2.533287727516104947e-87
5.632000000000000000e+04 2.533287727516104947e-87
5.644800000000000000e+04 2.533287727516104947e-87
5.657600000000000000e+04 2.533287727516104947e-87
5.670400000000000000e+04 2.533287727516104947e-87
5.683200000000000000e+04 2.037519382522200146e-87
5.696000000000000000e+04 2.037519382522200146e-87
5.708800000000000000e+04 2.037519382522200146e-87
5.721600000000000000e+04 2.037519382522200146e-87
5.734400000000000000e+04 1.757260653255447248e-87
5.747200000000000000e+04 5.863316581221585752e-88
5.760000000000000000e+04 1.480201334618035279e-88
5.772800000000000000e+04 1.480201334618035279e-88
5.785600000000000000e+04 1.480201334618035279e-88
5.798400000000000000e+04 8.072335472504854256e-89
5.811200000000000000e+04 8.072335472504854256e-89
5.824000000000000000e+04 2.065466220183491472e-90
5.836800000000000000e+04 2.065466220183491472e-90
5.849600000000000000e+04 2.065466220183491472e-90
5.862400000000000000e+04 2.065466220183491472e-90
5.875200000000000000e+04 2.065466220183491472e-90
5.888000000000000000e+04 2.065466220183491472e-90
5.900800000000000000e+04 2.042654885037042671e-90
5.913600000000000000e+04 1.242156810954832614e-90
5.926400000000000000e+04 1.137187050526432517e-90
5.939200000000000000e+04 7.457963423930578786e-93
5.952000000000000000e+04 7.457963423930578786e-93
5.964800000000000000e+04 7.457963423930578786e-93
5.977600000000000000e+04 7.457963423930578786e-93
5.990400000000000000e+04 7.457963423930578786e-93
6.003200000000000000e+04 7.457963423930578786e-93
6.016000000000000000e+04 7.457963423930578786e-93
6.028800000000000000e+04 7.457963423930578786e-93
6.041600000000000000e+04 7.457963423930578786e-93
6.054400000000000000e+04 9.886431302429529870e-94
6.067200000000000000e+04 9.886431302429529870e-94
6.080000000000000000e+04 9.886431302429529870e-94
6.092800000000000000e+04 9.886431302429529870e-94
6.105600000000000000e+04 1.302914367225897693e-94
6.118400000000000000e+04 1.302914367225897693e-94
6.131200000000000000e+04 1.302914367225897693e-94
6.144000000000000000e+04 1.270172213649844059e-94
6.156800000000000000e+04 1.270172213649844059e-94
6.169600000000000000e+04 1.270172213649844059e-94
6.182400000000000000e+04 1.790908207154021557e-95
6.195200000000000000e+04 2.050505800895090614e-97
6.208000000000000000e+04 2.050505800895090614e-97
6.220800000000000000e+04 2.050505800895090614e-97
6.233600000000000000e+04 2.050505800895090614e-97
6.246400000000000000e+04 2.050505800895090614e-97
6.259200000000000000e+04 2.050505800895090614e-97
6.272000000000000000e+04 2.050505800895090614e-97
6.284800000000000000e+04 2.050505800895090614e-97
6.297600000000000000e+04 2.050505800895090614e-97
6.310400000000000000e+04 2.050505800895090614e-97
6.323200000000000000e+04 5.681355857182521723e-98
6.336000000000000000e+04 5.681355857182521723e-98
6.348800000000000000e+04 1.241384387943555798e-98
6.361600000000000000e+04 1.241384387943555798e-98
6.374400000000000000e+04 5.863640312257305645e-99
6.387200000000000000e+04 5.863640312257305645e-99
6.400000000000000000e+04 5.863640312257305645e-99
6.412800000000000000e+04 5.863640312257305645e-99
6.425600000000000000e+04 5.863640312257305645e-99
6.438400000000000000e+04 5.863640312257305645e-99
6.451200000000000000e+04 5.863640312257305645e-99
6.464000000000000000e+04 1.704244987715868405e-99
6.476800000000000000e+04 8.219231410506622377e-103
6.489600000000000000e+04 8.219231410506622377e-103
6.502400000000000000e+04 8.219231410506622377e-103
6.515200000000000000e+04 8.219231410506622377e-103
6.528000000000000000e+04 8.219231410506622377e-103
6.540800000000000000e+04 8.219231410506622377e-103
6.553600000000000000e+04 8.219231410506622377e-103
6.566400000000000000e+04 8.219231410506622377e-103
6.579200000000000000e+04 8.219231410506622377e-103
6.592000000000000000e+04 8.219231410506622377e-103
6.604800000000000000e+04 8.219231410506622377e-103
6.617600000000000000e+04 1.424662582996507275e-104
6.630400000000000000e+04 1.424662582996507275e-104
6.643200000000000000e+04 1.424662582996507275e-104
6.656000000000000000e+04 1.424662582996507275e-104
6.668800000000000000e+04 1.424662582996507275e-104
6.681600000000000000e+04 1.424662582996507275e-104
6.694400000000000000e+04 1.424662582996507275e-104
6.707200000000000000e+04 1.424662582996507275e-104
6.720000000000000000e+04 1.424662582996507275e-104
6.732800000000000000e+04 1.424662582996507275e-104
6.745600000000000000e+04 1.424662582996507275e-104
6.758400000000000000e+04 9.870637087020087702e-105
6.771200000000000000e+04 9.870637087020087702e-105
6.784000000000000000e+04 7.440796672785382103e-105
6.796800000000000000e+04 7.440796672785382103e-105
6.809600000000000000e+04 3.639027784888271462e-105
6.822400000000000000e+04 3.639027784888271462e-105
6.835200000000000000e+04 2.324073853443992890e-106
6.848000000000000000e+04 2.324073853443992890e-106
6.860800000000000000e+04 2.324073853443992890e-106
6.873600000000000000e+04 2.324073853443992890e-106
6.886400000000000000e+04 2.324073853443992890e-106
6.899200000000000000e+04 2.324073853443992890e-106
6.912000000000000000e+04 1.966265545185179552e-106
6.924800000000000000e+04 1.966265545185179552e-106
6.937600000000000000e+04 8.212421390401184158e-107
6.950400000000000000e+04 8.212421390401184158e-107
6.963200000000000000e+04 2.862328485402088412e-108
6.976000000000000000e+04 2.862328485402088412e-108
6.988800000000000000e+04 2.862328485402088412e-108
7.001600000000000000e+04 2.862328485402088412e-108
7.014400000000000000e+04 2.862328485402088412e-108
7.027200000000000000e+04 2.862328485402088412e-108
7.040000000000000000e+04 1.075227401031806134e-108
7.052800000000000000e+04 1.075227401031806134e-108
7.065600000000000000e+04 1.075227401031806134e-108
7.078400000000000000e+04 1.075227401031806134e-108
7.091200000000000000e+04 7.712056847226115477e-109
7.104000000000000000e+04 7.712056847226115477e-109
7.116800000000000000e+04 1.331918066341672008e-109
7.129600000000000000e+04 1.331918066341672008e-109
7.142400000000000000e+04 4.943687167562249366e-110
7.155200000000000000e+04 2.525101278511802341e-110
7.168000000000000000e+04 2.525101278511802341e-110
7.180800000000000000e+04 1.681931282326004139e-110
7.193600000000000000e+04 7.224530552837035087e-111
7.206400000000000000e+04 1.107143647333094483e-112
7.219200000000000000e+04 1.107143647333094483e-112
7.232000000000000000e+04 1.107143647333094483e-112
7.244800000000000000e+04 1.107143647333094483e-112
7.257600000000000000e+04 1.107143647333094483e-112
7.270400000000000000e+04 1.107143647333094483e-112
7.283200000000000000e+04 1.107143647333094483e-112
7.296000000000000000e+04 1.107143647333094483e-112
7.308800000000000000e+04 1.107143647333094483e-112
7.321600000000000000e+04 1.107143647333094483e-112
7.334400000000000000e+04 8.110755358963439599e-113
7.347200000000000000e+04 7.027870956259752431e-113
7.360000000000000000e+04 7.027870956259752431e-113
7.372800000000000000e+04 1.186192802483978203e-113
7.385600000000000000e+04 3.319395500363131137e-114
7.398400000000000000e+04 3.319395500363131137e-114
7.411200000000000000e+04 2.433646768244820837e-114
7.424000000000000000e+04 1.996974560925975483e-114
7.436800000000000000e+04 3.936446627886119476e-115
7.449600000000000000e+04 2.450224914594585828e-115
7.462400000000000000e+04 5.928066233603044491e-116
7.475200000000000000e+04 5.928066233603044491e-116
7.488000000000000000e+04 5.928066233603044491e-116
7.500800000000000000e+04 5.928066233603044491e-116
7.513600000000000000e+04 3.818129029185830791e-116
7.526400000000000000e+04 3.818129029185830791e-116
7.539200000000000000e+04 2.121559695954751904e-116
7.552000000000000000e+04 6.436129732173213499e-117
7.564800000000000000e+04 6.436129732173213499e-117
7.577600000000000000e+04 9.148328465877810699e-118
7.590400000000000000e+04 9.148328465877810699e-118
7.603200000000000000e+04 9.148328465877810699e-118
7.616000000000000000e+04 9.148328465877810699e-118
7.628800000000000000e+04 9.148328465877810699e-118
7.641600000000000000e+04 9.148328465877810699e-118
7.654400000000000000e+04 9.148328465877810699e-118
7.667200000000000000e+04 5.305019853459316646e-118
7.680000000000000000e+04 2.052818846696009064e-118
7.692800000000000000e+04 2.052818846696009064e-118
7.705600000000000000e+04 1.357690063914313104e-118
7.718400000000000000e+04 1.357690063914313104e-118
7.731200000000000000e+04 6.411681025502728868e-119
7.744000000000000000e+04 6.411681025502728868e-119
7.756800000000000000e+04 5.964674124897862801e-120
7.769600000000000000e+04 5.964674124897862801e-120
7.782400000000000000e+04 5.964674124897862801e-120
7.795200000000000000e+04 1.470919604237290152e-121
7.808000000000000000e+04 1.470919604237290152e-121
7.820800000000000000e+04 1.470919604237290152e-121
7.833600000000000000e+04 1.470919604237290152e-121
7.846400000000000000e+04 1.470919604237290152e-121
7.859200000000000000e+04 1.470919604237290152e-121
7.872000000000000000e+04 1.449766174881963036e-122
7.884800000000000000e+04 1.449766174881963036e-122
7.897600000000000000e+04 1.449766174881963036e-122
7.910400000000000000e+04 1.449766174881963036e-122
7.923200000000000000e+04 2.056375679927648867e-123
7.936000000000000000e+04 1.001457941576408703e-123
7.948800000000000000e+04 1.001457941576408703e-123
7.961600000000000000e+04 1.001457941576408703e-123
7.974400000000000000e+04 1.001457941576408703e-123
7.987200000000000000e+04 1.001457941576408703e-123
8.000000000000000000e+04 1.001457941576408703e-123
8.012800000000000000e+04 2.792495506725028867e-124
8.025600000000000000e+04 2.523701276864011025e-124
8.038400000000000000e+04 6.573362876819264186e-125
8.051200000000000000e+04 6.573362876819264186e-125
8.064000000000000000e+04 6.573362876819264186e-125
8.076800000000000000e+04 6.573362876819264186e-125
8.089600000000000000e+04 4.351105477187439236e-125
8.102400000000000000e+04 2.845816456862911619e-125
8.115200000000000000e+04 2.052236529406083811e-125
8.128000000000000000e+04 1.749793917571162081e-126
8.140800000000000000e+04 1.749793917571162081e-126
8.153600000000000000e+04 1.749793917571162081e-126
8.166400000000000000e+04 8.316900190339679418e-127
8.179200000000000000e+04 8.316900190339679418e-127
8.192000000000000000e+04 8.316900190339679418e-127
8.204800000000000000e+04 1.801734726804961118e-127
8.217600000000000000e+04 6.928331588659186865e-128
8.230400000000000000e+04 6.928331588659186865e-128
8.243200000000000000e+04 5.087310179941345982e-128
8.256000000000000000e+04 5.087310179941345982e-128
8.268800000000000000e+04 5.087310179941345982e-128
8.281600000000000000e+04 2.142391793165917875e-128
8.294400000000000000e+04 5.045246595758596979e-130
8.307200000000000000e+04 5.045246595758596979e-130
8.320000000000000000e+04 5.045246595758596979e-130
8.332800000000000000e+04 5.045246595758596979e-130
8.345600000000000000e+04 5.045246595758596979e-130
8.358400000000000000e+04 5.045246595758596979e-130
8.371200000000000000e+04 5.045246595758596979e-130
8.384000000000000000e+04 5.045246595758596979e-130
8.396800000000000000e+04 5.045246595758596979e-130
8.409600000000000000e+04 5.045246595758596979e-130
8.422400000000000000e+04 1.319221778914202360e-130
8.435200000000000000e+04 1.319221778914202360e-130
8.448000000000000000e+04 1.319221778914202360e-130
8.460800000000000000e+04 1.319221778914202360e-130
8.473600000000000000e+04 1.319221778914202360e-130
8.486400000000000000e+04 6.560453785599634610e-132
8.499200000000000000e+04 1.593481934706484453e-132
8.512000000000000000e+04 1.593481934706484453e-132
8.524800000000000000e+04 1.593481934706484453e-132
8.537600000000000000e+04 1.593481934706484453e-132
8.550400000000000000e+04 1.593481934706484453e-132
8.563200000000000000e+04 1.339989774656589828e-132
8.576000000000000000e+04 1.339989774656589828e-132
8.588800000000000000e+04 1.001961104463234669e-132
8.601600000000000000e+04 9.713715730030959614e-134
8.614400000000000000e+04 9.713715730030959614e-134
8.627200000000000000e+04 1.997185452465207353e-136
8.640000000000000000e+04 1.997185452465207353e-136
8.652800000000000000e+04 1.997185452465207353e-136
8.665600000000000000e+04 1.997185452465207353e-136
8.678400000000000000e+04 1.997185452465207353e-136
8.691200000000000000e+04 1.997185452465207353e-136
8.704000000000000000e+04 1.997185452465207353e-136
8.716800000000000000e+04 1.997185452465207353e-136
8.729600000000000000e+04 1.997185452465207353e-136
8.742400000000000000e+04 1.997185452465207353e-136
8.755200000000000000e+04 1.997185452465207353e-136
8.768000000000000000e+04 1.997185452465207353e-136
8.780800000000000000e+04 1.997185452465207353e-136
8.793600000000000000e+04 1.997185452465207353e-136
8.806400000000000000e+04 1.997185452465207353e-136
8.819200000000000000e+04 1.997185452465207353e-136
8.832000000000000000e+04 1.997185452465207353e-136
8.844800000000000000e+04 4.854397149121887613e-137
8.857600000000000000e+04 4.854397149121887613e-137
8.870400000000000000e+04 4.854397149121887613e-137
8.883200000000000000e+04 6.536339152740176583e-138
8.896000000000000000e+04 6.536339152740176583e-138
8.908800000000000000e+04 6.536339152740176583e-138
8.921600000000000000e+04 6.536339152740176583e-138
8.934400000000000000e+04 1.654974155687846605e-138
8.947200000000000000e+04 4.943372350093660233e-139
8.960000000000000000e+04 4.943372350093660233e-139
8.972800000000000000e+04 1.334268922226310815e-139
8.985600000000000000e+04 1.334268922226310815e-139
8.998400000000000000e+04 1.334268922226310815e-139
9.011200000000000000e+04 1.334268922226310815e-139
9.024000000000000000e+04 1.334268922226310815e-139
9.036800000000000000e+04 8.681179405924127068e-141
9.049600000000000000e+04 8.681179405924127068e-141
9.062400000000000000e+04 8.681179405924127068e-141
9.075200000000000000e+04 8.681179405924127068e-141
9.088000000000000000e+04 3.465701655529339767e-141
9.100800000000000000e+04 3.465701655529339767e-141
9.113600000000000000e+04 3.465701655529339767e-141
9.126400000000000000e+04 3.465701655529339767e-141
9.139200000000000000e+04 3.465701655529339767e-141
9.152000000000000000e+04 4.921848471131161319e-142
9.164800000000000000e+04 4.921848471131161319e-142
9.177600000000000000e+04 4.921848471131161319e-142
9.190400000000000000e+04 4.921848471131161319e-142
9.203200000000000000e+04 4.921848471131161319e-142
9.216000000000000000e+04 5.466990930423134696e-143
9.228800000000000000e+04 5.937468856625116848e-144
9.241600000000000000e+04 5.937468856625116848e-144
9.254400000000000000e+04 5.937468856625116848e-144
9.267200000000000000e+04 5.937468856625116848e-144
9.280000000000000000e+04 5.937468856625116848e-144
9.292800000000000000e+04 5.937468856625116848e-144
9.305600000000000000e+04 2.244876768996444785e-144
9.318400000000000000e+04 2.244876768996444785e-144
9.331200000000000000e+04 2.244876768996444785e-144
9.344000000000000000e+04 1.344913170072067016e-144
9.356800000000000000e+04 1.344913170072067016e-144
9.369600000000000000e+04 1.344913170072067016e-144
9.382400000000000000e+04 2.354728087624573013e-145
9.395200000000000000e+04 1.013526021431788726e-145
9.408000000000000000e+04 1.013526021431788726e-145
9.420800000000000000e+04 9.516406090402352492e-146
9.433600000000000000e+04 9.516406090402352492e-146
9.446400000000000000e+04 6.160970623783962872e-146
9.459200000000000000e+04 1.464141872311321605e-146
9.472000000000000000e+04 1.464141872311321605e-146
9.484800000000000000e+04 1.464141872311321605e-146
9.497600000000000000e+04 1.437633284451345513e-147
9.510400000000000000e+04 5.039144819967663693e-149
9.523200000000000000e+04 5.039144819967663693e-149
9.536000000000000000e+04 5.039144819967663693e-149
9.548800000000000000e+04 5.039144819967663693e-149
9.561600000000000000e+04 5.039144819967663693e-149
9.574400000000000000e+04 5.039144819967663693e-149
9.587200000000000000e+04 5.039144819967663693e-149
9.600000000000000000e+04 5.039144819967663693e-149
9.612800000000000000e+04 5.039144819967663693e-149
9.625600000000000000e+04 5.039144819967663693e-149
9.638400000000000000e+04 5.039144819967663693e-149
9.651200000000000000e+04 5.039144819967663693e-149
9.664000000000000000e+04 5.039144819967663693e-149
9.676800000000000000e+04 3.067355149602156119e-149
9.689600000000000000e+04 5.557256988473710492e-150
9.702400000000000000e+04 1.848450149236997119e-150
9.715200000000000000e+04 1.848450149236997119e-150
9.728000000000000000e+04 1.848450149236997119e-150
9.740800000000000000e+04 1.848450149236997119e-150
9.753600000000000000e+04 1.803710071663146294e-150
9.766400000000000000e+04 1.312888529893006822e-150
9.779200000000000000e+04 6.126159393906271879e-151
9.792000000000000000e+04 1.950843313892933224e-151
9.804800000000000000e+04 1.637913277475007470e-151
9.817600000000000000e+04 1.637913277475007470e-151
9.830400000000000000e+04 7.044297692771260233e-152
9.843200000000000000e+04 1.868820121723851851e-153
9.856000000000000000e+04 1.868820121723851851e-153
9.868800000000000000e+04 1.868820121723851851e-153
9.881600000000000000e+04 7.808121370386198739e-154
9.894400000000000000e+04 7.808121370386198739e-154
9.907200000000000000e+04 7.808121370386198739e-154
9.920000000000000000e+04 7.808121370386198739e-154
9.932800000000000000e+04 7.808121370386198739e-154
9.945600000000000000e+04 1.758322023888173455e-154
9.958400000000000000e+04 1.758322023888173455e-154
9.971200000000000000e+04 1.758322023888173455e-154
9.984000000000000000e+04 1.758322023888173455e-154
9.996800000000000000e+04 7.172747198308393668e-155
1.000960000000000000e+05 5.891874750634660093e-156
