1.280000000000000000e+02 1.304926497115702078e-02
2.560000000000000000e+02 1.304926497115702078e-02
3.840000000000000000e+02 1.304926497115702078e-02
5.120000000000000000e+02 1.304926497115702078e-02
6.400000000000000000e+02 1.304926497115702078e-02
7.680000000000000000e+02 1.304926497115702078e-02
8.960000000000000000e+02 1.304926497115702078e-02
1.024000000000000000e+03 1.304926497115702078e-02
1.152000000000000000e+03 1.304926497115702078e-02
1.280000000000000000e+03 4.934303209852327482e-03
1.408000000000000000e+03 4.674644091095326096e-03
1.536000000000000000e+03 1.011651334993884975e-03
1.664000000000000000e+03 1.011651334993884975e-03
1.792000000000000000e+03 1.011651334993884975e-03
1.920000000000000000e+03 3.224751353126589369e-04
2.048000000000000000e+03 3.224751353126589369e-04
2.176000000000000000e+03 3.224751353126589369e-04
2.304000000000000000e+03 7.709228227381978308e-05
2.432000000000000000e+03 7.709228227381978308e-05
2.560000000000000000e+03 3.896412705135252004e-05
2.688000000000000000e+03 2.296896299405279729e-05
2.816000000000000000e+03 9.447139832929770498e-06
2.944000000000000000e+03 9.447139832929770498e-06
3.072000000000000000e+03 9.447139832929770498e-06
3.200000000000000000e+03 9.447139832929770498e-06
3.328000000000000000e+03 1.595250159429702079e-06
3.456000000000000000e+03 1.595250159429702079e-06
3.584000000000000000e+03 1.595250159429702079e-06
3.712000000000000000e+03 3.417432702863112098e-07
3.840000000000000000e+03 3.417432702863112098e-07
3.968000000000000000e+03 3.417432702863112098e-07
4.096000000000000000e+03 3.417432702863112098e-07
4.224000000000000000e+03 2.310963198287600504e-07
4.352000000000000000e+03 5.440504958551396880e-08
4.480000000000000000e+03 1.831476506538601693e-08
4.608000000000000000e+03 1.831476506538601693e-08
4.736000000000000000e+03 1.831476506538601693e-08
4.864000000000000000e+03 1.831476506538601693e-08
4.992000000000000000e+03 1.831476506538601693e-08
5.120000000000000000e+03 7.897451499808540695e-10
5.248000000000000000e+03 7.897451499808540695e-10
5.376000000000000000e+03 7.897451499808540695e-10
5.504000000000000000e+03 7.897451499808540695e-10
5.632000000000000000e+03 7.897451499808540695e-10
5.760000000000000000e+03 7.897451499808540695e-10
5.888000000000000000e+03 7.897451499808540695e-10
6.016000000000000000e+03 7.897451499808540695e-10
6.144000000000000000e+03 3.088238669365355134e-10
6.272000000000000000e+03 1.548831681873616359e-10
6.400000000000000000e+03 1.548831681873616359e-10
6.528000000000000000e+03 1.548831681873616359e-10
6.656000000000000000e+03 1.388790460681013611e-10
6.784000000000000000e+03 3.462142966072748770e-11
6.912000000000000000e+03 5.402775461879282066e-12
7.040000000000000000e+03 5.402775461879282066e-12
7.168000000000000000e+03 5.402775461879282066e-12
7.296000000000000000e+03 5.402775461879282066e-12
7.424000000000000000e+03 5.402775461879282066e-12
7.552000000000000000e+03 7.675551812705940488e-13
7.680000000000000000e+03 7.675551812705940488e-13
7.808000000000000000e+03 7.675551812705940488e-13
7.936000000000000000e+03 7.675551812705940488e-13
8.064000000000000000e+03 4.885665908208602744e-14
8.192000000000000000e+03 4.885665908208602744e-14
8.320000000000000000e+03 4.885665908208602744e-14
8.448000000000000000e+03 3.747540656100340771e-14
8.576000000000000000e+03 3.747540656100340771e-14
8.704000000000000000e+03 3.747540656100340771e-14
8.832000000000000000e+03 3.633004094582967302e-14
8.960000000000000000e+03 1.409373969965406100e-14
9.088000000000000000e+03 1.409373969965406100e-14
9.216000000000000000e+03 1.322477529765494802e-14
9.344000000000000000e+03 1.322477529765494802e-14
9.472000000000000000e+03 3.599204529606376319e-15
9.600000000000000000e+03 3.599204529606376319e-15
9.728000000000000000e+03 1.846188043413544401e-15
9.856000000000000000e+03 1.846188043413544401e-15
9.984000000000000000e+03 1.846188043413544401e-15
1.011200000000000000e+04 5.747247404162759174e-16
1.024000000000000000e+04 2.608599261986610567e-16
1.036800000000000000e+04 2.608599261986610567e-16
1.049600000000000000e+04 8.008320436967862937e-17
1.062400000000000000e+04 2.069240288508827074e-17
1.075200000000000000e+04 2.069240288508827074e-17
1.088000000000000000e+04 2.069240288508827074e-17
1.100800000000000000e+04 2.069240288508827074e-17
1.113600000000000000e+04 2.069240288508827074e-17
1.126400000000000000e+04 2.532354530600152144e-18
1.139200000000000000e+04 2.532354530600152144e-18
1.152000000000000000e+04 2.532354530600152144e-18
1.164800000000000000e+04 2.532354530600152144e-18
1.177600000000000000e+04 1.592609201983032804e-18
1.190400000000000000e+04 1.337424264733727317e-18
1.203200000000000000e+04 5.921234030603170002e-19
1.216000000000000000e+04 1.941946521374434211e-19
1.228800000000000000e+04 1.941946521374434211e-19
1.241600000000000000e+04 1.941946521374434211e-19
1.254400000000000000e+04 6.735895843638775930e-20
1.267200000000000000e+04 4.662868847549536773e-20
1.280000000000000000e+04 4.662868847549536773e-20
1.292800000000000000e+04 1.533510650902748666e-20
1.305600000000000000e+04 1.533510650902748666e-20
1.318400000000000000e+04 1.096861578447625711e-20
1.331200000000000000e+04 4.923058059506881350e-21
1.344000000000000000e+04 1.320812397707485377e-21
1.356800000000000000e+04 1.320812397707485377e-21
1.369600000000000000e+04 2.661196450302621647e-22
1.382400000000000000e+04 2.661196450302621647e-22
1.395200000000000000e+04 2.661196450302621647e-22
1.408000000000000000e+04 2.661196450302621647e-22
1.420800000000000000e+04 1.314902878129735597e-22
1.433600000000000000e+04 1.314902878129735597e-22
1.446400000000000000e+04 1.314902878129735597e-22
1.459200000000000000e+04 1.314902878129735597e-22
1.472000000000000000e+04 6.348374026984472590e-23
1.484800000000000000e+04 5.298531024063911029e-23
1.497600000000000000e+04 4.012363502859510272e-23
1.510400000000000000e+04 7.245250297884555450e-24
1.523200000000000000e+04 4.862735559132901221e-24
1.536000000000000000e+04 2.704161826417782218e-24
1.548800000000000000e+04 2.704161826417782218e-24
1.561600000000000000e+04 2.167712080945716173e-24
1.574400000000000000e+04 2.132023470857715062e-24
1.587200000000000000e+04 7.848646495621299859e-25
1.600000000000000000e+04 2.848647535278177928e-25
1.612800000000000000e+04 2.848647535278177928e-25
1.625600000000000000e+04 2.848647535278177928e-25
1.638400000000000000e+04 2.848647535278177928e-25
1.651200000000000000e+04 3.477793851178411787e-26
1.664000000000000000e+04 1.598815669420790277e-26
1.676800000000000000e+04 1.598815669420790277e-26
1.689600000000000000e+04 1.598815669420790277e-26
1.702400000000000000e+04 1.598815669420790277e-26
1.715200000000000000e+04 1.598815669420790277e-26
1.728000000000000000e+04 1.598815669420790277e-26
1.740800000000000000e+04 2.361208257488761621e-27
1.753600000000000000e+04 2.361208257488761621e-27
1.766400000000000000e+04 2.361208257488761621e-27
1.779200000000000000e+04 6.683175638893635094e-30
1.792000000000000000e+04 6.683175638893635094e-30
1.804800000000000000e+04 6.683175638893635094e-30
1.817600000000000000e+04 6.683175638893635094e-30
1.830400000000000000e+04 6.683175638893635094e-30
1.843200000000000000e+04 6.683175638893635094e-30
1.856000000000000000e+04 6.683175638893635094e-30
1.868800000000000000e+04 6.683175638893635094e-30
1.881600000000000000e+04 6.683175638893635094e-30
1.894400000000000000e+04 6.683175638893635094e-30
1.907200000000000000e+04 6.683175638893635094e-30
1.920000000000000000e+04 2.317624760371797136e-31
1.932800000000000000e+04 2.317624760371797136e-31
1.945600000000000000e+04 2.317624760371797136e-31
1.958400000000000000e+04 2.317624760371797136e-31
1.971200000000000000e+04 2.317624760371797136e-31
1.984000000000000000e+04 2.317624760371797136e-31
1.996800000000000000e+04 2.317624760371797136e-31
2.009600000000000000e+04 2.317624760371797136e-31
2.022400000000000000e+04 6.445014274539392780e-33
2.035200000000000000e+04 6.445014274539392780e-33
2.048000000000000000e+04 6.445014274539392780e-33
2.060800000000000000e+04 6.445014274539392780e-33
2.073600000000000000e+04 6.445014274539392780e-33
2.086400000000000000e+04 6.445014274539392780e-33
2.099200000000000000e+04 6.445014274539392780e-33
2.112000000000000000e+04 5.293283447359971079e-33
2.124800000000000000e+04 5.293283447359971079e-33
2.137600000000000000e+04 2.034508609022268009e-33
2.150400000000000000e+04 2.034508609022268009e-33
2.163200000000000000e+04 3.327723722298001185e-34
2.176000000000000000e+04 3.327723722298001185e-34
2.188800000000000000e+04 3.327723722298001185e-34
2.201600000000000000e+04 3.327723722298001185e-34
2.214400000000000000e+04 2.918145502146106825e-34
2.227200000000000000e+04 2.918145502146106825e-34
2.240000000000000000e+04 1.082220461342303839e-34
2.252800000000000000e+04 2.695817444991621152e-35
2.265600000000000000e+04 2.695817444991621152e-35
2.278400000000000000e+04 2.175686000918535554e-35
2.291200000000000000e+04 2.175686000918535554e-35
2.304000000000000000e+04 1.311127442935531572e-35
2.316800000000000000e+04 1.311127442935531572e-35
2.329600000000000000e+04 4.710544253485568381e-36
2.342400000000000000e+04 2.673447781145436668e-36
2.355200000000000000e+04 2.673447781145436668e-36
2.368000000000000000e+04 2.673447781145436668e-36
2.380800000000000000e+04 2.030371837815862490e-36
2.393600000000000000e+04 1.106806684696976744e-36
2.406400000000000000e+04 1.106806684696976744e-36
2.419200000000000000e+04 5.428179947144125106e-38
2.432000000000000000e+04 5.428179947144125106e-38
2.444800000000000000e+04 5.428179947144125106e-38
2.457600000000000000e+04 5.428179947144125106e-38
2.470400000000000000e+04 1.696954764218852458e-38
2.483200000000000000e+04 1.696954764218852458e-38
2.496000000000000000e+04 7.515435778478796026e-40
2.508800000000000000e+04 7.515435778478796026e-40
2.521600000000000000e+04 7.515435778478796026e-40
2.534400000000000000e+04 7.515435778478796026e-40
2.547200000000000000e+04 7.515435778478796026e-40
2.560000000000000000e+04 7.515435778478796026e-40
2.572800000000000000e+04 7.515435778478796026e-40
2.585600000000000000e+04 7.515435778478796026e-40
2.598400000000000000e+04 1.975243558595057468e-40
2.611200000000000000e+04 1.975243558595057468e-40
2.624000000000000000e+04 1.975243558595057468e-40
2.636800000000000000e+04 1.264760419593423364e-40
2.649600000000000000e+04 9.461057574025890315e-42
2.662400000000000000e+04 9.461057574025890315e-42
2.675200000000000000e+04 9.461057574025890315e-42
2.688000000000000000e+04 9.461057574025890315e-42
2.700800000000000000e+04 9.461057574025890315e-42
2.713600000000000000e+04 9.461057574025890315e-42
2.726400000000000000e+04 9.047189609334378872e-42
2.739200000000000000e+04 6.055595691361984534e-43
2.752000000000000000e+04 6.055595691361984534e-43
2.764800000000000000e+04 6.055595691361984534e-43
2.777600000000000000e+04 1.763410662224656937e-43
2.790400000000000000e+04 1.763410662224656937e-43
2.803200000000000000e+04 1.763410662224656937e-43
2.816000000000000000e+04 1.763410662224656937e-43
2.828800000000000000e+04 1.763410662224656937e-43
2.841600000000000000e+04 1.763410662224656937e-43
2.854400000000000000e+04 1.763410662224656937e-43
2.867200000000000000e+04 1.763410662224656937e-43
2.880000000000000000e+04 1.763410662224656937e-43
2.892800000000000000e+04 7.259515955512267132e-44
2.905600000000000000e+04 4.239296994642925825e-44
2.918400000000000000e+04 2.656380815231072842e-44
2.931200000000000000e+04 1.523111561369281650e-45
2.944000000000000000e+04 1.523111561369281650e-45
2.956800000000000000e+04 1.523111561369281650e-45
2.969600000000000000e+04 4.545274610188755091e-46
2.982400000000000000e+04 4.545274610188755091e-46
2.995200000000000000e+04 4.545274610188755091e-46
3.008000000000000000e+04 4.545274610188755091e-46
3.020800000000000000e+04 4.121434570663043575e-46
3.033600000000000000e+04 3.636079699879821135e-47
3.046400000000000000e+04 3.636079699879821135e-47
3.059200000000000000e+04 3.636079699879821135e-47
3.072000000000000000e+04 3.636079699879821135e-47
3.084800000000000000e+04 2.937618844753284677e-47
3.097600000000000000e+04 1.580736354497046301e-47
3.110400000000000000e+04 1.103213216780219497e-47
3.123200000000000000e+04 6.555044317714634052e-48
3.136000000000000000e+04 8.083147262752128774e-49
3.148800000000000000e+04 8.083147262752128774e-49
3.161600000000000000e+04 8.083147262752128774e-49
3.174400000000000000e+04 2.809861676917125488e-49
3.187200000000000000e+04 2.809861676917125488e-49
3.200000000000000000e+04 2.809861676917125488e-49
3.212800000000000000e+04 2.809861676917125488e-49
3.225600000000000000e+04 2.809861676917125488e-49
3.238400000000000000e+04 2.809861676917125488e-49
3.251200000000000000e+04 1.091470517629677635e-49
3.264000000000000000e+04 3.527352470216788903e-50
3.276800000000000000e+04 3.527352470216788903e-50
3.289600000000000000e+04 2.871606989747521584e-50
3.302400000000000000e+04 2.871606989747521584e-50
3.315200000000000000e+04 2.226900536143685664e-50
3.328000000000000000e+04 1.449050624724223699e-50
3.340800000000000000e+04 8.245132283337136134e-51
3.353600000000000000e+04 5.970547911551054475e-51
3.366400000000000000e+04 1.172577455097202666e-51
3.379200000000000000e+04 1.172577455097202666e-51
3.392000000000000000e+04 1.172577455097202666e-51
3.404800000000000000e+04 7.759917886613349196e-52
3.417600000000000000e+04 7.759917886613349196e-52
3.430400000000000000e+04 5.381134122589405494e-53
3.443200000000000000e+04 5.381134122589405494e-53
3.456000000000000000e+04 6.700238724337831511e-54
3.468800000000000000e+04 6.700238724337831511e-54
3.481600000000000000e+04 6.700238724337831511e-54
3.494400000000000000e+04 6.700238724337831511e-54
3.507200000000000000e+04 6.700238724337831511e-54
3.520000000000000000e+04 3.534441298481547340e-54
3.532800000000000000e+04 3.534441298481547340e-54
3.545600000000000000e+04 3.534441298481547340e-54
3.558400000000000000e+04 3.534441298481547340e-54
3.571200000000000000e+04 6.572911732341077840e-55
3.584000000000000000e+04 6.572911732341077840e-55
3.596800000000000000e+04 6.572911732341077840e-55
3.609600000000000000e+04 6.572911732341077840e-55
3.622400000000000000e+04 5.636020969699247900e-55
3.635200000000000000e+04 1.238064240074733869e-55
3.648000000000000000e+04 1.238064240074733869e-55
3.660800000000000000e+04 5.141759068664327653e-56
3.673600000000000000e+04 5.141759068664327653e-56
3.686400000000000000e+04 5.141759068664327653e-56
3.699200000000000000e+04 2.442608069392898714e-56
3.712000000000000000e+04 2.442608069392898714e-56
3.724800000000000000e+04 2.442608069392898714e-56
3.737600000000000000e+04 2.442608069392898714e-56
3.750400000000000000e+04 1.193886612023555520e-56
3.763200000000000000e+04 3.190259632779489620e-58
3.776000000000000000e+04 3.190259632779489620e-58
3.788800000000000000e+04 1.963891865226011631e-58
3.801600000000000000e+04 1.963891865226011631e-58
3.814400000000000000e+04 1.963891865226011631e-58
3.827200000000000000e+04 1.963891865226011631e-58
3.840000000000000000e+04 1.963891865226011631e-58
3.852800000000000000e+04 2.942626631122429210e-59
3.865600000000000000e+04 2.942626631122429210e-59
3.878400000000000000e+04 2.942626631122429210e-59
3.891200000000000000e+04 2.942626631122429210e-59
3.904000000000000000e+04 2.566657654228460275e-60
3.916800000000000000e+04 2.566657654228460275e-60
3.929600000000000000e+04 2.566657654228460275e-60
3.942400000000000000e+04 2.566657654228460275e-60
3.955200000000000000e+04 2.566657654228460275e-60
3.968000000000000000e+04 2.566657654228460275e-60
3.980800000000000000e+04 2.566657654228460275e-60
3.993600000000000000e+04 2.566657654228460275e-60
4.006400000000000000e+04 2.566657654228460275e-60
4.019200000000000000e+04 2.566657654228460275e-60
4.032000000000000000e+04 2.566657654228460275e-60
4.044800000000000000e+04 7.173715521272477651e-62
4.057600000000000000e+04 7.173715521272477651e-62
4.070400000000000000e+04 7.173715521272477651e-62
4.083200000000000000e+04 7.173715521272477651e-62
4.096000000000000000e+04 4.557709847776526763e-62
4.108800000000000000e+04 4.557709847776526763e-62
4.121600000000000000e+04 4.557709847776526763e-62
4.134400000000000000e+04 1.107478931760357898e-62
4.147200000000000000e+04 1.107478931760357898e-62
4.160000000000000000e+04 1.107478931760357898e-62
4.172800000000000000e+04 1.107478931760357898e-62
4.185600000000000000e+04 6.047525071182210543e-63
4.198400000000000000e+04 6.047525071182210543e-63
4.211200000000000000e+04 5.246515918275494110e-64
4.224000000000000000e+04 5.246515918275494110e-64
4.236800000000000000e+04 5.246515918275494110e-64
4.249600000000000000e+04 3.031021935664076863e-64
4.262400000000000000e+04 3.031021935664076863e-64
4.275200000000000000e+04 1.258624204795692031e-64
4.288000000000000000e+04 1.258624204795692031e-64
4.300800000000000000e+04 1.258624204795692031e-64
4.313600000000000000e+04 1.258624204795692031e-64
4.326400000000000000e+04 1.258624204795692031e-64
4.339200000000000000e+04 1.603472630917107401e-65
4.352000000000000000e+04 1.603472630917107401e-65
4.364800000000000000e+04 1.603472630917107401e-65
4.377600000000000000e+04 1.555318723219718372e-65
4.390400000000000000e+04 3.915644683735922634e-66
4.403200000000000000e+04 3.915644683735922634e-66
4.416000000000000000e+04 3.473388558053729376e-66
4.428800000000000000e+04 2.493937792082168252e-66
4.441600000000000000e+04 7.819364851468716531e-67
4.454400000000000000e+04 6.245947527482210297e-67
4.467200000000000000e+04 6.245947527482210297e-67
4.480000000000000000e+04 6.245947527482210297e-67
4.492800000000000000e+04 6.245947527482210297e-67
4.505600000000000000e+04 6.245947527482210297e-67
4.518400000000000000e+04 3.558137355211491882e-68
4.531200000000000000e+04 3.558137355211491882e-68
4.544000000000000000e+04 3.558137355211491882e-68
4.556800000000000000e+04 3.365966664035878056e-69
4.569600000000000000e+04 1.361056173995721046e-70
4.582400000000000000e+04 1.361056173995721046e-70
4.595200000000000000e+04 1.361056173995721046e-70
4.608000000000000000e+04 1.361056173995721046e-70
4.620800000000000000e+04 1.361056173995721046e-70
4.633600000000000000e+04 1.361056173995721046e-70
4.646400000000000000e+04 1.361056173995721046e-70
4.659200000000000000e+04 1.361056173995721046e-70
4.672000000000000000e+04 1.361056173995721046e-70
4.684800000000000000e+04 1.361056173995721046e-70
4.697600000000000000e+04 1.361056173995721046e-70
4.710400000000000000e+04 1.361056173995721046e-70
4.723200000000000000e+04 6.983593099199121341e-71
4.736000000000000000e+04 6.983593099199121341e-71
4.748800000000000000e+04 1.872837515856264160e-71
4.761600000000000000e+04 1.872837515856264160e-71
4.774400000000000000e+04 1.290293517277205508e-71
4.787200000000000000e+04 1.290293517277205508e-71
4.800000000000000000e+04 6.341223486567530539e-72
4.812800000000000000e+04 1.081635827553217996e-72
4.825600000000000000e+04 1.081635827553217996e-72
4.838400000000000000e+04 1.081635827553217996e-72
4.851200000000000000e+04 1.081635827553217996e-72
4.864000000000000000e+04 1.081635827553217996e-72
4.876800000000000000e+04 9.529682823801439120e-73
4.889600000000000000e+04 2.922681957816528553e-73
4.902400000000000000e+04 2.665897118328403615e-73
4.915200000000000000e+04 7.063828066418155688e-74
4.928000000000000000e+04 7.063828066418155688e-74
4.940800000000000000e+04 7.063828066418155688e-74
4.953600000000000000e+04 6.372006167098710384e-74
4.966400000000000000e+04 1.641483253876127856e-74
4.979200000000000000e+04 9.992213791867911279e-75
4.992000000000000000e+04 2.979172408020634919e-75
5.004800000000000000e+04 7.288717735744363864e-76
5.017600000000000000e+04 7.288717735744363864e-76
5.030400000000000000e+04 7.288717735744363864e-76
5.043200000000000000e+04 3.345944799522203195e-76
5.056000000000000000e+04 3.345944799522203195e-76
5.068800000000000000e+04 3.345944799522203195e-76
5.081600000000000000e+04 3.345944799522203195e-76
5.094400000000000000e+04 7.020187440620287174e-77
5.107200000000000000e+04 7.020187440620287174e-77
5.120000000000000000e+04 7.020187440620287174e-77
5.132800000000000000e+04 7.020187440620287174e-77
5.145600000000000000e+04 2.516584065221491571e-77
5.158400000000000000e+04 2.516584065221491571e-77
5.171200000000000000e+04 2.516584065221491571e-77
5.184000000000000000e+04 2.516584065221491571e-77
5.196800000000000000e+04 6.305699531875827378e-78
5.209600000000000000e+04 9.868575126469914696e-79
5.222400000000000000e+04 9.868575126469914696e-79
5.235200000000000000e+04 8.247027860575974823e-79
5.248000000000000000e+04 8.247027860575974823e-79
5.260800000000000000e+04 3.271490120945583999e-79
5.273600000000000000e+04 3.271490120945583999e-79
5.286400000000000000e+04 3.271490120945583999e-79
5.299200000000000000e+04 1.167977546046165220e-79
5.312000000000000000e+04 1.167977546046165220e-79
5.324800000000000000e+04 1.167977546046165220e-79
5.337600000000000000e+04 1.167977546046165220e-79
5.350400000000000000e+04 2.289835897663345805e-80
5.363200000000000000e+04 4.346907972846460007e-81
5.376000000000000000e+04 4.346907972846460007e-81
5.388800000000000000e+04 3.294516512163928246e-81
5.401600000000000000e+04 1.020762489500557423e-81
5.414400000000000000e+04 1.020762489500557423e-81
5.427200000000000000e+04 1.020762489500557423e-81
5.440000000000000000e+04 1.217274874958791701e-82
5.452800000000000000e+04 1.217274874958791701e-82
5.465600000000000000e+04 3.222095983446512474e-83
5.478400000000000000e+04 3.222095983446512474e-83
5.491200000000000000e+04 3.222095983446512474e-83
5.504000000000000000e+04 1.403086136570315395e-83
5.516800000000000000e+04 1.403086136570315395e-83
5.529600000000000000e+04 8.808778627563409276e-84
5.542400000000000000e+04 8.213681063066296777e-85
5.555200000000000000e+04 8.213681063066296777e-85
5.568000000000000000e+04 7.490272603066302487e-85
5.580800000000000000e+04 7.456612152818635331e-85
5.593600000000000000e+04 7.456612152818635331e-85
5.606400000000000000e+04 7.456612152818635331e-85
5.619200000000000000e+04 7.456612152818635331e-85
5.632000000000000000e+04 6.550161921723276389e-85
5.644800000000000000e+04 8.496746453994051213e-86
5.657600000000000000e+04 8.496746453994051213e-86
5.670400000000000000e+04 3.498643141250255971e-86
5.683200000000000000e+04 3.498643141250255971e-86
5.696000000000000000e+04 3.498643141250255971e-86
5.708800000000000000e+04 3.498643141250255971e-86
5.721600000000000000e+04 3.498643141250255971e-86
5.734400000000000000e+04 2.649859223846628802e-87
5.747200000000000000e+04 2.649859223846628802e-87
5.760000000000000000e+04 2.649859223846628802e-87
5.772800000000000000e+04 2.649859223846628802e-87
5.785600000000000000e+04 1.148363105108898925e-87
5.798400000000000000e+04 1.148363105108898925e-87
5.811200000000000000e+04 1.148363105108898925e-87
5.824000000000000000e+04 3.277502731996764618e-88
5.836800000000000000e+04 3.277502731996764618e-88
5.849600000000000000e+04 3.277502731996764618e-88
5.862400000000000000e+04 2.321826999211498906e-89
5.875200000000000000e+04 2.321826999211498906e-89
5.888000000000000000e+04 2.321826999211498906e-89
5.900800000000000000e+04 2.321826999211498906e-89
5.913600000000000000e+04 9.838832485202665034e-90
5.926400000000000000e+04 9.838832485202665034e-90
5.939200000000000000e+04 9.838832485202665034e-90
5.952000000000000000e+04 1.287122056965638769e-90
5.964800000000000000e+04 1.287122056965638769e-90
5.977600000000000000e+04 1.287122056965638769e-90
5.990400000000000000e+04 1.287122056965638769e-90
6.003200000000000000e+04 1.287122056965638769e-90
6.016000000000000000e+04 1.644337614497964575e-91
6.028800000000000000e+04 1.644337614497964575e-91
6.041600000000000000e+04 1.644337614497964575e-91
6.054400000000000000e+04 1.644337614497964575e-91
6.067200000000000000e+04 9.961713666712764656e-92
6.080000000000000000e+04 9.961713666712764656e-92
6.092800000000000000e+04 9.961713666712764656e-92
6.105600000000000000e+04 9.961713666712764656e-92
6.118400000000000000e+04 2.029120057400060322e-92
6.131200000000000000e+04 1.220674715951581816e-92
6.144000000000000000e+04 1.220674715951581816e-92
6.156800000000000000e+04 1.220674715951581816e-92
6.169600000000000000e+04 6.340032809519829241e-93
6.182400000000000000e+04 6.340032809519829241e-93
6.195200000000000000e+04 6.340032809519829241e-93
6.208000000000000000e+04 3.719583395064523371e-93
6.220800000000000000e+04 1.145696189341711378e-93
6.233600000000000000e+04 1.145696189341711378e-93
6.246400000000000000e+04 8.316215363629047123e-94
6.259200000000000000e+04 8.316215363629047123e-94
6.272000000000000000e+04 8.316215363629047123e-94
6.284800000000000000e+04 1.051628785916322653e-94
6.297600000000000000e+04 1.023189964011696162e-94
6.310400000000000000e+04 1.023189964011696162e-94
6.323200000000000000e+04 6.936712638436500475e-95
6.336000000000000000e+04 1.644429263478176185e-96
6.348800000000000000e+04 1.644429263478176185e-96
6.361600000000000000e+04 1.644429263478176185e-96
6.374400000000000000e+04 1.644429263478176185e-96
6.387200000000000000e+04 1.644429263478176185e-96
6.400000000000000000e+04 1.644429263478176185e-96
6.412800000000000000e+04 1.644429263478176185e-96
6.425600000000000000e+04 1.644429263478176185e-96
6.438400000000000000e+04 7.377825331110892469e-97
6.451200000000000000e+04 2.045430829332107871e-97
6.464000000000000000e+04 7.358947016374654132e-98
6.476800000000000000e+04 7.358947016374654132e-98
6.489600000000000000e+04 1.792511406522353807e-98
6.502400000000000000e+04 1.792511406522353807e-98
6.515200000000000000e+04 1.792511406522353807e-98
6.528000000000000000e+04 1.792511406522353807e-98
6.540800000000000000e+04 1.792511406522353807e-98
6.553600000000000000e+04 3.993025520073012133e-99
6.566400000000000000e+04 3.993025520073012133e-99
6.579200000000000000e+04 3.993025520073012133e-99
6.592000000000000000e+04 2.995005631519318401e-99
6.604800000000000000e+04 2.995005631519318401e-99
6.617600000000000000e+04 3.212361081800479861e-100
6.630400000000000000e+04 5.353965163159283694e-101
6.643200000000000000e+04 5.353965163159283694e-101
6.656000000000000000e+04 5.353965163159283694e-101
6.668800000000000000e+04 5.353965163159283694e-101
6.681600000000000000e+04 5.353965163159283694e-101
6.694400000000000000e+04 5.353965163159283694e-101
6.707200000000000000e+04 3.963136154703048338e-101
6.720000000000000000e+04 3.963136154703048338e-101
6.732800000000000000e+04 3.963136154703048338e-101
6.745600000000000000e+04 7.928501675515414558e-102
6.758400000000000000e+04 6.059809107676745155e-102
6.771200000000000000e+04 6.059809107676745155e-102
6.784000000000000000e+04 5.214468360445418584e-102
6.796800000000000000e+04 1.076886565733112127e-102
6.809600000000000000e+04 2.327164751074385913e-103
6.822400000000000000e+04 2.327164751074385913e-103
6.835200000000000000e+04 2.327164751074385913e-103
6.848000000000000000e+04 2.327164751074385913e-103
6.860800000000000000e+04 2.327164751074385913e-103
6.873600000000000000e+04 2.327164751074385913e-103
6.886400000000000000e+04 3.075555656925700742e-104
6.899200000000000000e+04 3.075555656925700742e-104
6.912000000000000000e+04 3.075555656925700742e-104
6.924800000000000000e+04 3.075555656925700742e-104
6.937600000000000000e+04 3.075555656925700742e-104
6.950400000000000000e+04 1.038094948841643834e-104
6.963200000000000000e+04 1.038094948841643834e-104
6.976000000000000000e+04 1.038094948841643834e-104
6.988800000000000000e+04 4.682656085514726845e-105
7.001600000000000000e+04 1.796615635409847493e-107
7.014400000000000000e+04 1.796615635409847493e-107
7.027200000000000000e+04 1.796615635409847493e-107
7.040000000000000000e+04 1.796615635409847493e-107
7.052800000000000000e+04 1.796615635409847493e-107
7.065600000000000000e+04 1.105709302332838591e-107
7.078400000000000000e+04 1.105709302332838591e-107
7.091200000000000000e+04 1.105709302332838591e-107
7.104000000000000000e+04 1.105709302332838591e-107
7.116800000000000000e+04 1.105709302332838591e-107
7.129600000000000000e+04 1.105709302332838591e-107
7.142400000000000000e+04 1.105709302332838591e-107
7.155200000000000000e+04 1.105709302332838591e-107
7.168000000000000000e+04 1.105709302332838591e-107
7.180800000000000000e+04 1.105709302332838591e-107
7.193600000000000000e+04 1.887031237148957573e-108
7.206400000000000000e+04 1.887031237148957573e-108
7.219200000000000000e+04 1.887031237148957573e-108
7.232000000000000000e+04 1.887031237148957573e-108
7.244800000000000000e+04 1.887031237148957573e-108
7.257600000000000000e+04 8.791120768131227901e-110
7.270400000000000000e+04 8.791120768131227901e-110
7.283200000000000000e+04 8.791120768131227901e-110
7.296000000000000000e+04 8.791120768131227901e-110
7.308800000000000000e+04 7.295597948735120193e-110
7.321600000000000000e+04 7.295597948735120193e-110
7.334400000000000000e+04 7.295597948735120193e-110
7.347200000000000000e+04 8.367740911893820231e-111
7.360000000000000000e+04 8.367740911893820231e-111
7.372800000000000000e+04 8.367740911893820231e-111
7.385600000000000000e+04 8.367740911893820231e-111
7.398400000000000000e+04 8.367740911893820231e-111
7.411200000000000000e+04 1.140042723654291608e-111
7.424000000000000000e+04 1.140042723654291608e-111
7.436800000000000000e+04 1.140042723654291608e-111
7.449600000000000000e+04 8.917451297511199678e-112
7.462400000000000000e+04 8.917451297511199678e-112
7.475200000000000000e+04 2.314405606400008025e-112
7.488000000000000000e+04 2.314405606400008025e-112
7.500800000000000000e+04 1.203024597629326341e-112
7.513600000000000000e+04 4.375599543659342553e-113
7.526400000000000000e+04 4.375599543659342553e-113
7.539200000000000000e+04 4.375599543659342553e-113
7.552000000000000000e+04 3.187093111758711997e-113
7.564800000000000000e+04 8.441137093484818537e-114
7.577600000000000000e+04 8.441137093484818537e-114
7.590400000000000000e+04 8.441137093484818537e-114
7.603200000000000000e+04 8.441137093484818537e-114
7.616000000000000000e+04 4.130149222800886791e-114
7.628800000000000000e+04 3.287200814319114239e-114
7.641600000000000000e+04 1.306599675246886384e-114
7.654400000000000000e+04 1.306599675246886384e-114
7.667200000000000000e+04 1.306599675246886384e-114
7.680000000000000000e+04 1.306599675246886384e-114
7.692800000000000000e+04 2.621380321455920798e-115
7.705600000000000000e+04 3.384610488433576019e-116
7.718400000000000000e+04 3.384610488433576019e-116
7.731200000000000000e+04 3.384610488433576019e-116
7.744000000000000000e+04 3.384610488433576019e-116
7.756800000000000000e+04 2.686073004767378461e-116
7.769600000000000000e+04 2.686073004767378461e-116
7.782400000000000000e+04 2.167104018656176012e-117
7.795200000000000000e+04 2.167104018656176012e-117
7.808000000000000000e+04 2.167104018656176012e-117
7.820800000000000000e+04 2.167104018656176012e-117
7.833600000000000000e+04 3.900576082519135281e-118
7.846400000000000000e+04 3.900576082519135281e-118
7.859200000000000000e+04 3.900576082519135281e-118
7.872000000000000000e+04 3.900576082519135281e-118
7.884800000000000000e+04 3.900576082519135281e-118
7.897600000000000000e+04 3.900576082519135281e-118
7.910400000000000000e+04 3.900576082519135281e-118
7.923200000000000000e+04 6.267407292962396454e-119
7.936000000000000000e+04 5.057820207123086490e-119
7.948800000000000000e+04 2.817211092809807130e-119
7.961600000000000000e+04 2.817211092809807130e-119
7.974400000000000000e+04 2.817211092809807130e-119
7.987200000000000000e+04 2.817211092809807130e-119
8.000000000000000000e+04 9.612089665197501313e-120
8.012800000000000000e+04 5.347892232605164837e-120
8.025600000000000000e+04 5.347892232605164837e-120
8.038400000000000000e+04 5.347892232605164837e-120
8.051200000000000000e+04 5.347892232605164837e-120
8.064000000000000000e+04 2.600039016508346563e-120
8.076800000000000000e+04 8.898728436055364955e-121
8.089600000000000000e+04 8.898728436055364955e-121
8.102400000000000000e+04 3.036788562767858339e-121
8.115200000000000000e+04 5.969646910250071757e-122
8.128000000000000000e+04 5.969646910250071757e-122
8.140800000000000000e+04 5.969646910250071757e-122
8.153600000000000000e+04 5.969646910250071757e-122
8.166400000000000000e+04 3.315499058100510562e-122
8.179200000000000000e+04 5.690626521109161566e-123
8.192000000000000000e+04 4.979935263219134227e-123
8.204800000000000000e+04 4.979935263219134227e-123
8.217600000000000000e+04 4.979935263219134227e-123
8.230400000000000000e+04 5.947626054929341543e-124
8.243200000000000000e+04 5.947626054929341543e-124
8.256000000000000000e+04 5.130353881293806457e-124
8.268800000000000000e+04 5.130353881293806457e-124
8.281600000000000000e+04 5.050548649623613294e-124
8.294400000000000000e+04 2.799697978767760848e-124
8.307200000000000000e+04 1.538757230569903807e-124
8.320000000000000000e+04 1.538757230569903807e-124
8.332800000000000000e+04 1.538757230569903807e-124
8.345600000000000000e+04 9.852362974957894257e-125
8.358400000000000000e+04 6.479957451920919362e-125
8.371200000000000000e+04 6.479957451920919362e-125
8.384000000000000000e+04 4.537588755740708590e-125
8.396800000000000000e+04 1.008596264140188204e-125
8.409600000000000000e+04 1.008596264140188204e-125
8.422400000000000000e+04 3.458195258984021184e-127
8.435200000000000000e+04 3.458195258984021184e-127
8.448000000000000000e+04 3.458195258984021184e-127
8.460800000000000000e+04 3.458195258984021184e-127
8.473600000000000000e+04 3.458195258984021184e-127
8.486400000000000000e+04 3.458195258984021184e-127
8.499200000000000000e+04 3.458195258984021184e-127
8.512000000000000000e+04 2.971136191831552982e-127
8.524800000000000000e+04 2.106696881402116821e-128
8.537600000000000000e+04 2.106696881402116821e-128
8.550400000000000000e+04 2.106696881402116821e-128
8.563200000000000000e+04 2.106696881402116821e-128
8.576000000000000000e+04 2.106696881402116821e-128
8.588800000000000000e+04 2.106696881402116821e-128
8.601600000000000000e+04 2.106696881402116821e-128
8.614400000000000000e+04 1.885106535293118397e-128
8.627200000000000000e+04 4.232949182817053264e-129
8.640000000000000000e+04 2.920880625741196360e-129
8.652800000000000000e+04 1.981002013578672521e-130
8.665600000000000000e+04 1.981002013578672521e-130
8.678400000000000000e+04 1.981002013578672521e-130
8.691200000000000000e+04 1.981002013578672521e-130
8.704000000000000000e+04 1.981002013578672521e-130
8.716800000000000000e+04 1.981002013578672521e-130
8.729600000000000000e+04 5.980503047166693646e-132
8.742400000000000000e+04 5.980503047166693646e-132
8.755200000000000000e+04 5.980503047166693646e-132
8.768000000000000000e+04 5.980503047166693646e-132
8.780800000000000000e+04 5.980503047166693646e-132
8.793600000000000000e+04 5.980503047166693646e-132
8.806400000000000000e+04 1.230816694090898351e-133
8.819200000000000000e+04 1.230816694090898351e-133
8.832000000000000000e+04 1.230816694090898351e-133
8.844800000000000000e+04 1.230816694090898351e-133
8.857600000000000000e+04 1.230816694090898351e-133
8.870400000000000000e+04 1.230816694090898351e-133
8.883200000000000000e+04 7.974078858800951786e-134
8.896000000000000000e+04 4.640012999430742386e-134
8.908800000000000000e+04 4.640012999430742386e-134
8.921600000000000000e+04 4.640012999430742386e-134
8.934400000000000000e+04 4.640012999430742386e-134
8.947200000000000000e+04 3.922656492156509960e-134
8.960000000000000000e+04 3.696276708989978866e-134
8.972800000000000000e+04 1.660647259116072260e-134
8.985600000000000000e+04 1.189111560633577190e-134
8.998400000000000000e+04 5.929096084448657046e-135
9.011200000000000000e+04 5.929096084448657046e-135
9.024000000000000000e+04 1.252625133577909778e-135
9.036800000000000000e+04 1.252625133577909778e-135
9.049600000000000000e+04 1.252625133577909778e-135
9.062400000000000000e+04 1.252625133577909778e-135
9.075200000000000000e+04 1.252625133577909778e-135
9.088000000000000000e+04 2.492459862275243236e-136
9.100800000000000000e+04 7.720520864868633324e-139
9.113600000000000000e+04 7.720520864868633324e-139
9.126400000000000000e+04 7.720520864868633324e-139
9.139200000000000000e+04 7.720520864868633324e-139
9.152000000000000000e+04 7.720520864868633324e-139
9.164800000000000000e+04 7.720520864868633324e-139
9.177600000000000000e+04 7.720520864868633324e-139
9.190400000000000000e+04 7.720520864868633324e-139
9.203200000000000000e+04 7.720520864868633324e-139
9.216000000000000000e+04 2.880991418272827784e-139
9.228800000000000000e+04 2.880991418272827784e-139
9.241600000000000000e+04 2.880991418272827784e-139
9.254400000000000000e+04 2.880991418272827784e-139
9.267200000000000000e+04 2.880991418272827784e-139
9.280000000000000000e+04 2.880991418272827784e-139
9.292800000000000000e+04 2.322515804801850197e-139
9.305600000000000000e+04 1.264923664698138340e-140
9.318400000000000000e+04 1.264923664698138340e-140
9.331200000000000000e+04 1.264923664698138340e-140
9.344000000000000000e+04 1.264923664698138340e-140
9.356800000000000000e+04 1.264923664698138340e-140
9.369600000000000000e+04 7.483606005780934314e-141
9.382400000000000000e+04 2.842763138626330250e-141
9.395200000000000000e+04 2.842763138626330250e-141
9.408000000000000000e+04 2.842763138626330250e-141
9.420800000000000000e+04 2.842763138626330250e-141
9.433600000000000000e+04 1.393918503970500232e-141
9.446400000000000000e+04 5.114031177360461757e-142
9.459200000000000000e+04 5.114031177360461757e-142
9.472000000000000000e+04 5.114031177360461757e-142
9.484800000000000000e+04 5.114031177360461757e-142
9.497600000000000000e+04 5.114031177360461757e-142
9.510400000000000000e+04 1.955145443232404975e-142
9.523200000000000000e+04 1.393550923574751431e-142
9.536000000000000000e+04 4.346032988365480771e-143
9.548800000000000000e+04 7.986928055797756833e-144
9.561600000000000000e+04 7.986928055797756833e-144
9.574400000000000000e+04 7.986928055797756833e-144
9.587200000000000000e+04 1.190239355934636850e-144
9.600000000000000000e+04 1.491429398347135376e-145
9.612800000000000000e+04 1.491429398347135376e-145
9.625600000000000000e+04 1.491429398347135376e-145
9.638400000000000000e+04 1.491429398347135376e-145
9.651200000000000000e+04 1.491429398347135376e-145
9.664000000000000000e+04 1.491429398347135376e-145
9.676800000000000000e+04 1.491429398347135376e-145
9.689600000000000000e+04 1.491429398347135376e-145
9.702400000000000000e+04 1.491429398347135376e-145
9.715200000000000000e+04 1.491429398347135376e-145
9.728000000000000000e+04 9.299569898792486013e-146
9.740800000000000000e+04 9.299569898792486013e-146
9.753600000000000000e+04 9.299569898792486013e-146
9.766400000000000000e+04 3.909823201087904237e-146
9.779200000000000000e+04 3.909823201087904237e-146
9.792000000000000000e+04 1.895889534052715095e-146
9.804800000000000000e+04 9.220911911296948048e-147
9.817600000000000000e+04 9.220911911296948048e-147
9.830400000000000000e+04 8.539941867094997057e-148
9.843200000000000000e+04 8.539941867094997057e-148
9.856000000000000000e+04 6.623310875972057660e-149
9.868800000000000000e+04 6.623310875972057660e-149
9.881600000000000000e+04 6.623310875972057660e-149
9.894400000000000000e+04 6.623310875972057660e-149
9.907200000000000000e+04 6.623310875972057660e-149
9.920000000000000000e+04 6.623310875972057660e-149
9.932800000000000000e+04 6.623310875972057660e-149
9.945600000000000000e+04 4.956340566115517450e-149
9.958400000000000000e+04 4.956340566115517450e-149
9.971200000000000000e+04 4.956340566115517450e-149
9.984000000000000000e+04 5.047218858342711309e-150
9.996800000000000000e+04 2.072264887700509806e-150
1.000960000000000000e+05 9.510494194245294028e-151
