1.280000000000000000e+02 9.003235478793369939e-02
2.560000000000000000e+02 9.003235478793369939e-02
3.840000000000000000e+02 9.003235478793369939e-02
5.120000000000000000e+02 9.003235478793369939e-02
6.400000000000000000e+02 4.381574490631133523e-02
7.680000000000000000e+02 2.873876762476408608e-02
8.960000000000000000e+02 1.609682349508117366e-02
1.024000000000000000e+03 1.609682349508117366e-02
1.152000000000000000e+03 1.609682349508117366e-02
1.280000000000000000e+03 2.834449094149732451e-03
1.408000000000000000e+03 2.834449094149732451e-03
1.536000000000000000e+03 2.834449094149732451e-03
1.664000000000000000e+03 2.834449094149732451e-03
1.792000000000000000e+03 2.272160946829820775e-04
1.920000000000000000e+03 2.272160946829820775e-04
2.048000000000000000e+03 2.272160946829820775e-04
2.176000000000000000e+03 2.272160946829820775e-04
2.304000000000000000e+03 1.949979562607066905e-04
2.432000000000000000e+03 1.949979562607066905e-04
2.560000000000000000e+03 1.949979562607066905e-04
2.688000000000000000e+03 9.364692713957109397e-05
2.816000000000000000e+03 5.237074209137148852e-05
2.944000000000000000e+03 5.237074209137148852e-05
3.072000000000000000e+03 4.776621395023646381e-05
3.200000000000000000e+03 3.368804545972362602e-06
3.328000000000000000e+03 3.368804545972362602e-06
3.456000000000000000e+03 3.368804545972362602e-06
3.584000000000000000e+03 1.009569539913774460e-06
3.712000000000000000e+03 1.009569539913774460e-06
3.840000000000000000e+03 1.094056457604776313e-07
3.968000000000000000e+03 1.094056457604776313e-07
4.096000000000000000e+03 1.094056457604776313e-07
4.224000000000000000e+03 1.094056457604776313e-07
4.352000000000000000e+03 1.094056457604776313e-07
4.480000000000000000e+03 4.980810935887941926e-08
4.608000000000000000e+03 4.980810935887941926e-08
4.736000000000000000e+03 5.078594067183069998e-09
4.864000000000000000e+03 5.078594067183069998e-09
4.992000000000000000e+03 5.078594067183069998e-09
5.120000000000000000e+03 5.078594067183069998e-09
5.248000000000000000e+03 5.078594067183069998e-09
5.376000000000000000e+03 5.078594067183069998e-09
5.504000000000000000e+03 5.078594067183069998e-09
5.632000000000000000e+03 5.078594067183069998e-09
5.760000000000000000e+03 3.204715870623081737e-09
5.888000000000000000e+03 1.288783047623544749e-09
6.016000000000000000e+03 1.270657697211741168e-09
6.144000000000000000e+03 1.270657697211741168e-09
6.272000000000000000e+03 1.324340614097683314e-10
6.400000000000000000e+03 1.324340614097683314e-10
6.528000000000000000e+03 1.324340614097683314e-10
6.656000000000000000e+03 1.324340614097683314e-10
6.784000000000000000e+03 1.324340614097683314e-10
6.912000000000000000e+03 7.702041645853755957e-11
7.040000000000000000e+03 7.702041645853755957e-11
7.168000000000000000e+03 7.702041645853755957e-11
7.296000000000000000e+03 7.702041645853755957e-11
7.424000000000000000e+03 3.561822245431079953e-13
7.552000000000000000e+03 3.561822245431079953e-13
7.680000000000000000e+03 3.561822245431079953e-13
7.808000000000000000e+03 3.561822245431079953e-13
7.936000000000000000e+03 1.599339710794477386e-13
8.064000000000000000e+03 1.599339710794477386e-13
8.192000000000000000e+03 1.599339710794477386e-13
8.320000000000000000e+03 7.905687900672892658e-14
8.448000000000000000e+03 7.905687900672892658e-14
8.576000000000000000e+03 7.905687900672892658e-14
8.704000000000000000e+03 2.990028211122204534e-14
8.832000000000000000e+03 2.990028211122204534e-14
8.960000000000000000e+03 1.706790722585747977e-14
9.088000000000000000e+03 1.706790722585747977e-14
9.216000000000000000e+03 1.706790722585747977e-14
9.344000000000000000e+03 8.456917500462503454e-15
9.472000000000000000e+03 5.962473004094475524e-15
9.600000000000000000e+03 5.962473004094475524e-15
9.728000000000000000e+03 1.553091622987628465e-16
9.856000000000000000e+03 1.553091622987628465e-16
9.984000000000000000e+03 1.553091622987628465e-16
1.011200000000000000e+04 1.553091622987628465e-16
1.024000000000000000e+04 1.553091622987628465e-16
1.036800000000000000e+04 1.553091622987628465e-16
1.049600000000000000e+04 7.179436983782473622e-18
1.062400000000000000e+04 7.179436983782473622e-18
1.075200000000000000e+04 7.179436983782473622e-18
1.088000000000000000e+04 7.179436983782473622e-18
1.100800000000000000e+04 7.179436983782473622e-18
1.113600000000000000e+04 7.179436983782473622e-18
1.126400000000000000e+04 3.804401860387043528e-18
1.139200000000000000e+04 3.804401860387043528e-18
1.152000000000000000e+04 3.804401860387043528e-18
1.164800000000000000e+04 3.804401860387043528e-18
1.177600000000000000e+04 3.804401860387043528e-18
1.190400000000000000e+04 3.804401860387043528e-18
1.203200000000000000e+04 2.225730763010218029e-18
1.216000000000000000e+04 6.764574956614417907e-19
1.228800000000000000e+04 1.727176611414821716e-19
1.241600000000000000e+04 1.727176611414821716e-19
1.254400000000000000e+04 1.727176611414821716e-19
1.267200000000000000e+04 6.175137053783025168e-20
1.280000000000000000e+04 6.155353557960354942e-20
1.292800000000000000e+04 9.534746342559281000e-21
1.305600000000000000e+04 9.534746342559281000e-21
1.318400000000000000e+04 9.534746342559281000e-21
1.331200000000000000e+04 9.534746342559281000e-21
1.344000000000000000e+04 4.321444424288556063e-21
1.356800000000000000e+04 4.321444424288556063e-21
1.369600000000000000e+04 8.106936300797518199e-22
1.382400000000000000e+04 8.106936300797518199e-22
1.395200000000000000e+04 8.106936300797518199e-22
1.408000000000000000e+04 3.382583862484266420e-23
1.420800000000000000e+04 3.382583862484266420e-23
1.433600000000000000e+04 3.382583862484266420e-23
1.446400000000000000e+04 3.382583862484266420e-23
1.459200000000000000e+04 3.382583862484266420e-23
1.472000000000000000e+04 3.382583862484266420e-23
1.484800000000000000e+04 2.428427784739277519e-23
1.497600000000000000e+04 2.428427784739277519e-23
1.510400000000000000e+04 5.127512607922005625e-24
1.523200000000000000e+04 5.127512607922005625e-24
1.536000000000000000e+04 5.127512607922005625e-24
1.548800000000000000e+04 3.431556328575940775e-24
1.561600000000000000e+04 3.431556328575940775e-24
1.574400000000000000e+04 6.535275094056201906e-25
1.587200000000000000e+04 5.089487539369414945e-25
1.600000000000000000e+04 5.089487539369414945e-25
1.612800000000000000e+04 5.089487539369414945e-25
1.625600000000000000e+04 7.556087720460176391e-27
1.638400000000000000e+04 7.556087720460176391e-27
1.651200000000000000e+04 7.556087720460176391e-27
1.664000000000000000e+04 7.556087720460176391e-27
1.676800000000000000e+04 7.556087720460176391e-27
1.689600000000000000e+04 7.556087720460176391e-27
1.702400000000000000e+04 7.556087720460176391e-27
1.715200000000000000e+04 7.556087720460176391e-27
1.728000000000000000e+04 4.211724525865508322e-28
1.740800000000000000e+04 4.211724525865508322e-28
1.753600000000000000e+04 4.211724525865508322e-28
1.766400000000000000e+04 4.211724525865508322e-28
1.779200000000000000e+04 4.211724525865508322e-28
1.792000000000000000e+04 4.211724525865508322e-28
1.804800000000000000e+04 4.211724525865508322e-28
1.817600000000000000e+04 4.211724525865508322e-28
1.830400000000000000e+04 4.211724525865508322e-28
1.843200000000000000e+04 3.822028693521219215e-28
1.856000000000000000e+04 3.822028693521219215e-28
1.868800000000000000e+04 1.514694017267807998e-28
1.881600000000000000e+04 1.514694017267807998e-28
1.894400000000000000e+04 3.851217752828628693e-29
1.907200000000000000e+04 3.851217752828628693e-29
1.920000000000000000e+04 3.713534596135954766e-29
1.932800000000000000e+04 2.000521385307084988e-29
1.945600000000000000e+04 2.000521385307084988e-29
1.958400000000000000e+04 9.141845815237893281e-30
1.971200000000000000e+04 2.329453608665319676e-30
1.984000000000000000e+04 2.329453608665319676e-30
1.996800000000000000e+04 2.329453608665319676e-30
2.009600000000000000e+04 2.329453608665319676e-30
2.022400000000000000e+04 1.181891761473587538e-30
2.035200000000000000e+04 1.045838143382004400e-31
2.048000000000000000e+04 1.045838143382004400e-31
2.060800000000000000e+04 1.045838143382004400e-31
2.073600000000000000e+04 1.045838143382004400e-31
2.086400000000000000e+04 1.045838143382004400e-31
2.099200000000000000e+04 1.045838143382004400e-31
2.112000000000000000e+04 3.954108548457220744e-33
2.124800000000000000e+04 3.954108548457220744e-33
2.137600000000000000e+04 3.954108548457220744e-33
2.150400000000000000e+04 3.954108548457220744e-33
2.163200000000000000e+04 3.954108548457220744e-33
2.176000000000000000e+04 3.954108548457220744e-33
2.188800000000000000e+04 3.954108548457220744e-33
2.201600000000000000e+04 8.363481029247740228e-34
2.214400000000000000e+04 8.363481029247740228e-34
2.227200000000000000e+04 8.363481029247740228e-34
2.240000000000000000e+04 8.363481029247740228e-34
2.252800000000000000e+04 8.363481029247740228e-34
2.265600000000000000e+04 5.919462119740290931e-34
2.278400000000000000e+04 1.523811781854451310e-34
2.291200000000000000e+04 1.523811781854451310e-34
2.304000000000000000e+04 1.523811781854451310e-34
2.316800000000000000e+04 1.523811781854451310e-34
2.329600000000000000e+04 1.523811781854451310e-34
2.342400000000000000e+04 6.168480898372088460e-35
2.355200000000000000e+04 5.130893148710279838e-35
2.368000000000000000e+04 4.697596307260860396e-35
2.380800000000000000e+04 9.276178805822156014e-36
2.393600000000000000e+04 9.276178805822156014e-36
2.406400000000000000e+04 9.276178805822156014e-36
2.419200000000000000e+04 9.276178805822156014e-36
2.432000000000000000e+04 2.250489498233911139e-36
2.444800000000000000e+04 2.250489498233911139e-36
2.457600000000000000e+04 2.185160869208336524e-36
2.470400000000000000e+04 1.569899294443167862e-37
2.483200000000000000e+04 1.569899294443167862e-37
2.496000000000000000e+04 1.569899294443167862e-37
2.508800000000000000e+04 1.569899294443167862e-37
2.521600000000000000e+04 3.408306259279807616e-38
2.534400000000000000e+04 3.408306259279807616e-38
2.547200000000000000e+04 3.408306259279807616e-38
2.560000000000000000e+04 2.112849109251039645e-39
2.572800000000000000e+04 2.112849109251039645e-39
2.585600000000000000e+04 1.852192686158856938e-39
2.598400000000000000e+04 1.209119392897328425e-39
2.611200000000000000e+04 1.209119392897328425e-39
2.624000000000000000e+04 9.188022066852631142e-40
2.636800000000000000e+04 9.188022066852631142e-40
2.649600000000000000e+04 6.992382123945531499e-40
2.662400000000000000e+04 4.756805707169110219e-40
2.675200000000000000e+04 3.955920868063234100e-40
2.688000000000000000e+04 5.301248366742798957e-41
2.700800000000000000e+04 5.301248366742798957e-41
2.713600000000000000e+04 4.874466792547876119e-41
2.726400000000000000e+04 4.874466792547876119e-41
2.739200000000000000e+04 2.828207927052660267e-41
2.752000000000000000e+04 1.814890581105496249e-42
2.764800000000000000e+04 1.814890581105496249e-42
2.777600000000000000e+04 1.814890581105496249e-42
2.790400000000000000e+04 1.694782430447493812e-42
2.803200000000000000e+04 1.694782430447493812e-42
2.816000000000000000e+04 1.361552218458900276e-42
2.828800000000000000e+04 3.084774185623955944e-44
2.841600000000000000e+04 3.084774185623955944e-44
2.854400000000000000e+04 3.084774185623955944e-44
2.867200000000000000e+04 3.084774185623955944e-44
2.880000000000000000e+04 3.084774185623955944e-44
2.892800000000000000e+04 9.635568370623958849e-45
2.905600000000000000e+04 9.635568370623958849e-45
2.918400000000000000e+04 9.635568370623958849e-45
2.931200000000000000e+04 2.921953423969475999e-45
2.944000000000000000e+04 2.921953423969475999e-45
2.956800000000000000e+04 2.921953423969475999e-45
2.969600000000000000e+04 2.921953423969475999e-45
2.982400000000000000e+04 2.921953423969475999e-45
2.995200000000000000e+04 1.245173205481918224e-45
3.008000000000000000e+04 1.310540265313079062e-46
3.020800000000000000e+04 1.310540265313079062e-46
3.033600000000000000e+04 8.476038994113372037e-47
3.046400000000000000e+04 8.476038994113372037e-47
3.059200000000000000e+04 5.253489320721327840e-47
3.072000000000000000e+04 5.253489320721327840e-47
3.084800000000000000e+04 5.253489320721327840e-47
3.097600000000000000e+04 4.019148593007871681e-48
3.110400000000000000e+04 4.019148593007871681e-48
3.123200000000000000e+04 4.019148593007871681e-48
3.136000000000000000e+04 4.019148593007871681e-48
3.148800000000000000e+04 4.019148593007871681e-48
3.161600000000000000e+04 4.019148593007871681e-48
3.174400000000000000e+04 1.762913167599637732e-48
3.187200000000000000e+04 1.762913167599637732e-48
3.200000000000000000e+04 1.762913167599637732e-48
3.212800000000000000e+04 1.329276169920833110e-48
3.225600000000000000e+04 5.028907719754090268e-50
3.238400000000000000e+04 5.028907719754090268e-50
3.251200000000000000e+04 2.668858886108171946e-50
3.264000000000000000e+04 2.668858886108171946e-50
3.276800000000000000e+04 2.644532849776728889e-50
3.289600000000000000e+04 2.644532849776728889e-50
3.302400000000000000e+04 2.644532849776728889e-50
3.315200000000000000e+04 1.207753130919364289e-50
3.328000000000000000e+04 7.415752091276251360e-51
3.340800000000000000e+04 7.415752091276251360e-51
3.353600000000000000e+04 5.882964007756940104e-51
3.366400000000000000e+04 5.882964007756940104e-51
3.379200000000000000e+04 5.882964007756940104e-51
3.392000000000000000e+04 2.597884247375387111e-51
3.404800000000000000e+04 9.400622230672704772e-52
3.417600000000000000e+04 9.400622230672704772e-52
3.430400000000000000e+04 5.434512604161494395e-53
3.443200000000000000e+04 5.434512604161494395e-53
3.456000000000000000e+04 5.434512604161494395e-53
3.468800000000000000e+04 5.434512604161494395e-53
3.481600000000000000e+04 5.434512604161494395e-53
3.494400000000000000e+04 5.434512604161494395e-53
3.507200000000000000e+04 5.434512604161494395e-53
3.520000000000000000e+04 5.434512604161494395e-53
3.532800000000000000e+04 5.434512604161494395e-53
3.545600000000000000e+04 9.263253134463564291e-54
3.558400000000000000e+04 8.227273002910008118e-55
3.571200000000000000e+04 8.227273002910008118e-55
3.584000000000000000e+04 8.227273002910008118e-55
3.596800000000000000e+04 8.227273002910008118e-55
3.609600000000000000e+04 8.227273002910008118e-55
3.622400000000000000e+04 8.227273002910008118e-55
3.635200000000000000e+04 8.227273002910008118e-55
3.648000000000000000e+04 6.940470290976907125e-55
3.660800000000000000e+04 2.551905133165590292e-55
3.673600000000000000e+04 3.084230889092359500e-57
3.686400000000000000e+04 3.084230889092359500e-57
3.699200000000000000e+04 3.084230889092359500e-57
3.712000000000000000e+04 3.084230889092359500e-57
3.724800000000000000e+04 3.084230889092359500e-57
3.737600000000000000e+04 3.084230889092359500e-57
3.750400000000000000e+04 3.084230889092359500e-57
3.763200000000000000e+04 1.649425935983701996e-58
3.776000000000000000e+04 1.649425935983701996e-58
3.788800000000000000e+04 1.649425935983701996e-58
3.801600000000000000e+04 1.649425935983701996e-58
3.814400000000000000e+04 1.649425935983701996e-58
3.827200000000000000e+04 1.649425935983701996e-58
3.840000000000000000e+04 1.649425935983701996e-58
3.852800000000000000e+04 2.543995103258710361e-59
3.865600000000000000e+04 2.543995103258710361e-59
3.878400000000000000e+04 2.543995103258710361e-59
3.891200000000000000e+04 1.329698898783604143e-59
3.904000000000000000e+04 1.329698898783604143e-59
3.916800000000000000e+04 1.329698898783604143e-59
3.929600000000000000e+04 1.329698898783604143e-59
3.942400000000000000e+04 3.099455726965863022e-60
3.955200000000000000e+04 3.099455726965863022e-60
3.968000000000000000e+04 3.086581009353004366e-60
3.980800000000000000e+04 1.420496772061216638e-60
3.993600000000000000e+04 1.420496772061216638e-60
4.006400000000000000e+04 2.832582089135312995e-62
4.019200000000000000e+04 2.832582089135312995e-62
4.032000000000000000e+04 2.832582089135312995e-62
4.044800000000000000e+04 2.832582089135312995e-62
4.057600000000000000e+04 2.832582089135312995e-62
4.070400000000000000e+04 2.832582089135312995e-62
4.083200000000000000e+04 1.229292862096410316e-62
4.096000000000000000e+04 1.229292862096410316e-62
4.108800000000000000e+04 1.229292862096410316e-62
4.121600000000000000e+04 1.229292862096410316e-62
4.134400000000000000e+04 1.229292862096410316e-62
4.147200000000000000e+04 1.229292862096410316e-62
4.160000000000000000e+04 1.162430975680020363e-62
4.172800000000000000e+04 2.822861783537512924e-63
4.185600000000000000e+04 5.334208933351716301e-65
4.198400000000000000e+04 5.334208933351716301e-65
4.211200000000000000e+04 5.334208933351716301e-65
4.224000000000000000e+04 5.334208933351716301e-65
4.236800000000000000e+04 5.334208933351716301e-65
4.249600000000000000e+04 5.334208933351716301e-65
4.262400000000000000e+04 5.334208933351716301e-65
4.275200000000000000e+04 5.334208933351716301e-65
4.288000000000000000e+04 3.383742136948979074e-65
4.300800000000000000e+04 4.342296289826234646e-66
4.313600000000000000e+04 4.342296289826234646e-66
4.326400000000000000e+04 4.342296289826234646e-66
4.339200000000000000e+04 4.342296289826234646e-66
4.352000000000000000e+04 2.299701682749509746e-66
4.364800000000000000e+04 8.748170529369469800e-67
4.377600000000000000e+04 8.748170529369469800e-67
4.390400000000000000e+04 8.748170529369469800e-67
4.403200000000000000e+04 5.088473642854898720e-67
4.416000000000000000e+04 1.209551510779854677e-67
4.428800000000000000e+04 9.749501109408889105e-68
4.441600000000000000e+04 4.177027602637088935e-68
4.454400000000000000e+04 4.177027602637088935e-68
4.467200000000000000e+04 4.177027602637088935e-68
4.480000000000000000e+04 2.001722913420588065e-68
4.492800000000000000e+04 1.937562314174868179e-68
4.505600000000000000e+04 4.613501670628476587e-69
4.518400000000000000e+04 3.297104796402290153e-69
4.531200000000000000e+04 3.375442793561005325e-72
4.544000000000000000e+04 3.375442793561005325e-72
4.556800000000000000e+04 3.375442793561005325e-72
4.569600000000000000e+04 3.375442793561005325e-72
4.582400000000000000e+04 3.375442793561005325e-72
4.595200000000000000e+04 3.375442793561005325e-72
4.608000000000000000e+04 3.375442793561005325e-72
4.620800000000000000e+04 3.375442793561005325e-72
4.633600000000000000e+04 3.375442793561005325e-72
4.646400000000000000e+04 3.375442793561005325e-72
4.659200000000000000e+04 3.375442793561005325e-72
4.672000000000000000e+04 1.529591161322012107e-72
4.684800000000000000e+04 1.529591161322012107e-72
4.697600000000000000e+04 1.529591161322012107e-72
4.710400000000000000e+04 1.529591161322012107e-72
4.723200000000000000e+04 1.529591161322012107e-72
4.736000000000000000e+04 1.529591161322012107e-72
4.748800000000000000e+04 6.823419251831750702e-73
4.761600000000000000e+04 6.823419251831750702e-73
4.774400000000000000e+04 1.364743368457059480e-73
4.787200000000000000e+04 4.687264556500851521e-75
4.800000000000000000e+04 4.687264556500851521e-75
4.812800000000000000e+04 4.687264556500851521e-75
4.825600000000000000e+04 4.687264556500851521e-75
4.838400000000000000e+04 3.397476555449797988e-75
4.851200000000000000e+04 2.873274585015723664e-75
4.864000000000000000e+04 2.873274585015723664e-75
4.876800000000000000e+04 2.873274585015723664e-75
4.889600000000000000e+04 2.873274585015723664e-75
4.902400000000000000e+04 1.540233733495505406e-75
4.915200000000000000e+04 1.151254691301396694e-75
4.928000000000000000e+04 1.151254691301396694e-75
4.940800000000000000e+04 8.290531232290181533e-76
4.953600000000000000e+04 6.554760886645415184e-76
4.966400000000000000e+04 1.865923120231497904e-76
4.979200000000000000e+04 1.389304762226341327e-76
4.992000000000000000e+04 6.567038917360542135e-77
5.004800000000000000e+04 6.567038917360542135e-77
5.017600000000000000e+04 1.103444607349973905e-77
5.030400000000000000e+04 1.103444607349973905e-77
5.043200000000000000e+04 9.146073317593039373e-79
5.056000000000000000e+04 9.146073317593039373e-79
5.068800000000000000e+04 9.146073317593039373e-79
5.081600000000000000e+04 9.146073317593039373e-79
5.094400000000000000e+04 9.146073317593039373e-79
5.107200000000000000e+04 9.146073317593039373e-79
5.120000000000000000e+04 9.146073317593039373e-79
5.132800000000000000e+04 9.146073317593039373e-79
5.145600000000000000e+04 9.146073317593039373e-79
5.158400000000000000e+04 4.906998224202226518e-80
5.171200000000000000e+04 4.906998224202226518e-80
5.184000000000000000e+04 4.906998224202226518e-80
5.196800000000000000e+04 4.906998224202226518e-80
5.209600000000000000e+04 4.906998224202226518e-80
5.222400000000000000e+04 1.869209445052177377e-80
5.235200000000000000e+04 1.393693129621948639e-80
5.248000000000000000e+04 1.393693129621948639e-80
5.260800000000000000e+04 1.393693129621948639e-80
5.273600000000000000e+04 8.304884642430914380e-81
5.286400000000000000e+04 8.304884642430914380e-81
5.299200000000000000e+04 2.768184937673461385e-81
5.312000000000000000e+04 1.502122175270022434e-81
5.324800000000000000e+04 1.061155617116550566e-81
5.337600000000000000e+04 1.226306870088677505e-82
5.350400000000000000e+04 1.068325371613909524e-82
5.363200000000000000e+04 1.068325371613909524e-82
5.376000000000000000e+04 3.291533939005053760e-84
5.388800000000000000e+04 3.291533939005053760e-84
5.401600000000000000e+04 3.291533939005053760e-84
5.414400000000000000e+04 3.291533939005053760e-84
5.427200000000000000e+04 3.291533939005053760e-84
5.440000000000000000e+04 3.291533939005053760e-84
5.452800000000000000e+04 3.291533939005053760e-84
5.465600000000000000e+04 3.291533939005053760e-84
5.478400000000000000e+04 1.071894007085403855e-84
5.491200000000000000e+04 1.071894007085403855e-84
5.504000000000000000e+04 2.024576653746022986e-85
5.516800000000000000e+04 2.024576653746022986e-85
5.529600000000000000e+04 2.024576653746022986e-85
5.542400000000000000e+04 2.024576653746022986e-85
5.555200000000000000e+04 2.024576653746022986e-85
5.568000000000000000e+04 6.267959703576404410e-86
5.580800000000000000e+04 6.267959703576404410e-86
5.593600000000000000e+04 6.267959703576404410e-86
5.606400000000000000e+04 1.701486071724905789e-86
5.619200000000000000e+04 1.701486071724905789e-86
5.632000000000000000e+04 1.305091753786126755e-86
5.644800000000000000e+04 1.305091753786126755e-86
5.657600000000000000e+04 1.305091753786126755e-86
5.670400000000000000e+04 6.187689685940618103e-87
5.683200000000000000e+04 6.018791676071581329e-87
5.696000000000000000e+04 5.655362056139473600e-87
5.708800000000000000e+04 3.465851790154142020e-87
5.721600000000000000e+04 1.101105566463012504e-87
5.734400000000000000e+04 1.101105566463012504e-87
5.747200000000000000e+04 5.322377075073255801e-88
5.760000000000000000e+04 5.322377075073255801e-88
5.772800000000000000e+04 5.322377075073255801e-88
5.785600000000000000e+04 4.303734123419635625e-88
5.798400000000000000e+04 1.438279642092549989e-89
5.811200000000000000e+04 1.438279642092549989e-89
5.824000000000000000e+04 1.438279642092549989e-89
5.836800000000000000e+04 1.438279642092549989e-89
5.849600000000000000e+04 1.438279642092549989e-89
5.862400000000000000e+04 1.438279642092549989e-89
5.875200000000000000e+04 1.130041518261525999e-90
5.888000000000000000e+04 9.902263172732125819e-91
5.900800000000000000e+04 9.902263172732125819e-91
5.913600000000000000e+04 9.902263172732125819e-91
5.926400000000000000e+04 6.126775637717477533e-91
5.939200000000000000e+04 5.563464790237229773e-91
5.952000000000000000e+04 5.563464790237229773e-91
5.964800000000000000e+04 2.314550193619856313e-91
5.977600000000000000e+04 2.314550193619856313e-91
5.990400000000000000e+04 3.438592137084999018e-92
6.003200000000000000e+04 3.438592137084999018e-92
6.016000000000000000e+04 9.886039855138830039e-93
6.028800000000000000e+04 9.886039855138830039e-93
6.041600000000000000e+04 9.886039855138830039e-93
6.054400000000000000e+04 3.739566206801623753e-93
6.067200000000000000e+04 3.739566206801623753e-93
6.080000000000000000e+04 2.667592438876574448e-93
6.092800000000000000e+04 2.667592438876574448e-93
6.105600000000000000e+04 1.703445661515905035e-93
6.118400000000000000e+04 1.703445661515905035e-93
6.131200000000000000e+04 1.703445661515905035e-93
6.144000000000000000e+04 9.854752547555595067e-94
6.156800000000000000e+04 1.290128891228511434e-94
6.169600000000000000e+04 1.290128891228511434e-94
6.182400000000000000e+04 1.290128891228511434e-94
6.195200000000000000e+04 7.417060848954358819e-95
6.208000000000000000e+04 7.417060848954358819e-95
6.220800000000000000e+04 7.417060848954358819e-95
6.233600000000000000e+04 5.059713637271245499e-95
6.246400000000000000e+04 4.723757018563228294e-95
6.259200000000000000e+04 4.723757018563228294e-95
6.272000000000000000e+04 1.883416698902331094e-95
6.284800000000000000e+04 6.644701168680947383e-97
6.297600000000000000e+04 6.644701168680947383e-97
6.310400000000000000e+04 6.644701168680947383e-97
6.323200000000000000e+04 6.644701168680947383e-97
6.336000000000000000e+04 6.644701168680947383e-97
6.348800000000000000e+04 6.644701168680947383e-97
6.361600000000000000e+04 6.644701168680947383e-97
6.374400000000000000e+04 1.541882229968397029e-97
6.387200000000000000e+04 1.541882229968397029e-97
6.400000000000000000e+04 1.213633540449644272e-97
6.412800000000000000e+04 1.213633540449644272e-97
6.425600000000000000e+04 1.053926049728624288e-97
6.438400000000000000e+04 1.053926049728624288e-97
6.451200000000000000e+04 1.227546822004967412e-98
6.464000000000000000e+04 1.227546822004967412e-98
6.476800000000000000e+04 1.227546822004967412e-98
6.489600000000000000e+04 1.114435764778616204e-98
6.502400000000000000e+04 4.894618595543322388e-99
6.515200000000000000e+04 4.290098210887179097e-100
6.528000000000000000e+04 4.290098210887179097e-100
6.540800000000000000e+04 4.290098210887179097e-100
6.553600000000000000e+04 4.290098210887179097e-100
6.566400000000000000e+04 4.290098210887179097e-100
6.579200000000000000e+04 3.675062651646356900e-100
6.592000000000000000e+04 1.922929429318654199e-101
6.604800000000000000e+04 1.922929429318654199e-101
6.617600000000000000e+04 1.922929429318654199e-101
6.630400000000000000e+04 1.922929429318654199e-101
6.643200000000000000e+04 1.922929429318654199e-101
6.656000000000000000e+04 1.922929429318654199e-101
6.668800000000000000e+04 1.922929429318654199e-101
6.681600000000000000e+04 4.739324212665087297e-102
6.694400000000000000e+04 4.739324212665087297e-102
6.707200000000000000e+04 4.739324212665087297e-102
6.720000000000000000e+04 1.879579789592267450e-103
6.732800000000000000e+04 1.879579789592267450e-103
6.745600000000000000e+04 7.479798945954759698e-104
6.758400000000000000e+04 7.479798945954759698e-104
6.771200000000000000e+04 7.479798945954759698e-104
6.784000000000000000e+04 7.479798945954759698e-104
6.796800000000000000e+04 1.447839224132674559e-104
6.809600000000000000e+04 1.447839224132674559e-104
6.822400000000000000e+04 1.447839224132674559e-104
6.835200000000000000e+04 1.447839224132674559e-104
6.848000000000000000e+04 1.447839224132674559e-104
6.860800000000000000e+04 1.447839224132674559e-104
6.873600000000000000e+04 2.379400328645754194e-105
6.886400000000000000e+04 2.379400328645754194e-105
6.899200000000000000e+04 2.379400328645754194e-105
6.912000000000000000e+04 2.379400328645754194e-105
6.924800000000000000e+04 9.367376893295810037e-106
6.937600000000000000e+04 3.269773973316090928e-106
6.950400000000000000e+04 5.554327941899866678e-108
6.963200000000000000e+04 5.554327941899866678e-108
6.976000000000000000e+04 5.554327941899866678e-108
6.988800000000000000e+04 4.077209894487696529e-108
7.001600000000000000e+04 4.077209894487696529e-108
7.014400000000000000e+04 4.077209894487696529e-108
7.027200000000000000e+04 4.077209894487696529e-108
7.040000000000000000e+04 4.077209894487696529e-108
7.052800000000000000e+04 4.077209894487696529e-108
7.065600000000000000e+04 4.077209894487696529e-108
7.078400000000000000e+04 2.153523815264839190e-109
7.091200000000000000e+04 2.153523815264839190e-109
7.104000000000000000e+04 2.153523815264839190e-109
7.116800000000000000e+04 2.153523815264839190e-109
7.129600000000000000e+04 2.153523815264839190e-109
7.142400000000000000e+04 2.153523815264839190e-109
7.155200000000000000e+04 2.153523815264839190e-109
7.168000000000000000e+04 1.503667444746462880e-109
7.180800000000000000e+04 1.503667444746462880e-109
7.193600000000000000e+04 1.503667444746462880e-109
7.206400000000000000e+04 1.503667444746462880e-109
7.219200000000000000e+04 1.503667444746462880e-109
7.232000000000000000e+04 3.603583713631194202e-110
7.244800000000000000e+04 3.603583713631194202e-110
7.257600000000000000e+04 3.603583713631194202e-110
7.270400000000000000e+04 1.373884306912134797e-110
7.283200000000000000e+04 1.373884306912134797e-110
7.296000000000000000e+04 1.356084125678495019e-112
7.308800000000000000e+04 1.356084125678495019e-112
7.321600000000000000e+04 5.299385162739705816e-113
7.334400000000000000e+04 5.299385162739705816e-113
7.347200000000000000e+04 5.299385162739705816e-113
7.360000000000000000e+04 4.945380278723579029e-113
7.372800000000000000e+04 4.945380278723579029e-113
7.385600000000000000e+04 4.945380278723579029e-113
7.398400000000000000e+04 4.945380278723579029e-113
7.411200000000000000e+04 4.945380278723579029e-113
7.424000000000000000e+04 2.385150804784763208e-113
7.436800000000000000e+04 2.385150804784763208e-113
7.449600000000000000e+04 1.241859717225204429e-113
7.462400000000000000e+04 1.241859717225204429e-113
7.475200000000000000e+04 5.439625945393005892e-114
7.488000000000000000e+04 5.439625945393005892e-114
7.500800000000000000e+04 5.439625945393005892e-114
7.513600000000000000e+04 1.198688651481079051e-114
7.526400000000000000e+04 1.198688651481079051e-114
7.539200000000000000e+04 7.622139708709860217e-115
7.552000000000000000e+04 7.622139708709860217e-115
7.564800000000000000e+04 5.653809955766792373e-115
7.577600000000000000e+04 3.032947962976350386e-116
7.590400000000000000e+04 3.032947962976350386e-116
7.603200000000000000e+04 3.032947962976350386e-116
7.616000000000000000e+04 3.032947962976350386e-116
7.628800000000000000e+04 2.107262210796226914e-116
7.641600000000000000e+04 2.107262210796226914e-116
7.654400000000000000e+04 1.389553588561853512e-116
7.667200000000000000e+04 1.076184640050752741e-116
7.680000000000000000e+04 1.076184640050752741e-116
7.692800000000000000e+04 2.687519880591532749e-117
7.705600000000000000e+04 9.064152223363964501e-118
7.718400000000000000e+04 9.064152223363964501e-118
7.731200000000000000e+04 8.652108441592562818e-118
7.744000000000000000e+04 8.652108441592562818e-118
7.756800000000000000e+04 8.652108441592562818e-118
7.769600000000000000e+04 6.111775742360155920e-120
7.782400000000000000e+04 6.111775742360155920e-120
7.795200000000000000e+04 6.111775742360155920e-120
7.808000000000000000e+04 6.111775742360155920e-120
7.820800000000000000e+04 6.111775742360155920e-120
7.833600000000000000e+04 6.111775742360155920e-120
7.846400000000000000e+04 5.576753999930684714e-121
7.859200000000000000e+04 5.576753999930684714e-121
7.872000000000000000e+04 5.576753999930684714e-121
7.884800000000000000e+04 5.576753999930684714e-121
7.897600000000000000e+04 5.576753999930684714e-121
7.910400000000000000e+04 5.576753999930684714e-121
7.923200000000000000e+04 5.576753999930684714e-121
7.936000000000000000e+04 5.576753999930684714e-121
7.948800000000000000e+04 5.576753999930684714e-121
7.961600000000000000e+04 5.576753999930684714e-121
7.974400000000000000e+04 3.709057983359236017e-121
7.987200000000000000e+04 3.709057983359236017e-121
8.000000000000000000e+04 1.258834794397851367e-121
8.012800000000000000e+04 9.710892710525263410e-122
8.025600000000000000e+04 3.915822762541028458e-122
8.038400000000000000e+04 3.915822762541028458e-122
8.051200000000000000e+04 3.915822762541028458e-122
8.064000000000000000e+04 2.317890733148380868e-122
8.076800000000000000e+04 2.406555151435093608e-123
8.089600000000000000e+04 2.406555151435093608e-123
8.102400000000000000e+04 2.406555151435093608e-123
8.115200000000000000e+04 2.406555151435093608e-123
8.128000000000000000e+04 1.244137147068046934e-123
8.140800000000000000e+04 1.244137147068046934e-123
8.153600000000000000e+04 1.244137147068046934e-123
8.166400000000000000e+04 1.244137147068046934e-123
8.179200000000000000e+04 1.809801946132355431e-124
8.192000000000000000e+04 1.116477629050629192e-124
8.204800000000000000e+04 7.679254195870333020e-125
8.217600000000000000e+04 7.679254195870333020e-125
8.230400000000000000e+04 7.679254195870333020e-125
8.243200000000000000e+04 1.625149375461413231e-126
8.256000000000000000e+04 1.625149375461413231e-126
8.268800000000000000e+04 1.625149375461413231e-126
8.281600000000000000e+04 1.625149375461413231e-126
8.294400000000000000e+04 1.625149375461413231e-126
8.307200000000000000e+04 1.625149375461413231e-126
8.320000000000000000e+04 3.311218100932189892e-127
8.332800000000000000e+04 3.311218100932189892e-127
8.345600000000000000e+04 3.311218100932189892e-127
8.358400000000000000e+04 3.311218100932189892e-127
8.371200000000000000e+04 2.792456507827877372e-127
8.384000000000000000e+04 1.292286023337066624e-127
8.396800000000000000e+04 1.292286023337066624e-127
8.409600000000000000e+04 6.817757331681129042e-128
8.422400000000000000e+04 6.767359038572650932e-129
8.435200000000000000e+04 6.767359038572650932e-129
8.448000000000000000e+04 6.767359038572650932e-129
8.460800000000000000e+04 1.384258142602313591e-129
8.473600000000000000e+04 1.384258142602313591e-129
8.486400000000000000e+04 1.384258142602313591e-129
8.499200000000000000e+04 1.384258142602313591e-129
8.512000000000000000e+04 1.384258142602313591e-129
8.524800000000000000e+04 1.384258142602313591e-129
8.537600000000000000e+04 1.384258142602313591e-129
8.550400000000000000e+04 4.081845360477943067e-130
8.563200000000000000e+04 4.081845360477943067e-130
8.576000000000000000e+04 8.507445631331545993e-132
8.588800000000000000e+04 8.507445631331545993e-132
8.601600000000000000e+04 8.507445631331545993e-132
8.614400000000000000e+04 3.391955325399290157e-132
8.627200000000000000e+04 3.391955325399290157e-132
8.640000000000000000e+04 3.391955325399290157e-132
8.652800000000000000e+04 1.682397672920071614e-132
8.665600000000000000e+04 1.682397672920071614e-132
8.678400000000000000e+04 1.682397672920071614e-132
8.691200000000000000e+04 1.046337560969662279e-132
8.704000000000000000e+04 1.046337560969662279e-132
8.716800000000000000e+04 1.046337560969662279e-132
8.729600000000000000e+04 1.046337560969662279e-132
8.742400000000000000e+04 9.710821283369358008e-133
8.755200000000000000e+04 2.682573750628291182e-133
8.768000000000000000e+04 8.759576288201310197e-134
8.780800000000000000e+04 8.759576288201310197e-134
8.793600000000000000e+04 4.532163049287747324e-134
8.806400000000000000e+04 4.532163049287747324e-134
8.819200000000000000e+04 1.055651026816336959e-134
8.832000000000000000e+04 1.055651026816336959e-134
8.844800000000000000e+04 1.055651026816336959e-134
8.857600000000000000e+04 2.527249245252147301e-137
8.870400000000000000e+04 2.527249245252147301e-137
8.883200000000000000e+04 2.527249245252147301e-137
8.896000000000000000e+04 2.527249245252147301e-137
8.908800000000000000e+04 2.527249245252147301e-137
8.921600000000000000e+04 2.527249245252147301e-137
8.934400000000000000e+04 2.527249245252147301e-137
8.947200000000000000e+04 2.527249245252147301e-137
8.960000000000000000e+04 2.527249245252147301e-137
8.972800000000000000e+04 2.527249245252147301e-137
8.985600000000000000e+04 2.527249245252147301e-137
8.998400000000000000e+04 2.527249245252147301e-137
9.011200000000000000e+04 2.527249245252147301e-137
9.024000000000000000e+04 2.527249245252147301e-137
9.036800000000000000e+04 2.527249245252147301e-137
9.049600000000000000e+04 2.527249245252147301e-137
9.062400000000000000e+04 2.407990068439164821e-137
9.075200000000000000e+04 7.886239676187459603e-138
9.088000000000000000e+04 7.102665564769519607e-139
9.100800000000000000e+04 7.102665564769519607e-139
9.113600000000000000e+04 1.022088000322349361e-139
9.126400000000000000e+04 1.022088000322349361e-139
9.139200000000000000e+04 1.022088000322349361e-139
9.152000000000000000e+04 1.022088000322349361e-139
9.164800000000000000e+04 1.022088000322349361e-139
9.177600000000000000e+04 7.116610450902309732e-140
9.190400000000000000e+04 7.116610450902309732e-140
9.203200000000000000e+04 7.116610450902309732e-140
9.216000000000000000e+04 1.097692732622165395e-140
9.228800000000000000e+04 1.097692732622165395e-140
9.241600000000000000e+04 1.097692732622165395e-140
9.254400000000000000e+04 1.097692732622165395e-140
9.267200000000000000e+04 1.044588067958274687e-140
9.280000000000000000e+04 6.328952607504724226e-141
9.292800000000000000e+04 1.686958349903650744e-141
9.305600000000000000e+04 1.686958349903650744e-141
9.318400000000000000e+04 7.531169269376915055e-142
9.331200000000000000e+04 7.531169269376915055e-142
9.344000000000000000e+04 6.073820453214357383e-142
9.356800000000000000e+04 3.328040495722505746e-143
9.369600000000000000e+04 7.678525057678997795e-144
9.382400000000000000e+04 7.678525057678997795e-144
9.395200000000000000e+04 7.678525057678997795e-144
9.408000000000000000e+04 7.678525057678997795e-144
9.420800000000000000e+04 7.678525057678997795e-144
9.433600000000000000e+04 7.678525057678997795e-144
9.446400000000000000e+04 6.569031856500267099e-144
9.459200000000000000e+04 2.452807400707600554e-145
9.472000000000000000e+04 2.452807400707600554e-145
9.484800000000000000e+04 2.452807400707600554e-145
9.497600000000000000e+04 2.848756047154585692e-146
9.510400000000000000e+04 2.848756047154585692e-146
9.523200000000000000e+04 2.848756047154585692e-146
9.536000000000000000e+04 2.848756047154585692e-146
9.548800000000000000e+04 4.495053188740234365e-147
9.561600000000000000e+04 4.495053188740234365e-147
9.574400000000000000e+04 4.495053188740234365e-147
9.587200000000000000e+04 4.495053188740234365e-147
9.600000000000000000e+04 4.495053188740234365e-147
9.612800000000000000e+04 4.495053188740234365e-147
9.625600000000000000e+04 4.495053188740234365e-147
9.638400000000000000e+04 4.495053188740234365e-147
9.651200000000000000e+04 4.495053188740234365e-147
9.664000000000000000e+04 3.038988223710394703e-147
9.676800000000000000e+04 3.038988223710394703e-147
9.689600000000000000e+04 1.389227419613100546e-147
9.702400000000000000e+04 3.170195548993986252e-150
9.715200000000000000e+04 3.170195548993986252e-150
9.728000000000000000e+04 3.170195548993986252e-150
9.740800000000000000e+04 3.170195548993986252e-150
9.753600000000000000e+04 3.170195548993986252e-150
9.766400000000000000e+04 3.170195548993986252e-150
9.779200000000000000e+04 3.170195548993986252e-150
9.792000000000000000e+04 3.170195548993986252e-150
9.804800000000000000e+04 3.170195548993986252e-150
9.817600000000000000e+04 3.170195548993986252e-150
9.830400000000000000e+04 3.170195548993986252e-150
9.843200000000000000e+04 3.170195548993986252e-150
9.856000000000000000e+04 3.170195548993986252e-150
9.868800000000000000e+04 1.555217916689049899e-150
9.881600000000000000e+04 1.555217916689049899e-150
9.894400000000000000e+04 6.500058927557763262e-151
9.907200000000000000e+04 5.534873756955728802e-152
9.920000000000000000e+04 4.526104028540958461e-152
9.932800000000000000e+04 4.526104028540958461e-152
9.945600000000000000e+04 4.526104028540958461e-152
9.958400000000000000e+04 3.572569923767580701e-152
9.971200000000000000e+04 3.572569923767580701e-152
9.984000000000000000e+04 2.469743450035093838e-153
9.996800000000000000e+04 2.469743450035093838e-153
1.000960000000000000e+05 2.469743450035093838e-153
