2.560000000000000000e+02 4.615742793353811990e-01
5.120000000000000000e+02 4.615742793353811990e-01
7.680000000000000000e+02 2.585708512345979981e-01
1.024000000000000000e+03 2.585708512345979981e-01
1.280000000000000000e+03 2.125860951895143236e-01
1.536000000000000000e+03 2.125860951895143236e-01
1.792000000000000000e+03 1.693400003974413481e-01
2.048000000000000000e+03 6.019455701251319978e-03
2.304000000000000000e+03 6.019455701251319978e-03
2.560000000000000000e+03 6.019455701251319978e-03
2.816000000000000000e+03 6.019455701251319978e-03
3.072000000000000000e+03 2.890688424743252487e-03
3.328000000000000000e+03 2.890688424743252487e-03
3.584000000000000000e+03 2.890688424743252487e-03
3.840000000000000000e+03 1.185707440111108402e-03
4.096000000000000000e+03 1.185707440111108402e-03
4.352000000000000000e+03 4.942641749016870017e-04
4.608000000000000000e+03 1.481780646486422100e-04
4.864000000000000000e+03 9.664205322607170346e-05
5.120000000000000000e+03 9.664205322607170346e-05
5.376000000000000000e+03 3.857184898019623716e-05
5.632000000000000000e+03 3.857184898019623716e-05
5.888000000000000000e+03 3.857184898019623716e-05
6.144000000000000000e+03 3.070086824881314514e-05
6.400000000000000000e+03 1.035240042214447102e-05
6.656000000000000000e+03 1.035240042214447102e-05
6.912000000000000000e+03 1.035240042214447102e-05
7.168000000000000000e+03 2.153672042059454761e-06
7.424000000000000000e+03 2.065311999729946267e-06
7.680000000000000000e+03 2.065311999729946267e-06
7.936000000000000000e+03 2.503928546272531933e-08
8.192000000000000000e+03 2.503928546272531933e-08
8.448000000000000000e+03 2.503928546272531933e-08
8.704000000000000000e+03 2.503928546272531933e-08
8.960000000000000000e+03 2.503928546272531933e-08
9.216000000000000000e+03 2.503928546272531933e-08
9.472000000000000000e+03 2.503928546272531933e-08
9.728000000000000000e+03 2.503928546272531933e-08
9.984000000000000000e+03 1.830025521963588838e-08
1.024000000000000000e+04 1.830025521963588838e-08
1.049600000000000000e+04 6.080758011868412847e-09
1.075200000000000000e+04 6.080758011868412847e-09
1.100800000000000000e+04 6.080758011868412847e-09
1.126400000000000000e+04 3.030120720098824072e-10
1.152000000000000000e+04 3.030120720098824072e-10
1.177600000000000000e+04 3.030120720098824072e-10
1.203200000000000000e+04 3.030120720098824072e-10
1.228800000000000000e+04 3.030120720098824072e-10
1.254400000000000000e+04 3.030120720098824072e-10
1.280000000000000000e+04 3.030120720098824072e-10
1.305600000000000000e+04 3.030120720098824072e-10
1.331200000000000000e+04 5.005005443967850668e-11
1.356800000000000000e+04 5.005005443967850668e-11
1.382400000000000000e+04 5.005005443967850668e-11
1.408000000000000000e+04 1.876764349316133941e-11
1.433600000000000000e+04 1.046486140902223696e-11
1.459200000000000000e+04 1.046486140902223696e-11
1.484800000000000000e+04 1.046486140902223696e-11
1.510400000000000000e+04 4.775281180275619104e-12
1.536000000000000000e+04 4.193048024834864338e-13
1.561600000000000000e+04 4.193048024834864338e-13
1.587200000000000000e+04 4.193048024834864338e-13
1.612800000000000000e+04 4.193048024834864338e-13
1.638400000000000000e+04 4.193048024834864338e-13
1.664000000000000000e+04 4.193048024834864338e-13
1.689600000000000000e+04 3.126118549144896421e-14
1.715200000000000000e+04 3.126118549144896421e-14
1.740800000000000000e+04 3.126118549144896421e-14
1.766400000000000000e+04 3.126118549144896421e-14
1.792000000000000000e+04 3.126118549144896421e-14
1.817600000000000000e+04 3.126118549144896421e-14
1.843200000000000000e+04 2.141899599153750676e-14
1.868800000000000000e+04 1.201649153953887556e-14
1.894400000000000000e+04 1.201649153953887556e-14
1.920000000000000000e+04 1.201649153953887556e-14
1.945600000000000000e+04 7.789490258508665992e-16
1.971200000000000000e+04 7.789490258508665992e-16
1.996800000000000000e+04 8.572798944468131077e-17
2.022400000000000000e+04 8.572798944468131077e-17
2.048000000000000000e+04 8.572798944468131077e-17
2.073600000000000000e+04 8.572798944468131077e-17
2.099200000000000000e+04 8.572798944468131077e-17
2.124800000000000000e+04 8.572798944468131077e-17
2.150400000000000000e+04 8.572798944468131077e-17
2.176000000000000000e+04 8.572798944468131077e-17
2.201600000000000000e+04 8.572798944468131077e-17
2.227200000000000000e+04 8.572798944468131077e-17
2.252800000000000000e+04 4.423183447381776662e-17
2.278400000000000000e+04 3.042424779921226293e-17
2.304000000000000000e+04 3.042424779921226293e-17
2.329600000000000000e+04 2.058980764396261297e-17
2.355200000000000000e+04 2.058980764396261297e-17
2.380800000000000000e+04 2.058980764396261297e-17
2.406400000000000000e+04 1.304767565432369479e-17
2.432000000000000000e+04 1.447486161113957905e-18
2.457600000000000000e+04 1.447486161113957905e-18
2.483200000000000000e+04 7.018060121355866157e-19
2.508800000000000000e+04 7.018060121355866157e-19
2.534400000000000000e+04 4.467767905727886309e-19
2.560000000000000000e+04 4.467767905727886309e-19
2.585600000000000000e+04 4.749531723369777780e-20
2.611200000000000000e+04 4.749531723369777780e-20
2.636800000000000000e+04 4.749531723369777780e-20
2.662400000000000000e+04 4.749531723369777780e-20
2.688000000000000000e+04 2.106902571739862226e-20
2.713600000000000000e+04 2.106902571739862226e-20
2.739200000000000000e+04 2.106902571739862226e-20
2.764800000000000000e+04 2.106902571739862226e-20
2.790400000000000000e+04 9.916203816875042739e-21
2.816000000000000000e+04 1.576453291707625401e-21
2.841600000000000000e+04 1.576453291707625401e-21
2.867200000000000000e+04 1.576453291707625401e-21
2.892800000000000000e+04 1.576453291707625401e-21
2.918400000000000000e+04 1.072026577779408583e-21
2.944000000000000000e+04 5.232720995065418015e-22
2.969600000000000000e+04 8.652635153994672402e-23
2.995200000000000000e+04 1.549415119323329175e-24
3.020800000000000000e+04 1.549415119323329175e-24
3.046400000000000000e+04 1.549415119323329175e-24
3.072000000000000000e+04 1.549415119323329175e-24
3.097600000000000000e+04 1.549415119323329175e-24
3.123200000000000000e+04 1.549415119323329175e-24
3.148800000000000000e+04 1.549415119323329175e-24
3.174400000000000000e+04 1.549415119323329175e-24
3.200000000000000000e+04 1.549415119323329175e-24
3.225600000000000000e+04 1.549415119323329175e-24
3.251200000000000000e+04 1.549415119323329175e-24
3.276800000000000000e+04 1.549415119323329175e-24
3.302400000000000000e+04 1.549415119323329175e-24
3.328000000000000000e+04 7.233936908973514832e-25
3.353600000000000000e+04 7.233936908973514832e-25
3.379200000000000000e+04 2.244803073803394943e-25
3.404800000000000000e+04 2.244803073803394943e-25
3.430400000000000000e+04 2.244803073803394943e-25
3.456000000000000000e+04 2.244803073803394943e-25
3.481600000000000000e+04 1.041394411316156228e-25
3.507200000000000000e+04 1.041394411316156228e-25
3.532800000000000000e+04 4.706794964519186507e-26
3.558400000000000000e+04 2.141399733562099262e-26
3.584000000000000000e+04 1.752811855732882199e-26
3.609600000000000000e+04 1.059437141602857021e-26
3.635200000000000000e+04 4.850647722420016956e-27
3.660800000000000000e+04 4.850647722420016956e-27
3.686400000000000000e+04 4.850647722420016956e-27
3.712000000000000000e+04 8.742784606382351984e-28
3.737600000000000000e+04 8.742784606382351984e-28
3.763200000000000000e+04 2.868225059232366079e-28
3.788800000000000000e+04 2.868225059232366079e-28
3.814400000000000000e+04 2.868225059232366079e-28
3.840000000000000000e+04 2.868225059232366079e-28
3.865600000000000000e+04 2.562484861130205459e-28
3.891200000000000000e+04 8.507330875512692514e-29
3.916800000000000000e+04 8.507330875512692514e-29
3.942400000000000000e+04 1.173863696326906041e-29
3.968000000000000000e+04 1.173863696326906041e-29
3.993600000000000000e+04 5.786084572238082431e-30
4.019200000000000000e+04 2.301081766857740058e-30
4.044800000000000000e+04 2.301081766857740058e-30
4.070400000000000000e+04 2.301081766857740058e-30
4.096000000000000000e+04 1.584220849351779956e-30
4.121600000000000000e+04 6.292523238001033000e-31
4.147200000000000000e+04 6.292523238001033000e-31
4.172800000000000000e+04 6.292523238001033000e-31
4.198400000000000000e+04 2.780915966928764016e-31
4.224000000000000000e+04 2.780915966928764016e-31
4.249600000000000000e+04 2.780915966928764016e-31
4.275200000000000000e+04 1.062663359953681826e-31
4.300800000000000000e+04 1.062663359953681826e-31
4.326400000000000000e+04 7.200080140038370460e-32
4.352000000000000000e+04 1.579568147897884763e-32
4.377600000000000000e+04 1.579568147897884763e-32
4.403200000000000000e+04 1.579568147897884763e-32
4.428800000000000000e+04 1.579568147897884763e-32
4.454400000000000000e+04 1.579568147897884763e-32
4.480000000000000000e+04 1.579568147897884763e-32
4.505600000000000000e+04 7.127116822168501098e-33
4.531200000000000000e+04 5.760104624973790960e-33
4.556800000000000000e+04 2.710591092829424246e-33
4.582400000000000000e+04 2.582474683592263120e-33
4.608000000000000000e+04 1.084794376679848957e-33
4.633600000000000000e+04 8.401523774796679387e-34
4.659200000000000000e+04 3.614832779144373469e-34
4.684800000000000000e+04 7.758742215775062537e-35
4.710400000000000000e+04 7.758742215775062537e-35
4.736000000000000000e+04 7.758742215775062537e-35
4.761600000000000000e+04 4.394288938829416937e-35
4.787200000000000000e+04 4.394288938829416937e-35
4.812800000000000000e+04 2.927156855355045912e-35
4.838400000000000000e+04 3.166249728528961094e-37
4.864000000000000000e+04 3.166249728528961094e-37
4.889600000000000000e+04 3.166249728528961094e-37
4.915200000000000000e+04 3.166249728528961094e-37
4.940800000000000000e+04 3.166249728528961094e-37
4.966400000000000000e+04 3.166249728528961094e-37
4.992000000000000000e+04 3.166249728528961094e-37
5.017600000000000000e+04 3.166249728528961094e-37
5.043200000000000000e+04 1.388508872249392463e-37
5.068800000000000000e+04 1.382797338038135414e-37
5.094400000000000000e+04 1.382797338038135414e-37
5.120000000000000000e+04 4.051583437236676488e-38
5.145600000000000000e+04 2.339956382415357528e-38
5.171200000000000000e+04 2.339956382415357528e-38
5.196800000000000000e+04 2.339956382415357528e-38
5.222400000000000000e+04 2.339956382415357528e-38
5.248000000000000000e+04 2.339956382415357528e-38
5.273600000000000000e+04 1.152892375421697826e-38
5.299200000000000000e+04 1.793302635527325729e-39
5.324800000000000000e+04 1.793302635527325729e-39
5.350400000000000000e+04 1.793302635527325729e-39
5.376000000000000000e+04 1.793302635527325729e-39
5.401600000000000000e+04 1.793302635527325729e-39
5.427200000000000000e+04 4.593674461524457986e-40
5.452800000000000000e+04 4.593674461524457986e-40
5.478400000000000000e+04 2.061332527389615278e-40
5.504000000000000000e+04 1.212829077187301800e-40
5.529600000000000000e+04 1.212829077187301800e-40
5.555200000000000000e+04 1.212829077187301800e-40
5.580800000000000000e+04 4.429135470585632895e-41
5.606400000000000000e+04 4.429135470585632895e-41
5.632000000000000000e+04 4.429135470585632895e-41
5.657600000000000000e+04 2.329445924368998628e-42
5.683200000000000000e+04 4.966228070318886609e-43
5.708800000000000000e+04 4.966228070318886609e-43
5.734400000000000000e+04 4.817753550814312615e-43
5.760000000000000000e+04 4.817753550814312615e-43
5.785600000000000000e+04 4.817753550814312615e-43
5.811200000000000000e+04 4.817753550814312615e-43
5.836800000000000000e+04 4.817753550814312615e-43
5.862400000000000000e+04 4.817753550814312615e-43
5.888000000000000000e+04 2.498242794070023157e-43
5.913600000000000000e+04 2.498242794070023157e-43
5.939200000000000000e+04 5.104878890054885781e-44
5.964800000000000000e+04 5.104878890054885781e-44
5.990400000000000000e+04 2.998016528965038601e-44
6.016000000000000000e+04 2.998016528965038601e-44
6.041600000000000000e+04 1.711589813514140924e-45
6.067200000000000000e+04 1.711589813514140924e-45
6.092800000000000000e+04 1.711589813514140924e-45
6.118400000000000000e+04 1.711589813514140924e-45
6.144000000000000000e+04 1.711589813514140924e-45
6.169600000000000000e+04 1.230874252609310952e-45
6.195200000000000000e+04 1.230874252609310952e-45
6.220800000000000000e+04 1.230874252609310952e-45
6.246400000000000000e+04 1.491989280992979145e-46
6.272000000000000000e+04 1.491989280992979145e-46
6.297600000000000000e+04 1.491989280992979145e-46
6.323200000000000000e+04 4.812398967545544861e-47
6.348800000000000000e+04 4.248986822513590742e-47
6.374400000000000000e+04 4.248986822513590742e-47
6.400000000000000000e+04 8.355468571837689848e-49
6.425600000000000000e+04 8.355468571837689848e-49
6.451200000000000000e+04 5.967927773213384538e-49
6.476800000000000000e+04 5.967927773213384538e-49
6.502400000000000000e+04 5.967927773213384538e-49
6.528000000000000000e+04 5.967927773213384538e-49
6.553600000000000000e+04 5.967927773213384538e-49
6.579200000000000000e+04 4.434562959442270832e-49
6.604800000000000000e+04 4.434562959442270832e-49
6.630400000000000000e+04 4.434562959442270832e-49
6.656000000000000000e+04 4.434562959442270832e-49
6.681600000000000000e+04 2.086647535061747297e-49
6.707200000000000000e+04 1.002267194969771039e-49
6.732800000000000000e+04 1.002267194969771039e-49
6.758400000000000000e+04 1.002267194969771039e-49
6.784000000000000000e+04 1.382888013804719076e-51
6.809600000000000000e+04 1.382888013804719076e-51
6.835200000000000000e+04 1.382888013804719076e-51
6.860800000000000000e+04 1.382888013804719076e-51
6.886400000000000000e+04 1.161877123490179012e-51
6.912000000000000000e+04 1.161877123490179012e-51
6.937600000000000000e+04 1.161877123490179012e-51
6.963200000000000000e+04 1.161877123490179012e-51
6.988800000000000000e+04 1.161877123490179012e-51
7.014400000000000000e+04 8.394969133949710850e-52
7.040000000000000000e+04 2.756454707646366511e-52
7.065600000000000000e+04 1.317531166624941283e-52
7.091200000000000000e+04 5.238638182357480797e-53
7.116800000000000000e+04 4.824945036097299942e-53
7.142400000000000000e+04 4.824945036097299942e-53
7.168000000000000000e+04 2.586000455153215694e-53
7.193600000000000000e+04 2.586000455153215694e-53
7.219200000000000000e+04 1.622847517357225391e-53
7.244800000000000000e+04 2.427752557931603930e-54
7.270400000000000000e+04 2.427752557931603930e-54
7.296000000000000000e+04 1.524883057520028232e-54
7.321600000000000000e+04 7.404282809107893885e-55
7.347200000000000000e+04 5.951134263613328757e-56
7.372800000000000000e+04 5.951134263613328757e-56
7.398400000000000000e+04 5.951134263613328757e-56
7.424000000000000000e+04 5.951134263613328757e-56
7.449600000000000000e+04 5.951134263613328757e-56
7.475200000000000000e+04 5.951134263613328757e-56
7.500800000000000000e+04 5.951134263613328757e-56
7.526400000000000000e+04 5.397193662256152030e-56
7.552000000000000000e+04 5.397193662256152030e-56
7.577600000000000000e+04 5.397193662256152030e-56
7.603200000000000000e+04 5.397193662256152030e-56
7.628800000000000000e+04 1.269567515592938575e-56
7.654400000000000000e+04 1.020816375163428254e-56
7.680000000000000000e+04 2.262738140225150007e-57
7.705600000000000000e+04 2.262738140225150007e-57
7.731200000000000000e+04 2.262738140225150007e-57
7.756800000000000000e+04 2.262738140225150007e-57
7.782400000000000000e+04 1.936139709710439426e-57
7.808000000000000000e+04 1.107254860617098616e-57
7.833600000000000000e+04 4.575240627685316255e-58
7.859200000000000000e+04 4.575240627685316255e-58
7.884800000000000000e+04 6.550346262546590303e-59
7.910400000000000000e+04 2.315727824542417586e-59
7.936000000000000000e+04 2.315727824542417586e-59
7.961600000000000000e+04 2.315727824542417586e-59
7.987200000000000000e+04 1.891074761345394845e-59
8.012800000000000000e+04 1.897869883390742556e-60
8.038400000000000000e+04 1.025706162528699486e-60
8.064000000000000000e+04 1.025706162528699486e-60
8.089600000000000000e+04 1.025706162528699486e-60
8.115200000000000000e+04 1.020680773348903327e-61
8.140800000000000000e+04 1.020680773348903327e-61
8.166400000000000000e+04 1.020680773348903327e-61
8.192000000000000000e+04 1.020680773348903327e-61
8.217600000000000000e+04 1.020680773348903327e-61
8.243200000000000000e+04 1.020680773348903327e-61
8.268800000000000000e+04 1.020680773348903327e-61
8.294400000000000000e+04 7.070916945932612825e-62
8.320000000000000000e+04 7.070916945932612825e-62
8.345600000000000000e+04 1.941900614051942136e-62
8.371200000000000000e+04 1.941900614051942136e-62
8.396800000000000000e+04 7.670248649089133996e-63
8.422400000000000000e+04 7.670248649089133996e-63
8.448000000000000000e+04 7.670248649089133996e-63
8.473600000000000000e+04 7.670248649089133996e-63
8.499200000000000000e+04 2.636304750931317394e-63
8.524800000000000000e+04 3.496814229252240635e-64
8.550400000000000000e+04 3.496814229252240635e-64
8.576000000000000000e+04 5.133850851820616331e-65
8.601600000000000000e+04 5.133850851820616331e-65
8.627200000000000000e+04 5.133850851820616331e-65
8.652800000000000000e+04 5.133850851820616331e-65
8.678400000000000000e+04 5.133850851820616331e-65
8.704000000000000000e+04 5.133850851820616331e-65
8.729600000000000000e+04 5.133850851820616331e-65
8.755200000000000000e+04 6.851839326070378690e-66
8.780800000000000000e+04 6.851839326070378690e-66
8.806400000000000000e+04 5.883559391445097495e-66
8.832000000000000000e+04 2.564026485370496965e-66
8.857600000000000000e+04 2.564026485370496965e-66
8.883200000000000000e+04 2.564026485370496965e-66
8.908800000000000000e+04 2.564026485370496965e-66
8.934400000000000000e+04 2.564026485370496965e-66
8.960000000000000000e+04 8.163703534553241730e-67
8.985600000000000000e+04 3.586676841029179876e-67
9.011200000000000000e+04 1.246047414523627753e-67
9.036800000000000000e+04 1.246047414523627753e-67
9.062400000000000000e+04 3.959494877414047612e-68
9.088000000000000000e+04 3.959494877414047612e-68
9.113600000000000000e+04 3.959494877414047612e-68
9.139200000000000000e+04 3.959494877414047612e-68
9.164800000000000000e+04 2.773946179559910154e-68
9.190400000000000000e+04 5.435211780779349966e-69
9.216000000000000000e+04 5.435211780779349966e-69
9.241600000000000000e+04 2.216577239838578256e-69
9.267200000000000000e+04 2.216577239838578256e-69
9.292800000000000000e+04 7.410370065948601150e-71
9.318400000000000000e+04 7.410370065948601150e-71
9.344000000000000000e+04 7.410370065948601150e-71
9.369600000000000000e+04 7.410370065948601150e-71
9.395200000000000000e+04 7.410370065948601150e-71
9.420800000000000000e+04 7.410370065948601150e-71
9.446400000000000000e+04 7.410370065948601150e-71
9.472000000000000000e+04 3.185366470286419053e-71
9.497600000000000000e+04 3.185366470286419053e-71
9.523200000000000000e+04 2.786791485629548736e-71
9.548800000000000000e+04 2.786791485629548736e-71
9.574400000000000000e+04 1.181300718267375798e-71
9.600000000000000000e+04 1.181300718267375798e-71
9.625600000000000000e+04 1.181300718267375798e-71
9.651200000000000000e+04 5.812719060644359023e-72
9.676800000000000000e+04 5.812719060644359023e-72
9.702400000000000000e+04 3.771233290824575077e-73
9.728000000000000000e+04 3.771233290824575077e-73
9.753600000000000000e+04 3.771233290824575077e-73
9.779200000000000000e+04 3.771233290824575077e-73
9.804800000000000000e+04 3.771233290824575077e-73
9.830400000000000000e+04 5.106145195766107902e-74
9.856000000000000000e+04 5.106145195766107902e-74
9.881600000000000000e+04 5.106145195766107902e-74
9.907200000000000000e+04 5.106145195766107902e-74
9.932800000000000000e+04 2.611503720283173998e-75
9.958400000000000000e+04 2.611503720283173998e-75
9.984000000000000000e+04 2.611503720283173998e-75
1.000960000000000000e+05 2.611503720283173998e-75
