2.560000000000000000e+02 2.840999096943631549e-02
5.120000000000000000e+02 2.840999096943631549e-02
7.680000000000000000e+02 2.840999096943631549e-02
1.024000000000000000e+03 2.840999096943631549e-02
1.280000000000000000e+03 2.840999096943631549e-02
1.536000000000000000e+03 2.840999096943631549e-02
1.792000000000000000e+03 2.840999096943631549e-02
2.048000000000000000e+03 2.840999096943631549e-02
2.304000000000000000e+03 1.689032672661491472e-02
2.560000000000000000e+03 1.689032672661491472e-02
2.816000000000000000e+03 7.472732088494554725e-03
3.072000000000000000e+03 2.882893942645352759e-05
3.328000000000000000e+03 2.882893942645352759e-05
3.584000000000000000e+03 2.882893942645352759e-05
3.840000000000000000e+03 2.882893942645352759e-05
4.096000000000000000e+03 2.882893942645352759e-05
4.352000000000000000e+03 2.882893942645352759e-05
4.608000000000000000e+03 2.882893942645352759e-05
4.864000000000000000e+03 2.882893942645352759e-05
5.120000000000000000e+03 9.554541433773122984e-06
5.376000000000000000e+03 9.554541433773122984e-06
5.632000000000000000e+03 9.554541433773122984e-06
5.888000000000000000e+03 9.554541433773122984e-06
6.144000000000000000e+03 9.554541433773122984e-06
6.400000000000000000e+03 9.554541433773122984e-06
6.656000000000000000e+03 8.897933001146947230e-06
6.912000000000000000e+03 1.984994778350577576e-06
7.168000000000000000e+03 1.984994778350577576e-06
7.424000000000000000e+03 1.984994778350577576e-06
7.680000000000000000e+03 1.984994778350577576e-06
7.936000000000000000e+03 1.984994778350577576e-06
8.192000000000000000e+03 1.483558825222054509e-07
8.448000000000000000e+03 1.483558825222054509e-07
8.704000000000000000e+03 1.483558825222054509e-07
8.960000000000000000e+03 1.483558825222054509e-07
9.216000000000000000e+03 1.483558825222054509e-07
9.472000000000000000e+03 1.483558825222054509e-07
9.728000000000000000e+03 1.037707284315453162e-07
9.984000000000000000e+03 1.790998567014234997e-08
1.024000000000000000e+04 1.790998567014234997e-08
1.049600000000000000e+04 8.604005114754541806e-09
1.075200000000000000e+04 3.629295987211473645e-09
1.100800000000000000e+04 3.629295987211473645e-09
1.126400000000000000e+04 3.629295987211473645e-09
1.152000000000000000e+04 9.602483917129985405e-10
1.177600000000000000e+04 9.602483917129985405e-10
1.203200000000000000e+04 9.602483917129985405e-10
1.228800000000000000e+04 9.602483917129985405e-10
1.254400000000000000e+04 3.410644041540447393e-11
1.280000000000000000e+04 3.410644041540447393e-11
1.305600000000000000e+04 3.410644041540447393e-11
1.331200000000000000e+04 3.410644041540447393e-11
1.356800000000000000e+04 3.410644041540447393e-11
1.382400000000000000e+04 1.125893481336623452e-11
1.408000000000000000e+04 1.125893481336623452e-11
1.433600000000000000e+04 2.030597822334868705e-12
1.459200000000000000e+04 2.030597822334868705e-12
1.484800000000000000e+04 2.030597822334868705e-12
1.510400000000000000e+04 2.030597822334868705e-12
1.536000000000000000e+04 1.424141131675598940e-13
1.561600000000000000e+04 1.424141131675598940e-13
1.587200000000000000e+04 1.139051018583837177e-13
1.612800000000000000e+04 1.139051018583837177e-13
1.638400000000000000e+04 1.139051018583837177e-13
1.664000000000000000e+04 1.139051018583837177e-13
1.689600000000000000e+04 1.139051018583837177e-13
1.715200000000000000e+04 1.139051018583837177e-13
1.740800000000000000e+04 1.139051018583837177e-13
1.766400000000000000e+04 1.139051018583837177e-13
1.792000000000000000e+04 1.139051018583837177e-13
1.817600000000000000e+04 8.768132775100446057e-14
1.843200000000000000e+04 3.070608238111975113e-14
1.868800000000000000e+04 1.751184850120509650e-14
1.894400000000000000e+04 1.751184850120509650e-14
1.920000000000000000e+04 1.751184850120509650e-14
1.945600000000000000e+04 5.850706796072809566e-15
1.971200000000000000e+04 5.850706796072809566e-15
1.996800000000000000e+04 2.419006039233686080e-15
2.022400000000000000e+04 2.419006039233686080e-15
2.048000000000000000e+04 4.868615492770516813e-16
2.073600000000000000e+04 4.868615492770516813e-16
2.099200000000000000e+04 2.403823249509127837e-17
2.124800000000000000e+04 2.403823249509127837e-17
2.150400000000000000e+04 2.403823249509127837e-17
2.176000000000000000e+04 2.403823249509127837e-17
2.201600000000000000e+04 2.403823249509127837e-17
2.227200000000000000e+04 2.403823249509127837e-17
2.252800000000000000e+04 1.606645013308492050e-17
2.278400000000000000e+04 8.508832214246725846e-18
2.304000000000000000e+04 8.508832214246725846e-18
2.329600000000000000e+04 2.779723822138076008e-18
2.355200000000000000e+04 2.779723822138076008e-18
2.380800000000000000e+04 2.779723822138076008e-18
2.406400000000000000e+04 1.614353592164658375e-18
2.432000000000000000e+04 1.614353592164658375e-18
2.457600000000000000e+04 8.268911318716843437e-19
2.483200000000000000e+04 5.358437831470767460e-19
2.508800000000000000e+04 5.358437831470767460e-19
2.534400000000000000e+04 4.814505129521046857e-19
2.560000000000000000e+04 7.657830817162951973e-20
2.585600000000000000e+04 7.657830817162951973e-20
2.611200000000000000e+04 7.657830817162951973e-20
2.636800000000000000e+04 7.657830817162951973e-20
2.662400000000000000e+04 5.179406933435151195e-20
2.688000000000000000e+04 5.062148894322583224e-20
2.713600000000000000e+04 1.519711254367039504e-20
2.739200000000000000e+04 1.519711254367039504e-20
2.764800000000000000e+04 1.437760016784680901e-20
2.790400000000000000e+04 2.553684954087885536e-22
2.816000000000000000e+04 2.553684954087885536e-22
2.841600000000000000e+04 2.553684954087885536e-22
2.867200000000000000e+04 2.553684954087885536e-22
2.892800000000000000e+04 2.553684954087885536e-22
2.918400000000000000e+04 2.553684954087885536e-22
2.944000000000000000e+04 2.023926092256426048e-22
2.969600000000000000e+04 1.026004625604656448e-23
2.995200000000000000e+04 1.026004625604656448e-23
3.020800000000000000e+04 1.026004625604656448e-23
3.046400000000000000e+04 1.026004625604656448e-23
3.072000000000000000e+04 1.026004625604656448e-23
3.097600000000000000e+04 1.026004625604656448e-23
3.123200000000000000e+04 5.948389443392252115e-24
3.148800000000000000e+04 3.184474128343723928e-24
3.174400000000000000e+04 3.184474128343723928e-24
3.200000000000000000e+04 1.762883062157034994e-24
3.225600000000000000e+04 1.118059668683769406e-24
3.251200000000000000e+04 1.118059668683769406e-24
3.276800000000000000e+04 1.118059668683769406e-24
3.302400000000000000e+04 3.177171824001000061e-25
3.328000000000000000e+04 3.177171824001000061e-25
3.353600000000000000e+04 3.177171824001000061e-25
3.379200000000000000e+04 3.177171824001000061e-25
3.404800000000000000e+04 7.562669066658898973e-26
3.430400000000000000e+04 7.562669066658898973e-26
3.456000000000000000e+04 7.562669066658898973e-26
3.481600000000000000e+04 4.491296467492332404e-26
3.507200000000000000e+04 1.145835127760223386e-26
3.532800000000000000e+04 4.460221785343462454e-27
3.558400000000000000e+04 2.358224935614622293e-27
3.584000000000000000e+04 2.358224935614622293e-27
3.609600000000000000e+04 2.358224935614622293e-27
3.635200000000000000e+04 2.358224935614622293e-27
3.660800000000000000e+04 2.358224935614622293e-27
3.686400000000000000e+04 2.358224935614622293e-27
3.712000000000000000e+04 4.706582688297601090e-28
3.737600000000000000e+04 4.706582688297601090e-28
3.763200000000000000e+04 4.706582688297601090e-28
3.788800000000000000e+04 2.071156162339129768e-28
3.814400000000000000e+04 1.540549789381380323e-28
3.840000000000000000e+04 1.540549789381380323e-28
3.865600000000000000e+04 1.540549789381380323e-28
3.891200000000000000e+04 2.188910704178847507e-29
3.916800000000000000e+04 2.188910704178847507e-29
3.942400000000000000e+04 1.012779050675283784e-29
3.968000000000000000e+04 1.012779050675283784e-29
3.993600000000000000e+04 1.012779050675283784e-29
4.019200000000000000e+04 1.069258670823668094e-30
4.044800000000000000e+04 1.069258670823668094e-30
4.070400000000000000e+04 1.069258670823668094e-30
4.096000000000000000e+04 1.069258670823668094e-30
4.121600000000000000e+04 1.069258670823668094e-30
4.147200000000000000e+04 1.069258670823668094e-30
4.172800000000000000e+04 1.069258670823668094e-30
4.198400000000000000e+04 2.351265048168986604e-31
4.224000000000000000e+04 1.858754821594113045e-31
4.249600000000000000e+04 1.858754821594113045e-31
4.275200000000000000e+04 1.343735252675992072e-31
4.300800000000000000e+04 4.408440545629407159e-32
4.326400000000000000e+04 4.408440545629407159e-32
4.352000000000000000e+04 3.605689381564019734e-32
4.377600000000000000e+04 3.605689381564019734e-32
4.403200000000000000e+04 1.810338451923938641e-32
4.428800000000000000e+04 4.552634832591722816e-33
4.454400000000000000e+04 4.552634832591722816e-33
4.480000000000000000e+04 1.778609577446057900e-33
4.505600000000000000e+04 1.778609577446057900e-33
4.531200000000000000e+04 1.687472005686141485e-33
4.556800000000000000e+04 1.402289891136562020e-33
4.582400000000000000e+04 4.672825563107985171e-35
4.608000000000000000e+04 4.672825563107985171e-35
4.633600000000000000e+04 4.672825563107985171e-35
4.659200000000000000e+04 4.672825563107985171e-35
4.684800000000000000e+04 4.672825563107985171e-35
4.710400000000000000e+04 4.525083971644201113e-35
4.736000000000000000e+04 4.428122991850319613e-35
4.761600000000000000e+04 4.428122991850319613e-35
4.787200000000000000e+04 1.938517166694652076e-36
4.812800000000000000e+04 1.938517166694652076e-36
4.838400000000000000e+04 7.511862269186323737e-37
4.864000000000000000e+04 7.511862269186323737e-37
4.889600000000000000e+04 7.511862269186323737e-37
4.915200000000000000e+04 7.511862269186323737e-37
4.940800000000000000e+04 7.511862269186323737e-37
4.966400000000000000e+04 7.511862269186323737e-37
4.992000000000000000e+04 7.511862269186323737e-37
5.017600000000000000e+04 1.686937010657134387e-37
5.043200000000000000e+04 4.390537989450959233e-38
5.068800000000000000e+04 4.390537989450959233e-38
5.094400000000000000e+04 2.095770831112898223e-40
5.120000000000000000e+04 2.095770831112898223e-40
5.145600000000000000e+04 2.095770831112898223e-40
5.171200000000000000e+04 2.095770831112898223e-40
5.196800000000000000e+04 2.095770831112898223e-40
5.222400000000000000e+04 2.095770831112898223e-40
5.248000000000000000e+04 2.095770831112898223e-40
5.273600000000000000e+04 2.095770831112898223e-40
5.299200000000000000e+04 2.095770831112898223e-40
5.324800000000000000e+04 2.095770831112898223e-40
5.350400000000000000e+04 2.095770831112898223e-40
5.376000000000000000e+04 2.095770831112898223e-40
5.401600000000000000e+04 2.095770831112898223e-40
5.427200000000000000e+04 2.095770831112898223e-40
5.452800000000000000e+04 1.513878965074604317e-40
5.478400000000000000e+04 1.513878965074604317e-40
5.504000000000000000e+04 1.397647878905159872e-40
5.529600000000000000e+04 1.397647878905159872e-40
5.555200000000000000e+04 1.397647878905159872e-40
5.580800000000000000e+04 9.677537279652898041e-42
5.606400000000000000e+04 9.677537279652898041e-42
5.632000000000000000e+04 9.677537279652898041e-42
5.657600000000000000e+04 9.362431469309895429e-42
5.683200000000000000e+04 9.362431469309895429e-42
5.708800000000000000e+04 9.362431469309895429e-42
5.734400000000000000e+04 8.399815216922534240e-42
5.760000000000000000e+04 4.843301624060102704e-42
5.785600000000000000e+04 1.577313993693034038e-42
5.811200000000000000e+04 1.577313993693034038e-42
5.836800000000000000e+04 9.194367226581279084e-43
5.862400000000000000e+04 9.194367226581279084e-43
5.888000000000000000e+04 1.747196558160749875e-43
5.913600000000000000e+04 1.747196558160749875e-43
5.939200000000000000e+04 1.747196558160749875e-43
5.964800000000000000e+04 3.666849583342535399e-44
5.990400000000000000e+04 3.666849583342535399e-44
6.016000000000000000e+04 1.404485677285761160e-44
6.041600000000000000e+04 1.404485677285761160e-44
6.067200000000000000e+04 1.404485677285761160e-44
6.092800000000000000e+04 1.404485677285761160e-44
6.118400000000000000e+04 5.472541792700413466e-45
6.144000000000000000e+04 2.812334929302839134e-45
6.169600000000000000e+04 2.812334929302839134e-45
6.195200000000000000e+04 1.674422828117412018e-45
6.220800000000000000e+04 1.674422828117412018e-45
6.246400000000000000e+04 5.199383024431982462e-46
6.272000000000000000e+04 5.199383024431982462e-46
6.297600000000000000e+04 1.012736985800784726e-46
6.323200000000000000e+04 8.612630634929883212e-47
6.348800000000000000e+04 8.612630634929883212e-47
6.374400000000000000e+04 8.612630634929883212e-47
6.400000000000000000e+04 1.591507428227912831e-47
6.425600000000000000e+04 1.591507428227912831e-47
6.451200000000000000e+04 1.435933891792899701e-47
6.476800000000000000e+04 1.040269916698425781e-47
6.502400000000000000e+04 1.040269916698425781e-47
6.528000000000000000e+04 6.795590194753959511e-49
6.553600000000000000e+04 3.450004209409084184e-49
6.579200000000000000e+04 3.450004209409084184e-49
6.604800000000000000e+04 3.450004209409084184e-49
6.630400000000000000e+04 3.450004209409084184e-49
6.656000000000000000e+04 1.135753797389187141e-49
6.681600000000000000e+04 1.135753797389187141e-49
6.707200000000000000e+04 1.135753797389187141e-49
6.732800000000000000e+04 1.135753797389187141e-49
6.758400000000000000e+04 7.127792500596704315e-50
6.784000000000000000e+04 3.329211997577079042e-50
6.809600000000000000e+04 6.898952401569810985e-51
6.835200000000000000e+04 6.898952401569810985e-51
6.860800000000000000e+04 6.898952401569810985e-51
6.886400000000000000e+04 6.898952401569810985e-51
6.912000000000000000e+04 6.898952401569810985e-51
6.937600000000000000e+04 3.385096980806090913e-51
6.963200000000000000e+04 4.857965339649773614e-52
6.988800000000000000e+04 4.857965339649773614e-52
7.014400000000000000e+04 4.857965339649773614e-52
7.040000000000000000e+04 1.365568325461767727e-52
7.065600000000000000e+04 1.365568325461767727e-52
7.091200000000000000e+04 9.390913716108203853e-53
7.116800000000000000e+04 7.737331461784739479e-53
7.142400000000000000e+04 7.737331461784739479e-53
7.168000000000000000e+04 2.238574426460666470e-53
7.193600000000000000e+04 2.238574426460666470e-53
7.219200000000000000e+04 1.287608163464016505e-54
7.244800000000000000e+04 1.287608163464016505e-54
7.270400000000000000e+04 1.287608163464016505e-54
7.296000000000000000e+04 1.287608163464016505e-54
7.321600000000000000e+04 4.079897351444214775e-56
7.347200000000000000e+04 4.079897351444214775e-56
7.372800000000000000e+04 4.079897351444214775e-56
7.398400000000000000e+04 4.079897351444214775e-56
7.424000000000000000e+04 4.079897351444214775e-56
7.449600000000000000e+04 4.079897351444214775e-56
7.475200000000000000e+04 2.183316063754199944e-56
7.500800000000000000e+04 5.736052152689391961e-58
7.526400000000000000e+04 5.736052152689391961e-58
7.552000000000000000e+04 5.736052152689391961e-58
7.577600000000000000e+04 5.736052152689391961e-58
7.603200000000000000e+04 5.736052152689391961e-58
7.628800000000000000e+04 5.736052152689391961e-58
7.654400000000000000e+04 3.402703586541291103e-58
7.680000000000000000e+04 3.402703586541291103e-58
7.705600000000000000e+04 3.402703586541291103e-58
7.731200000000000000e+04 3.402703586541291103e-58
7.756800000000000000e+04 1.447370047124481461e-58
7.782400000000000000e+04 1.447370047124481461e-58
7.808000000000000000e+04 1.447370047124481461e-58
7.833600000000000000e+04 6.594378651595611054e-60
7.859200000000000000e+04 6.594378651595611054e-60
7.884800000000000000e+04 6.594378651595611054e-60
7.910400000000000000e+04 6.594378651595611054e-60
7.936000000000000000e+04 6.594378651595611054e-60
7.961600000000000000e+04 6.594378651595611054e-60
7.987200000000000000e+04 6.594378651595611054e-60
8.012800000000000000e+04 4.056698302185153123e-60
8.038400000000000000e+04 4.056698302185153123e-60
8.064000000000000000e+04 6.847199737071432998e-61
8.089600000000000000e+04 6.847199737071432998e-61
8.115200000000000000e+04 6.847199737071432998e-61
8.140800000000000000e+04 6.847199737071432998e-61
8.166400000000000000e+04 6.847199737071432998e-61
8.192000000000000000e+04 6.847199737071432998e-61
8.217600000000000000e+04 6.847199737071432998e-61
8.243200000000000000e+04 2.372638280739023804e-61
8.268800000000000000e+04 3.297629977233385088e-62
8.294400000000000000e+04 3.297629977233385088e-62
8.320000000000000000e+04 2.452299353913089411e-62
8.345600000000000000e+04 2.452299353913089411e-62
8.371200000000000000e+04 7.522785531214704001e-63
8.396800000000000000e+04 7.522785531214704001e-63
8.422400000000000000e+04 7.522785531214704001e-63
8.448000000000000000e+04 7.522785531214704001e-63
8.473600000000000000e+04 2.238796399855689473e-64
8.499200000000000000e+04 2.238796399855689473e-64
8.524800000000000000e+04 2.238796399855689473e-64
8.550400000000000000e+04 2.238796399855689473e-64
8.576000000000000000e+04 2.238796399855689473e-64
8.601600000000000000e+04 2.238796399855689473e-64
8.627200000000000000e+04 2.238796399855689473e-64
8.652800000000000000e+04 2.238796399855689473e-64
8.678400000000000000e+04 2.238796399855689473e-64
8.704000000000000000e+04 2.238796399855689473e-64
8.729600000000000000e+04 2.303491790995014606e-66
8.755200000000000000e+04 2.303491790995014606e-66
8.780800000000000000e+04 2.303491790995014606e-66
8.806400000000000000e+04 2.303491790995014606e-66
8.832000000000000000e+04 2.303491790995014606e-66
8.857600000000000000e+04 2.303491790995014606e-66
8.883200000000000000e+04 1.122971725392060034e-66
8.908800000000000000e+04 1.122971725392060034e-66
8.934400000000000000e+04 1.122971725392060034e-66
8.960000000000000000e+04 1.122971725392060034e-66
8.985600000000000000e+04 1.122971725392060034e-66
9.011200000000000000e+04 3.276090482425629585e-67
9.036800000000000000e+04 1.295211680641243742e-67
9.062400000000000000e+04 1.295211680641243742e-67
9.088000000000000000e+04 1.295211680641243742e-67
9.113600000000000000e+04 2.021840055771018092e-69
9.139200000000000000e+04 2.021840055771018092e-69
9.164800000000000000e+04 2.021840055771018092e-69
9.190400000000000000e+04 2.021840055771018092e-69
9.216000000000000000e+04 2.021840055771018092e-69
9.241600000000000000e+04 2.021840055771018092e-69
9.267200000000000000e+04 2.021840055771018092e-69
9.292800000000000000e+04 2.021840055771018092e-69
9.318400000000000000e+04 1.458459495177722130e-69
9.344000000000000000e+04 1.458459495177722130e-69
9.369600000000000000e+04 2.512469581111665104e-70
9.395200000000000000e+04 2.512469581111665104e-70
9.420800000000000000e+04 2.512469581111665104e-70
9.446400000000000000e+04 2.512469581111665104e-70
9.472000000000000000e+04 1.118049442655487975e-70
9.497600000000000000e+04 9.017642273806316688e-71
9.523200000000000000e+04 7.365869478867403211e-72
9.548800000000000000e+04 7.365869478867403211e-72
9.574400000000000000e+04 7.365869478867403211e-72
9.600000000000000000e+04 7.365869478867403211e-72
9.625600000000000000e+04 7.365869478867403211e-72
9.651200000000000000e+04 5.234262468188230117e-72
9.676800000000000000e+04 5.234262468188230117e-72
9.702400000000000000e+04 5.234262468188230117e-72
9.728000000000000000e+04 7.738977544237056327e-73
9.753600000000000000e+04 7.738977544237056327e-73
9.779200000000000000e+04 7.738977544237056327e-73
9.804800000000000000e+04 3.178854553370463881e-73
9.830400000000000000e+04 3.178854553370463881e-73
9.856000000000000000e+04 3.178854553370463881e-73
9.881600000000000000e+04 1.321944072148115474e-73
9.907200000000000000e+04 1.321944072148115474e-73
9.932800000000000000e+04 1.321944072148115474e-73
9.958400000000000000e+04 1.321944072148115474e-73
9.984000000000000000e+04 2.634127255201436994e-74
1.000960000000000000e+05 2.634127255201436994e-74
