2.560000000000000000e+02 1.256612785991631176e+00
5.120000000000000000e+02 9.165996983804624021e-01
7.680000000000000000e+02 4.931257389899452170e-01
1.024000000000000000e+03 2.455377668544057868e-01
1.280000000000000000e+03 1.351889526873565617e-01
1.536000000000000000e+03 3.894956662143920362e-02
1.792000000000000000e+03 2.752400488766761077e-02
2.048000000000000000e+03 1.484668576712857777e-02
2.304000000000000000e+03 1.484668576712857777e-02
2.560000000000000000e+03 1.484668576712857777e-02
2.816000000000000000e+03 1.484668576712857777e-02
3.072000000000000000e+03 1.606840602767359684e-03
3.328000000000000000e+03 1.606840602767359684e-03
3.584000000000000000e+03 1.606840602767359684e-03
3.840000000000000000e+03 1.002373158560615355e-03
4.096000000000000000e+03 1.002373158560615355e-03
4.352000000000000000e+03 1.793423998836761446e-04
4.608000000000000000e+03 1.793423998836761446e-04
4.864000000000000000e+03 5.100146594223127201e-05
5.120000000000000000e+03 5.100146594223127201e-05
5.376000000000000000e+03 5.100146594223127201e-05
5.632000000000000000e+03 5.100146594223127201e-05
5.888000000000000000e+03 5.100146594223127201e-05
6.144000000000000000e+03 5.100146594223127201e-05
6.400000000000000000e+03 1.606757106730306192e-05
6.656000000000000000e+03 1.606757106730306192e-05
6.912000000000000000e+03 7.374773575094595434e-06
7.168000000000000000e+03 1.032991332463757317e-06
7.424000000000000000e+03 1.032991332463757317e-06
7.680000000000000000e+03 1.280039521215269905e-07
7.936000000000000000e+03 1.280039521215269905e-07
8.192000000000000000e+03 1.280039521215269905e-07
8.448000000000000000e+03 1.280039521215269905e-07
8.704000000000000000e+03 1.280039521215269905e-07
8.960000000000000000e+03 6.253503923358026192e-09
9.216000000000000000e+03 6.253503923358026192e-09
9.472000000000000000e+03 6.253503923358026192e-09
9.728000000000000000e+03 6.253503923358026192e-09
9.984000000000000000e+03 6.253503923358026192e-09
1.024000000000000000e+04 6.253503923358026192e-09
1.049600000000000000e+04 6.253503923358026192e-09
1.075200000000000000e+04 6.046343429499934378e-09
1.100800000000000000e+04 6.046343429499934378e-09
1.126400000000000000e+04 1.068461417246195766e-09
1.152000000000000000e+04 1.068461417246195766e-09
1.177600000000000000e+04 6.763533383466473519e-10
1.203200000000000000e+04 3.992009818397747405e-10
1.228800000000000000e+04 3.992009818397747405e-10
1.254400000000000000e+04 3.992009818397747405e-10
1.280000000000000000e+04 3.992009818397747405e-10
1.305600000000000000e+04 3.992009818397747405e-10
1.331200000000000000e+04 2.597521689285754483e-10
1.356800000000000000e+04 1.360779928373972893e-10
1.382400000000000000e+04 4.744750065865743859e-11
1.408000000000000000e+04 4.744750065865743859e-11
1.433600000000000000e+04 4.744750065865743859e-11
1.459200000000000000e+04 1.365116795810025653e-11
1.484800000000000000e+04 5.652544732553709922e-12
1.510400000000000000e+04 5.652544732553709922e-12
1.536000000000000000e+04 2.527708322605496892e-12
1.561600000000000000e+04 2.527708322605496892e-12
1.587200000000000000e+04 9.102149065515301745e-13
1.612800000000000000e+04 9.102149065515301745e-13
1.638400000000000000e+04 9.102149065515301745e-13
1.664000000000000000e+04 9.102149065515301745e-13
1.689600000000000000e+04 9.102149065515301745e-13
1.715200000000000000e+04 9.102149065515301745e-13
1.740800000000000000e+04 2.768280470703000752e-13
1.766400000000000000e+04 2.472594938221551094e-13
1.792000000000000000e+04 4.950130940319260353e-14
1.817600000000000000e+04 4.950130940319260353e-14
1.843200000000000000e+04 4.950130940319260353e-14
1.868800000000000000e+04 4.950130940319260353e-14
1.894400000000000000e+04 5.476930738141655418e-15
1.920000000000000000e+04 5.476930738141655418e-15
1.945600000000000000e+04 5.476930738141655418e-15
1.971200000000000000e+04 5.476930738141655418e-15
1.996800000000000000e+04 2.747986317103081265e-15
2.022400000000000000e+04 1.152092056226925794e-15
2.048000000000000000e+04 1.152092056226925794e-15
2.073600000000000000e+04 8.457264676647086188e-16
2.099200000000000000e+04 7.985040272171866828e-16
2.124800000000000000e+04 1.890924425505275626e-16
2.150400000000000000e+04 1.890924425505275626e-16
2.176000000000000000e+04 9.050036480606718664e-17
2.201600000000000000e+04 3.305967423280465233e-17
2.227200000000000000e+04 2.563585253884673128e-17
2.252800000000000000e+04 2.563585253884673128e-17
2.278400000000000000e+04 2.563585253884673128e-17
2.304000000000000000e+04 2.219162529128071392e-17
2.329600000000000000e+04 9.236028572034648629e-18
2.355200000000000000e+04 3.914292000873699755e-18
2.380800000000000000e+04 3.466749686581112749e-18
2.406400000000000000e+04 4.346827365590021631e-19
2.432000000000000000e+04 4.346827365590021631e-19
2.457600000000000000e+04 3.236087510677862323e-19
2.483200000000000000e+04 3.236087510677862323e-19
2.508800000000000000e+04 3.236087510677862323e-19
2.534400000000000000e+04 3.236087510677862323e-19
2.560000000000000000e+04 1.246202418545452995e-19
2.585600000000000000e+04 2.358652633135008347e-20
2.611200000000000000e+04 1.574192341728363496e-20
2.636800000000000000e+04 1.574192341728363496e-20
2.662400000000000000e+04 1.574192341728363496e-20
2.688000000000000000e+04 1.484950506592887383e-20
2.713600000000000000e+04 1.693867460406975775e-21
2.739200000000000000e+04 1.693867460406975775e-21
2.764800000000000000e+04 1.693867460406975775e-21
2.790400000000000000e+04 1.693867460406975775e-21
2.816000000000000000e+04 1.693867460406975775e-21
2.841600000000000000e+04 1.693867460406975775e-21
2.867200000000000000e+04 5.144194036471443861e-22
2.892800000000000000e+04 1.594552047563169957e-22
2.918400000000000000e+04 1.594552047563169957e-22
2.944000000000000000e+04 1.594552047563169957e-22
2.969600000000000000e+04 1.594552047563169957e-22
2.995200000000000000e+04 2.139318116542470675e-24
3.020800000000000000e+04 2.139318116542470675e-24
3.046400000000000000e+04 2.139318116542470675e-24
3.072000000000000000e+04 2.139318116542470675e-24
3.097600000000000000e+04 2.139318116542470675e-24
3.123200000000000000e+04 2.139318116542470675e-24
3.148800000000000000e+04 2.139318116542470675e-24
3.174400000000000000e+04 1.881837139860988039e-24
3.200000000000000000e+04 3.098935914836753825e-25
3.225600000000000000e+04 3.098935914836753825e-25
3.251200000000000000e+04 3.098935914836753825e-25
3.276800000000000000e+04 3.098935914836753825e-25
3.302400000000000000e+04 3.098935914836753825e-25
3.328000000000000000e+04 1.639803649082076856e-25
3.353600000000000000e+04 1.639803649082076856e-25
3.379200000000000000e+04 5.787732347516693889e-26
3.404800000000000000e+04 5.787732347516693889e-26
3.430400000000000000e+04 2.621373720300255306e-26
3.456000000000000000e+04 2.621373720300255306e-26
3.481600000000000000e+04 4.305847121391560320e-27
3.507200000000000000e+04 4.305847121391560320e-27
3.532800000000000000e+04 4.305847121391560320e-27
3.558400000000000000e+04 4.305847121391560320e-27
3.584000000000000000e+04 4.305847121391560320e-27
3.609600000000000000e+04 4.305847121391560320e-27
3.635200000000000000e+04 2.868762853856894690e-27
3.660800000000000000e+04 2.561382844604820680e-27
3.686400000000000000e+04 6.601509891819696046e-28
3.712000000000000000e+04 6.601509891819696046e-28
3.737600000000000000e+04 5.480984559123763356e-30
3.763200000000000000e+04 5.480984559123763356e-30
3.788800000000000000e+04 5.480984559123763356e-30
3.814400000000000000e+04 5.480984559123763356e-30
3.840000000000000000e+04 5.480984559123763356e-30
3.865600000000000000e+04 5.480984559123763356e-30
3.891200000000000000e+04 5.480984559123763356e-30
3.916800000000000000e+04 5.480984559123763356e-30
3.942400000000000000e+04 2.439327112528427492e-30
3.968000000000000000e+04 2.439327112528427492e-30
3.993600000000000000e+04 2.439327112528427492e-30
4.019200000000000000e+04 1.866532259893926742e-30
4.044800000000000000e+04 1.730278859195776540e-30
4.070400000000000000e+04 1.730278859195776540e-30
4.096000000000000000e+04 2.215676944098800454e-31
4.121600000000000000e+04 2.215676944098800454e-31
4.147200000000000000e+04 2.215676944098800454e-31
4.172800000000000000e+04 1.219065123395832442e-31
4.198400000000000000e+04 1.219065123395832442e-31
4.224000000000000000e+04 1.207936044279140522e-31
4.249600000000000000e+04 1.129586561439861453e-31
4.275200000000000000e+04 8.208995374342065876e-32
4.300800000000000000e+04 3.824903687737319317e-32
4.326400000000000000e+04 1.987562848654239347e-32
4.352000000000000000e+04 3.555275414235037898e-33
4.377600000000000000e+04 3.555275414235037898e-33
4.403200000000000000e+04 3.555275414235037898e-33
4.428800000000000000e+04 2.479231817106260249e-33
4.454400000000000000e+04 2.406082440348168285e-33
4.480000000000000000e+04 8.005898148297238233e-34
4.505600000000000000e+04 8.005898148297238233e-34
4.531200000000000000e+04 3.163673674387851472e-34
4.556800000000000000e+04 3.163673674387851472e-34
4.582400000000000000e+04 1.671911239452017676e-34
4.608000000000000000e+04 6.491241077139919505e-35
4.633600000000000000e+04 6.491241077139919505e-35
4.659200000000000000e+04 3.870905289256083737e-35
4.684800000000000000e+04 1.218653620264997173e-35
4.710400000000000000e+04 9.913664551716923396e-36
4.736000000000000000e+04 1.864693501496291175e-36
4.761600000000000000e+04 1.864693501496291175e-36
4.787200000000000000e+04 1.864693501496291175e-36
4.812800000000000000e+04 5.259091320299899066e-37
4.838400000000000000e+04 5.259091320299899066e-37
4.864000000000000000e+04 1.382599949288913760e-38
4.889600000000000000e+04 1.382599949288913760e-38
4.915200000000000000e+04 1.382599949288913760e-38
4.940800000000000000e+04 1.382599949288913760e-38
4.966400000000000000e+04 1.382599949288913760e-38
4.992000000000000000e+04 1.382599949288913760e-38
5.017600000000000000e+04 1.382599949288913760e-38
5.043200000000000000e+04 1.382599949288913760e-38
5.068800000000000000e+04 6.546210111422849296e-39
5.094400000000000000e+04 3.032053286479441788e-39
5.120000000000000000e+04 3.032053286479441788e-39
5.145600000000000000e+04 3.032053286479441788e-39
5.171200000000000000e+04 3.032053286479441788e-39
5.196800000000000000e+04 5.848005506747363642e-40
5.222400000000000000e+04 5.848005506747363642e-40
5.248000000000000000e+04 5.848005506747363642e-40
5.273600000000000000e+04 5.848005506747363642e-40
5.299200000000000000e+04 5.848005506747363642e-40
5.324800000000000000e+04 1.482839048200555409e-40
5.350400000000000000e+04 1.482839048200555409e-40
5.376000000000000000e+04 1.482839048200555409e-40
5.401600000000000000e+04 1.482839048200555409e-40
5.427200000000000000e+04 1.482839048200555409e-40
5.452800000000000000e+04 1.482839048200555409e-40
5.478400000000000000e+04 4.029747976599724232e-41
5.504000000000000000e+04 2.781729345682144687e-41
5.529600000000000000e+04 2.781729345682144687e-41
5.555200000000000000e+04 4.041225825229372312e-42
5.580800000000000000e+04 4.041225825229372312e-42
5.606400000000000000e+04 2.751445878186998160e-42
5.632000000000000000e+04 2.751445878186998160e-42
5.657600000000000000e+04 1.030292590466909594e-42
5.683200000000000000e+04 1.030292590466909594e-42
5.708800000000000000e+04 1.030292590466909594e-42
5.734400000000000000e+04 1.030292590466909594e-42
5.760000000000000000e+04 1.030292590466909594e-42
5.785600000000000000e+04 1.030292590466909594e-42
5.811200000000000000e+04 1.079586714061002802e-43
5.836800000000000000e+04 8.380588887102059907e-45
5.862400000000000000e+04 8.380588887102059907e-45
5.888000000000000000e+04 8.380588887102059907e-45
5.913600000000000000e+04 8.380588887102059907e-45
5.939200000000000000e+04 8.380588887102059907e-45
5.964800000000000000e+04 8.380588887102059907e-45
5.990400000000000000e+04 8.380588887102059907e-45
6.016000000000000000e+04 8.380588887102059907e-45
6.041600000000000000e+04 8.380588887102059907e-45
6.067200000000000000e+04 6.494314575616524316e-45
6.092800000000000000e+04 1.307208911880486354e-45
6.118400000000000000e+04 1.307208911880486354e-45
6.144000000000000000e+04 9.054007415644720790e-46
6.169600000000000000e+04 5.965454805137446989e-46
6.195200000000000000e+04 4.880020731915350736e-46
6.220800000000000000e+04 2.244536660132691047e-46
6.246400000000000000e+04 1.859088205268610675e-46
6.272000000000000000e+04 1.859088205268610675e-46
6.297600000000000000e+04 4.021892743267792573e-47
6.323200000000000000e+04 4.021892743267792573e-47
6.348800000000000000e+04 4.021892743267792573e-47
6.374400000000000000e+04 9.430515980039110452e-48
6.400000000000000000e+04 9.430515980039110452e-48
6.425600000000000000e+04 9.430515980039110452e-48
6.451200000000000000e+04 7.521039662646029741e-48
6.476800000000000000e+04 6.688286302357389356e-48
6.502400000000000000e+04 8.877040624057397955e-50
6.528000000000000000e+04 3.720489147163079879e-50
6.553600000000000000e+04 3.720489147163079879e-50
6.579200000000000000e+04 3.720489147163079879e-50
6.604800000000000000e+04 3.720489147163079879e-50
6.630400000000000000e+04 3.720489147163079879e-50
6.656000000000000000e+04 3.720489147163079879e-50
6.681600000000000000e+04 3.720489147163079879e-50
6.707200000000000000e+04 3.720489147163079879e-50
6.732800000000000000e+04 3.444797803945377292e-50
6.758400000000000000e+04 8.536251511620498594e-51
6.784000000000000000e+04 3.308146745660106222e-51
6.809600000000000000e+04 1.783033754151921526e-52
6.835200000000000000e+04 1.783033754151921526e-52
6.860800000000000000e+04 1.783033754151921526e-52
6.886400000000000000e+04 1.783033754151921526e-52
6.912000000000000000e+04 6.726247443526677117e-53
6.937600000000000000e+04 6.726247443526677117e-53
6.963200000000000000e+04 6.726247443526677117e-53
6.988800000000000000e+04 6.726247443526677117e-53
7.014400000000000000e+04 6.726247443526677117e-53
7.040000000000000000e+04 6.726247443526677117e-53
7.065600000000000000e+04 6.726247443526677117e-53
7.091200000000000000e+04 6.726247443526677117e-53
7.116800000000000000e+04 6.726247443526677117e-53
7.142400000000000000e+04 6.726247443526677117e-53
7.168000000000000000e+04 1.163219940526169264e-53
7.193600000000000000e+04 1.163219940526169264e-53
7.219200000000000000e+04 1.163219940526169264e-53
7.244800000000000000e+04 6.559253733527504450e-55
7.270400000000000000e+04 6.559253733527504450e-55
7.296000000000000000e+04 6.559253733527504450e-55
7.321600000000000000e+04 6.559253733527504450e-55
7.347200000000000000e+04 3.736059608007753718e-55
7.372800000000000000e+04 2.361822685268414965e-55
7.398400000000000000e+04 2.361822685268414965e-55
7.424000000000000000e+04 2.361822685268414965e-55
7.449600000000000000e+04 2.361822685268414965e-55
7.475200000000000000e+04 5.460453319868538833e-57
7.500800000000000000e+04 5.460453319868538833e-57
7.526400000000000000e+04 5.460453319868538833e-57
7.552000000000000000e+04 5.460453319868538833e-57
7.577600000000000000e+04 5.460453319868538833e-57
7.603200000000000000e+04 5.460453319868538833e-57
7.628800000000000000e+04 2.575672680188428294e-58
7.654400000000000000e+04 7.847070613708619220e-62
7.680000000000000000e+04 7.847070613708619220e-62
7.705600000000000000e+04 7.847070613708619220e-62
7.731200000000000000e+04 7.847070613708619220e-62
7.756800000000000000e+04 7.847070613708619220e-62
7.782400000000000000e+04 7.847070613708619220e-62
7.808000000000000000e+04 7.847070613708619220e-62
7.833600000000000000e+04 7.847070613708619220e-62
7.859200000000000000e+04 7.847070613708619220e-62
7.884800000000000000e+04 7.847070613708619220e-62
7.910400000000000000e+04 7.847070613708619220e-62
7.936000000000000000e+04 7.847070613708619220e-62
7.961600000000000000e+04 7.847070613708619220e-62
7.987200000000000000e+04 7.847070613708619220e-62
8.012800000000000000e+04 7.847070613708619220e-62
8.038400000000000000e+04 7.847070613708619220e-62
8.064000000000000000e+04 7.847070613708619220e-62
8.089600000000000000e+04 7.847070613708619220e-62
8.115200000000000000e+04 7.847070613708619220e-62
8.140800000000000000e+04 7.847070613708619220e-62
8.166400000000000000e+04 7.847070613708619220e-62
8.192000000000000000e+04 3.891481230519551986e-62
8.217600000000000000e+04 2.305156017814102516e-62
8.243200000000000000e+04 2.305156017814102516e-62
8.268800000000000000e+04 2.305156017814102516e-62
8.294400000000000000e+04 2.305156017814102516e-62
8.320000000000000000e+04 8.583110506820151760e-63
8.345600000000000000e+04 8.583110506820151760e-63
8.371200000000000000e+04 8.583110506820151760e-63
8.396800000000000000e+04 5.472734691623394707e-63
8.422400000000000000e+04 5.472734691623394707e-63
8.448000000000000000e+04 1.587363721924720118e-63
8.473600000000000000e+04 9.759981699047581260e-64
8.499200000000000000e+04 9.759981699047581260e-64
8.524800000000000000e+04 3.842491367628155081e-64
8.550400000000000000e+04 8.767083216421827622e-65
8.576000000000000000e+04 8.767083216421827622e-65
8.601600000000000000e+04 6.039034931068251265e-65
8.627200000000000000e+04 6.039034931068251265e-65
8.652800000000000000e+04 1.182262672375791720e-65
8.678400000000000000e+04 6.012695096453586081e-66
8.704000000000000000e+04 6.012695096453586081e-66
8.729600000000000000e+04 6.012695096453586081e-66
8.755200000000000000e+04 6.012695096453586081e-66
8.780800000000000000e+04 5.807862983080199112e-66
8.806400000000000000e+04 2.233416048879362657e-66
8.832000000000000000e+04 2.233416048879362657e-66
8.857600000000000000e+04 1.374442116192981322e-66
8.883200000000000000e+04 1.374442116192981322e-66
8.908800000000000000e+04 1.374442116192981322e-66
8.934400000000000000e+04 9.482092728517701110e-67
8.960000000000000000e+04 9.482092728517701110e-67
8.985600000000000000e+04 8.402848616918219077e-67
9.011200000000000000e+04 6.150285769434546969e-67
9.036800000000000000e+04 1.175505882172119812e-68
9.062400000000000000e+04 1.175505882172119812e-68
9.088000000000000000e+04 1.175505882172119812e-68
9.113600000000000000e+04 1.175505882172119812e-68
9.139200000000000000e+04 1.175505882172119812e-68
9.164800000000000000e+04 9.224100465134905950e-69
9.190400000000000000e+04 8.178493860294398115e-70
9.216000000000000000e+04 8.178493860294398115e-70
9.241600000000000000e+04 8.178493860294398115e-70
9.267200000000000000e+04 7.542227158193942538e-70
9.292800000000000000e+04 7.542227158193942538e-70
9.318400000000000000e+04 7.542227158193942538e-70
9.344000000000000000e+04 7.542227158193942538e-70
9.369600000000000000e+04 1.780291001534879517e-70
9.395200000000000000e+04 8.347229163792670628e-71
9.420800000000000000e+04 4.972369644504905739e-71
9.446400000000000000e+04 3.894361235062033752e-72
9.472000000000000000e+04 3.894361235062033752e-72
9.497600000000000000e+04 3.894361235062033752e-72
9.523200000000000000e+04 3.894361235062033752e-72
9.548800000000000000e+04 1.974154735343908725e-72
9.574400000000000000e+04 1.974154735343908725e-72
9.600000000000000000e+04 1.974154735343908725e-72
9.625600000000000000e+04 1.974154735343908725e-72
9.651200000000000000e+04 1.974154735343908725e-72
9.676800000000000000e+04 1.358847543231547406e-72
9.702400000000000000e+04 1.358847543231547406e-72
9.728000000000000000e+04 5.685796437549494611e-73
9.753600000000000000e+04 4.450771761860857175e-73
9.779200000000000000e+04 8.538281572136582242e-74
9.804800000000000000e+04 8.538281572136582242e-74
9.830400000000000000e+04 8.538281572136582242e-74
9.856000000000000000e+04 2.181694012326054328e-74
9.881600000000000000e+04 1.972801542803404535e-74
9.907200000000000000e+04 1.972801542803404535e-74
9.932800000000000000e+04 1.731954898500858673e-74
9.958400000000000000e+04 8.151783810922393713e-75
9.984000000000000000e+04 8.151783810922393713e-75
1.000960000000000000e+05 1.230348205455292432e-75
