2.048000000000000000e+03 5.376799726758420966e-02
4.096000000000000000e+03 5.376799726758420966e-02
6.144000000000000000e+03 5.376799726758420966e-02
8.192000000000000000e+03 4.665503604216825889e-02
1.024000000000000000e+04 4.665503604216825889e-02
1.228800000000000000e+04 2.172951101439753868e-02
1.433600000000000000e+04 4.670755588348415302e-04
1.638400000000000000e+04 4.670755588348415302e-04
1.843200000000000000e+04 4.670755588348415302e-04
2.048000000000000000e+04 4.670755588348415302e-04
2.252800000000000000e+04 4.670755588348415302e-04
2.457600000000000000e+04 4.670755588348415302e-04
2.662400000000000000e+04 4.670755588348415302e-04
2.867200000000000000e+04 4.670755588348415302e-04
3.072000000000000000e+04 1.747542996257062185e-04
3.276800000000000000e+04 4.133546695981010332e-05
3.481600000000000000e+04 2.904805864569391606e-05
3.686400000000000000e+04 2.904805864569391606e-05
3.891200000000000000e+04 2.904805864569391606e-05
4.096000000000000000e+04 1.555445501593467448e-06
4.300800000000000000e+04 1.555445501593467448e-06
4.505600000000000000e+04 1.555445501593467448e-06
4.710400000000000000e+04 1.555445501593467448e-06
4.915200000000000000e+04 1.555445501593467448e-06
5.120000000000000000e+04 2.260404931746056440e-07
5.324800000000000000e+04 2.260404931746056440e-07
5.529600000000000000e+04 2.260404931746056440e-07
5.734400000000000000e+04 2.260404931746056440e-07
5.939200000000000000e+04 2.260404931746056440e-07
6.144000000000000000e+04 2.260404931746056440e-07
6.348800000000000000e+04 1.811020211730285547e-07
6.553600000000000000e+04 1.811020211730285547e-07
6.758400000000000000e+04 1.077095705714405919e-07
6.963200000000000000e+04 1.077095705714405919e-07
7.168000000000000000e+04 2.914253317026472481e-08
7.372800000000000000e+04 2.914253317026472481e-08
7.577600000000000000e+04 2.914253317026472481e-08
7.782400000000000000e+04 2.194413026690249911e-09
7.987200000000000000e+04 2.122465008338133676e-09
8.192000000000000000e+04 2.122465008338133676e-09
8.396800000000000000e+04 1.622796709423567657e-09
8.601600000000000000e+04 1.110132195370069158e-09
8.806400000000000000e+04 1.110132195370069158e-09
9.011200000000000000e+04 1.110132195370069158e-09
9.216000000000000000e+04 1.110132195370069158e-09
9.420800000000000000e+04 1.110132195370069158e-09
9.625600000000000000e+04 1.189582669174956196e-10
9.830400000000000000e+04 5.313865063468865254e-11
1.003520000000000000e+05 5.313865063468865254e-11
