2.048000000000000000e+03 6.128068746697774849e-02
4.096000000000000000e+03 5.670605285891711089e-02
6.144000000000000000e+03 1.748241407535431474e-02
8.192000000000000000e+03 1.748241407535431474e-02
1.024000000000000000e+04 3.116577825421791830e-03
1.228800000000000000e+04 3.116577825421791830e-03
1.433600000000000000e+04 3.116577825421791830e-03
1.638400000000000000e+04 3.116577825421791830e-03
1.843200000000000000e+04 3.116577825421791830e-03
2.048000000000000000e+04 2.562877949439836605e-05
2.252800000000000000e+04 2.562877949439836605e-05
2.457600000000000000e+04 2.562877949439836605e-05
2.662400000000000000e+04 2.562877949439836605e-05
2.867200000000000000e+04 2.562877949439836605e-05
3.072000000000000000e+04 2.562877949439836605e-05
3.276800000000000000e+04 2.562877949439836605e-05
3.481600000000000000e+04 2.562877949439836605e-05
3.686400000000000000e+04 2.562877949439836605e-05
3.891200000000000000e+04 2.562877949439836605e-05
4.096000000000000000e+04 2.562877949439836605e-05
4.300800000000000000e+04 3.575312034119696897e-06
4.505600000000000000e+04 3.575312034119696897e-06
4.710400000000000000e+04 2.166167978889062508e-06
4.915200000000000000e+04 2.166167978889062508e-06
5.120000000000000000e+04 1.229823164704407025e-06
5.324800000000000000e+04 1.229823164704407025e-06
5.529600000000000000e+04 1.229823164704407025e-06
5.734400000000000000e+04 1.229823164704407025e-06
5.939200000000000000e+04 2.712197343136442870e-07
6.144000000000000000e+04 2.712197343136442870e-07
6.348800000000000000e+04 2.585845944036090143e-08
6.553600000000000000e+04 2.585845944036090143e-08
6.758400000000000000e+04 2.585845944036090143e-08
6.963200000000000000e+04 2.585845944036090143e-08
7.168000000000000000e+04 2.585845944036090143e-08
7.372800000000000000e+04 2.585845944036090143e-08
7.577600000000000000e+04 2.222666041906410310e-08
7.782400000000000000e+04 2.222666041906410310e-08
7.987200000000000000e+04 2.222666041906410310e-08
8.192000000000000000e+04 2.211790516211850895e-08
8.396800000000000000e+04 6.359293668778111836e-09
8.601600000000000000e+04 7.640469086004341339e-10
8.806400000000000000e+04 7.640469086004341339e-10
9.011200000000000000e+04 7.640469086004341339e-10
9.216000000000000000e+04 2.094708013693097175e-10
9.420800000000000000e+04 2.094708013693097175e-10
9.625600000000000000e+04 9.459594562799722405e-12
9.830400000000000000e+04 9.459594562799722405e-12
1.003520000000000000e+05 9.459594562799722405e-12
