2.048000000000000000e+03 6.716576936336317305e-02
4.096000000000000000e+03 6.716576936336317305e-02
6.144000000000000000e+03 6.659326026216969008e-02
8.192000000000000000e+03 4.314185753327717809e-02
1.024000000000000000e+04 5.761067468913708134e-03
1.228800000000000000e+04 5.761067468913708134e-03
1.433600000000000000e+04 5.761067468913708134e-03
1.638400000000000000e+04 5.761067468913708134e-03
1.843200000000000000e+04 5.696223147540596318e-03
2.048000000000000000e+04 1.822890087410901025e-04
2.252800000000000000e+04 1.822890087410901025e-04
2.457600000000000000e+04 1.822890087410901025e-04
2.662400000000000000e+04 1.822890087410901025e-04
2.867200000000000000e+04 1.822890087410901025e-04
3.072000000000000000e+04 1.724063243798857204e-04
3.276800000000000000e+04 1.724063243798857204e-04
3.481600000000000000e+04 1.670702606810862934e-04
3.686400000000000000e+04 1.670702606810862934e-04
3.891200000000000000e+04 1.670702606810862934e-04
4.096000000000000000e+04 9.124077473501366787e-06
4.300800000000000000e+04 9.124077473501366787e-06
4.505600000000000000e+04 6.655543294285587094e-06
4.710400000000000000e+04 6.655543294285587094e-06
4.915200000000000000e+04 7.355932274336135208e-07
5.120000000000000000e+04 7.355932274336135208e-07
5.324800000000000000e+04 6.448325740100488326e-07
5.529600000000000000e+04 4.666161163896232424e-08
5.734400000000000000e+04 4.666161163896232424e-08
5.939200000000000000e+04 4.666161163896232424e-08
6.144000000000000000e+04 4.102472469274010213e-08
6.348800000000000000e+04 4.102472469274010213e-08
6.553600000000000000e+04 4.102472469274010213e-08
6.758400000000000000e+04 4.102472469274010213e-08
6.963200000000000000e+04 4.102472469274010213e-08
7.168000000000000000e+04 4.102472469274010213e-08
7.372800000000000000e+04 4.102472469274010213e-08
7.577600000000000000e+04 1.584909160957441832e-08
7.782400000000000000e+04 1.316184218350524599e-08
7.987200000000000000e+04 1.316184218350524599e-08
8.192000000000000000e+04 1.316184218350524599e-08
8.396800000000000000e+04 2.722120567568867749e-09
8.601600000000000000e+04 2.722120567568867749e-09
8.806400000000000000e+04 2.722120567568867749e-09
9.011200000000000000e+04 5.892152965384694862e-10
9.216000000000000000e+04 5.892152965384694862e-10
9.420800000000000000e+04 2.481231699450934825e-10
9.625600000000000000e+04 5.479198375701061610e-12
9.830400000000000000e+04 5.479198375701061610e-12
1.003520000000000000e+05 5.479198375701061610e-12
