2.048000000000000000e+03 7.274168849973160889e+01
4.096000000000000000e+03 7.274168849973160889e+01
6.144000000000000000e+03 7.274168849973160889e+01
8.192000000000000000e+03 7.274168849973160889e+01
1.024000000000000000e+04 7.274168849973160889e+01
1.228800000000000000e+04 7.274168849973160889e+01
1.433600000000000000e+04 7.274168849973160889e+01
1.638400000000000000e+04 7.274168849973160889e+01
1.843200000000000000e+04 7.274168849973160889e+01
2.048000000000000000e+04 7.274168849973160889e+01
2.252800000000000000e+04 7.274168849973160889e+01
2.457600000000000000e+04 6.525963911391585270e+01
2.662400000000000000e+04 6.525963911391585270e+01
2.867200000000000000e+04 6.525963911391585270e+01
3.072000000000000000e+04 6.525963911391585270e+01
3.276800000000000000e+04 6.525963911391585270e+01
3.481600000000000000e+04 6.525963911391585270e+01
3.686400000000000000e+04 6.525963911391585270e+01
3.891200000000000000e+04 6.525963911391585270e+01
4.096000000000000000e+04 6.525963911391585270e+01
4.300800000000000000e+04 4.951102426359076958e+01
4.505600000000000000e+04 4.951102426359076958e+01
4.710400000000000000e+04 4.951102426359076958e+01
4.915200000000000000e+04 4.951102426359076958e+01
5.120000000000000000e+04 4.951102426359076958e+01
5.324800000000000000e+04 4.951102426359076958e+01
5.529600000000000000e+04 4.951102426359076958e+01
5.734400000000000000e+04 3.562806137008541896e+01
5.939200000000000000e+04 3.562806137008541896e+01
6.144000000000000000e+04 3.562806137008541896e+01
6.348800000000000000e+04 3.562806137008541896e+01
6.553600000000000000e+04 3.562806137008541896e+01
6.758400000000000000e+04 3.562806137008541896e+01
6.963200000000000000e+04 3.562806137008541896e+01
7.168000000000000000e+04 3.562806137008541896e+01
7.372800000000000000e+04 3.562806137008541896e+01
7.577600000000000000e+04 3.562806137008541896e+01
7.782400000000000000e+04 3.562806137008541896e+01
7.987200000000000000e+04 3.562806137008541896e+01
8.192000000000000000e+04 3.562806137008541896e+01
8.396800000000000000e+04 3.562806137008541896e+01
8.601600000000000000e+04 3.562806137008541896e+01
8.806400000000000000e+04 3.562806137008541896e+01
9.011200000000000000e+04 3.562806137008541896e+01
9.216000000000000000e+04 3.562806137008541896e+01
9.420800000000000000e+04 3.562806137008541896e+01
9.625600000000000000e+04 3.562806137008541896e+01
9.830400000000000000e+04 3.562806137008541896e+01
1.003520000000000000e+05 3.562806137008541896e+01
1.024000000000000000e+05 3.562806137008541896e+01
1.044480000000000000e+05 3.562806137008541896e+01
1.064960000000000000e+05 3.562806137008541896e+01
1.085440000000000000e+05 3.562806137008541896e+01
1.105920000000000000e+05 3.562806137008541896e+01
1.126400000000000000e+05 3.562806137008541896e+01
1.146880000000000000e+05 3.562806137008541896e+01
1.167360000000000000e+05 3.562806137008541896e+01
1.187840000000000000e+05 3.562806137008541896e+01
1.208320000000000000e+05 3.562806137008541896e+01
1.228800000000000000e+05 3.562806137008541896e+01
1.249280000000000000e+05 3.562806137008541896e+01
1.269760000000000000e+05 3.562806137008541896e+01
1.290240000000000000e+05 3.562806137008541896e+01
1.310720000000000000e+05 3.562806137008541896e+01
1.331200000000000000e+05 3.562806137008541896e+01
1.351680000000000000e+05 3.562806137008541896e+01
1.372160000000000000e+05 3.562806137008541896e+01
1.392640000000000000e+05 3.562806137008541896e+01
1.413120000000000000e+05 2.564510602044505205e+01
1.433600000000000000e+05 2.564510602044505205e+01
1.454080000000000000e+05 2.564510602044505205e+01
1.474560000000000000e+05 2.564510602044505205e+01
1.495040000000000000e+05 2.564510602044505205e+01
1.515520000000000000e+05 2.564510602044505205e+01
1.536000000000000000e+05 2.564510602044505205e+01
1.556480000000000000e+05 2.564510602044505205e+01
1.576960000000000000e+05 2.564510602044505205e+01
1.597440000000000000e+05 2.564510602044505205e+01
1.617920000000000000e+05 2.564510602044505205e+01
1.638400000000000000e+05 2.564510602044505205e+01
1.658880000000000000e+05 2.564510602044505205e+01
1.679360000000000000e+05 2.564510602044505205e+01
1.699840000000000000e+05 2.564510602044505205e+01
1.720320000000000000e+05 1.706674782176551020e+01
1.740800000000000000e+05 1.706674782176551020e+01
1.761280000000000000e+05 1.706674782176551020e+01
1.781760000000000000e+05 1.706674782176551020e+01
1.802240000000000000e+05 1.706674782176551020e+01
1.822720000000000000e+05 1.706674782176551020e+01
1.843200000000000000e+05 1.706674782176551020e+01
1.863680000000000000e+05 1.706674782176551020e+01
1.884160000000000000e+05 1.706674782176551020e+01
1.904640000000000000e+05 1.706674782176551020e+01
1.925120000000000000e+05 1.706674782176551020e+01
1.945600000000000000e+05 1.706674782176551020e+01
1.966080000000000000e+05 1.706674782176551020e+01
1.986560000000000000e+05 1.706674782176551020e+01
2.007040000000000000e+05 1.706674782176551020e+01
2.027520000000000000e+05 1.706674782176551020e+01
2.048000000000000000e+05 1.706674782176551020e+01
2.068480000000000000e+05 1.706674782176551020e+01
2.088960000000000000e+05 1.706674782176551020e+01
2.109440000000000000e+05 1.706674782176551020e+01
2.129920000000000000e+05 1.706674782176551020e+01
2.150400000000000000e+05 1.135353667239786191e+01
2.170880000000000000e+05 1.135353667239786191e+01
2.191360000000000000e+05 1.135353667239786191e+01
2.211840000000000000e+05 1.135353667239786191e+01
2.232320000000000000e+05 1.135353667239786191e+01
2.252800000000000000e+05 1.135353667239786191e+01
2.273280000000000000e+05 1.135353667239786191e+01
2.293760000000000000e+05 1.135353667239786191e+01
2.314240000000000000e+05 1.135353667239786191e+01
2.334720000000000000e+05 1.135353667239786191e+01
2.355200000000000000e+05 1.135353667239786191e+01
2.375680000000000000e+05 1.135353667239786191e+01
2.396160000000000000e+05 1.135353667239786191e+01
2.416640000000000000e+05 1.135353667239786191e+01
2.437120000000000000e+05 1.135353667239786191e+01
2.457600000000000000e+05 1.135353667239786191e+01
2.478080000000000000e+05 1.135353667239786191e+01
2.498560000000000000e+05 1.135353667239786191e+01
2.519040000000000000e+05 1.135353667239786191e+01
2.539520000000000000e+05 1.135353667239786191e+01
2.560000000000000000e+05 1.135353667239786191e+01
2.580480000000000000e+05 1.135353667239786191e+01
2.600960000000000000e+05 1.135353667239786191e+01
2.621440000000000000e+05 1.135353667239786191e+01
2.641920000000000000e+05 1.135353667239786191e+01
2.662400000000000000e+05 1.135353667239786191e+01
2.682880000000000000e+05 7.836614804665952505e+00
2.703360000000000000e+05 7.836614804665952505e+00
2.723840000000000000e+05 7.836614804665952505e+00
2.744320000000000000e+05 7.836614804665952505e+00
2.764800000000000000e+05 7.836614804665952505e+00
2.785280000000000000e+05 7.836614804665952505e+00
2.805760000000000000e+05 7.836614804665952505e+00
2.826240000000000000e+05 7.836614804665952505e+00
2.846720000000000000e+05 7.836614804665952505e+00
2.867200000000000000e+05 7.836614804665952505e+00
2.887680000000000000e+05 7.836614804665952505e+00
2.908160000000000000e+05 7.836614804665952505e+00
2.928640000000000000e+05 7.836614804665952505e+00
2.949120000000000000e+05 7.836614804665952505e+00
2.969600000000000000e+05 7.836614804665952505e+00
2.990080000000000000e+05 7.836614804665952505e+00
3.010560000000000000e+05 7.836614804665952505e+00
3.031040000000000000e+05 7.836614804665952505e+00
3.051520000000000000e+05 7.836614804665952505e+00
3.072000000000000000e+05 7.836614804665952505e+00
3.092480000000000000e+05 7.836614804665952505e+00
3.112960000000000000e+05 7.836614804665952505e+00
3.133440000000000000e+05 7.836614804665952505e+00
3.153920000000000000e+05 7.836614804665952505e+00
3.174400000000000000e+05 7.836614804665952505e+00
3.194880000000000000e+05 7.836614804665952505e+00
3.215360000000000000e+05 7.836614804665952505e+00
3.235840000000000000e+05 7.836614804665952505e+00
3.256320000000000000e+05 7.836614804665952505e+00
3.276800000000000000e+05 7.836614804665952505e+00
3.297280000000000000e+05 7.836614804665952505e+00
3.317760000000000000e+05 7.836614804665952505e+00
3.338240000000000000e+05 7.836614804665952505e+00
3.358720000000000000e+05 7.836614804665952505e+00
3.379200000000000000e+05 7.750387098437555800e+00
3.399680000000000000e+05 7.750387098437555800e+00
3.420160000000000000e+05 7.750387098437555800e+00
3.440640000000000000e+05 7.750387098437555800e+00
3.461120000000000000e+05 7.750387098437555800e+00
3.481600000000000000e+05 7.750387098437555800e+00
3.502080000000000000e+05 7.750387098437555800e+00
3.522560000000000000e+05 7.750387098437555800e+00
3.543040000000000000e+05 7.750387098437555800e+00
3.563520000000000000e+05 7.750387098437555800e+00
3.584000000000000000e+05 6.641791461221933979e+00
3.604480000000000000e+05 6.641791461221933979e+00
3.624960000000000000e+05 6.641791461221933979e+00
3.645440000000000000e+05 6.641791461221933979e+00
3.665920000000000000e+05 6.641791461221933979e+00
3.686400000000000000e+05 6.641791461221933979e+00
3.706880000000000000e+05 6.641791461221933979e+00
3.727360000000000000e+05 6.641791461221933979e+00
3.747840000000000000e+05 6.641791461221933979e+00
3.768320000000000000e+05 6.641791461221933979e+00
3.788800000000000000e+05 6.641791461221933979e+00
3.809280000000000000e+05 6.641791461221933979e+00
3.829760000000000000e+05 6.641791461221933979e+00
3.850240000000000000e+05 6.641791461221933979e+00
3.870720000000000000e+05 6.641791461221933979e+00
3.891200000000000000e+05 6.641791461221933979e+00
3.911680000000000000e+05 6.641791461221933979e+00
3.932160000000000000e+05 6.641791461221933979e+00
3.952640000000000000e+05 6.641791461221933979e+00
3.973120000000000000e+05 6.641791461221933979e+00
3.993600000000000000e+05 6.641791461221933979e+00
4.014080000000000000e+05 6.641791461221933979e+00
4.034560000000000000e+05 6.641791461221933979e+00
4.055040000000000000e+05 6.641791461221933979e+00
4.075520000000000000e+05 6.641791461221933979e+00
4.096000000000000000e+05 6.641791461221933979e+00
4.116480000000000000e+05 6.641791461221933979e+00
4.136960000000000000e+05 6.641791461221933979e+00
4.157440000000000000e+05 4.906359993107307638e+00
4.177920000000000000e+05 4.906359993107307638e+00
4.198400000000000000e+05 4.906359993107307638e+00
4.218880000000000000e+05 2.948927705453272097e+00
4.239360000000000000e+05 2.948927705453272097e+00
4.259840000000000000e+05 2.948927705453272097e+00
4.280320000000000000e+05 2.948927705453272097e+00
4.300800000000000000e+05 2.948927705453272097e+00
4.321280000000000000e+05 2.948927705453272097e+00
4.341760000000000000e+05 2.948927705453272097e+00
4.362240000000000000e+05 2.948927705453272097e+00
4.382720000000000000e+05 2.948927705453272097e+00
4.403200000000000000e+05 2.948927705453272097e+00
4.423680000000000000e+05 2.948927705453272097e+00
4.444160000000000000e+05 2.948927705453272097e+00
4.464640000000000000e+05 2.948927705453272097e+00
4.485120000000000000e+05 2.948927705453272097e+00
4.505600000000000000e+05 2.948927705453272097e+00
4.526080000000000000e+05 2.948927705453272097e+00
4.546560000000000000e+05 2.948927705453272097e+00
4.567040000000000000e+05 2.948927705453272097e+00
4.587520000000000000e+05 2.948927705453272097e+00
4.608000000000000000e+05 2.948927705453272097e+00
4.628480000000000000e+05 2.948927705453272097e+00
4.648960000000000000e+05 2.948927705453272097e+00
4.669440000000000000e+05 2.948927705453272097e+00
4.689920000000000000e+05 2.948927705453272097e+00
4.710400000000000000e+05 2.948927705453272097e+00
4.730880000000000000e+05 2.948927705453272097e+00
4.751360000000000000e+05 2.948927705453272097e+00
4.771840000000000000e+05 2.324730510267782879e+00
4.792320000000000000e+05 2.324730510267782879e+00
4.812800000000000000e+05 2.324730510267782879e+00
4.833280000000000000e+05 2.324730510267782879e+00
4.853760000000000000e+05 2.324730510267782879e+00
4.874240000000000000e+05 2.324730510267782879e+00
4.894720000000000000e+05 2.324730510267782879e+00
4.915200000000000000e+05 2.324730510267782879e+00
4.935680000000000000e+05 2.324730510267782879e+00
4.956160000000000000e+05 2.324730510267782879e+00
4.976640000000000000e+05 2.324730510267782879e+00
4.997120000000000000e+05 2.324730510267782879e+00
5.017600000000000000e+05 2.324730510267782879e+00
5.038080000000000000e+05 2.324730510267782879e+00
5.058560000000000000e+05 2.324730510267782879e+00
5.079040000000000000e+05 2.324730510267782879e+00
5.099520000000000000e+05 2.324730510267782879e+00
5.120000000000000000e+05 2.324730510267782879e+00
5.140480000000000000e+05 2.324730510267782879e+00
5.160960000000000000e+05 2.324730510267782879e+00
5.181440000000000000e+05 2.324730510267782879e+00
5.201920000000000000e+05 2.324730510267782879e+00
5.222400000000000000e+05 2.324730510267782879e+00
5.242880000000000000e+05 2.324730510267782879e+00
5.263360000000000000e+05 2.324730510267782879e+00
5.283840000000000000e+05 2.324730510267782879e+00
5.304320000000000000e+05 2.324730510267782879e+00
5.324800000000000000e+05 2.324730510267782879e+00
5.345280000000000000e+05 2.324730510267782879e+00
5.365760000000000000e+05 2.136922975892089127e+00
5.386240000000000000e+05 2.136922975892089127e+00
5.406720000000000000e+05 2.136922975892089127e+00
5.427200000000000000e+05 2.136922975892089127e+00
5.447680000000000000e+05 2.136922975892089127e+00
5.468160000000000000e+05 2.136922975892089127e+00
5.488640000000000000e+05 2.136922975892089127e+00
5.509120000000000000e+05 2.136922975892089127e+00
5.529600000000000000e+05 2.136922975892089127e+00
5.550080000000000000e+05 2.136922975892089127e+00
5.570560000000000000e+05 2.136922975892089127e+00
5.591040000000000000e+05 2.136922975892089127e+00
5.611520000000000000e+05 1.151683407124208358e+00
5.632000000000000000e+05 1.151683407124208358e+00
5.652480000000000000e+05 1.151683407124208358e+00
5.672960000000000000e+05 1.151683407124208358e+00
5.693440000000000000e+05 1.151683407124208358e+00
5.713920000000000000e+05 1.151683407124208358e+00
5.734400000000000000e+05 1.151683407124208358e+00
5.754880000000000000e+05 1.151683407124208358e+00
5.775360000000000000e+05 1.151683407124208358e+00
5.795840000000000000e+05 1.151683407124208358e+00
5.816320000000000000e+05 1.151683407124208358e+00
5.836800000000000000e+05 1.151683407124208358e+00
5.857280000000000000e+05 1.151683407124208358e+00
5.877760000000000000e+05 1.151683407124208358e+00
5.898240000000000000e+05 1.151683407124208358e+00
5.918720000000000000e+05 1.151683407124208358e+00
5.939200000000000000e+05 1.151683407124208358e+00
5.959680000000000000e+05 1.151683407124208358e+00
5.980160000000000000e+05 1.151683407124208358e+00
6.000640000000000000e+05 1.151683407124208358e+00
6.021120000000000000e+05 1.151683407124208358e+00
6.041600000000000000e+05 1.151683407124208358e+00
6.062080000000000000e+05 1.151683407124208358e+00
6.082560000000000000e+05 1.151683407124208358e+00
6.103040000000000000e+05 1.151683407124208358e+00
6.123520000000000000e+05 1.151683407124208358e+00
6.144000000000000000e+05 1.151683407124208358e+00
6.164480000000000000e+05 1.151683407124208358e+00
6.184960000000000000e+05 1.151683407124208358e+00
6.205440000000000000e+05 1.151683407124208358e+00
6.225920000000000000e+05 1.151683407124208358e+00
6.246400000000000000e+05 1.151683407124208358e+00
6.266880000000000000e+05 1.151683407124208358e+00
6.287360000000000000e+05 1.151683407124208358e+00
6.307840000000000000e+05 1.151683407124208358e+00
6.328320000000000000e+05 1.151683407124208358e+00
6.348800000000000000e+05 1.151683407124208358e+00
6.369280000000000000e+05 1.151683407124208358e+00
6.389760000000000000e+05 1.151683407124208358e+00
6.410240000000000000e+05 1.151683407124208358e+00
6.430720000000000000e+05 1.151683407124208358e+00
6.451200000000000000e+05 1.151683407124208358e+00
6.471680000000000000e+05 1.151683407124208358e+00
6.492160000000000000e+05 1.070516798527897384e+00
6.512640000000000000e+05 1.070516798527897384e+00
6.533120000000000000e+05 1.070516798527897384e+00
6.553600000000000000e+05 1.070516798527897384e+00
6.574080000000000000e+05 1.070516798527897384e+00
6.594560000000000000e+05 1.070516798527897384e+00
6.615040000000000000e+05 9.379091047395876624e-01
6.635520000000000000e+05 9.379091047395876624e-01
6.656000000000000000e+05 9.379091047395876624e-01
6.676480000000000000e+05 9.379091047395876624e-01
6.696960000000000000e+05 9.379091047395876624e-01
6.717440000000000000e+05 9.379091047395876624e-01
6.737920000000000000e+05 9.379091047395876624e-01
6.758400000000000000e+05 9.379091047395876624e-01
6.778880000000000000e+05 9.379091047395876624e-01
6.799360000000000000e+05 9.379091047395876624e-01
6.819840000000000000e+05 4.879160864698202094e-01
6.840320000000000000e+05 4.879160864698202094e-01
6.860800000000000000e+05 4.879160864698202094e-01
6.881280000000000000e+05 4.879160864698202094e-01
6.901760000000000000e+05 4.879160864698202094e-01
6.922240000000000000e+05 4.879160864698202094e-01
6.942720000000000000e+05 4.879160864698202094e-01
6.963200000000000000e+05 4.879160864698202094e-01
6.983680000000000000e+05 4.879160864698202094e-01
7.004160000000000000e+05 4.879160864698202094e-01
7.024640000000000000e+05 4.879160864698202094e-01
7.045120000000000000e+05 4.879160864698202094e-01
7.065600000000000000e+05 4.879160864698202094e-01
7.086080000000000000e+05 4.879160864698202094e-01
7.106560000000000000e+05 4.879160864698202094e-01
7.127040000000000000e+05 4.879160864698202094e-01
7.147520000000000000e+05 4.879160864698202094e-01
7.168000000000000000e+05 4.879160864698202094e-01
7.188480000000000000e+05 4.879160864698202094e-01
7.208960000000000000e+05 4.879160864698202094e-01
7.229440000000000000e+05 4.879160864698202094e-01
7.249920000000000000e+05 4.879160864698202094e-01
7.270400000000000000e+05 4.879160864698202094e-01
7.290880000000000000e+05 4.879160864698202094e-01
7.311360000000000000e+05 4.879160864698202094e-01
7.331840000000000000e+05 4.879160864698202094e-01
7.352320000000000000e+05 4.879160864698202094e-01
7.372800000000000000e+05 4.879160864698202094e-01
7.393280000000000000e+05 4.879160864698202094e-01
7.413760000000000000e+05 4.879160864698202094e-01
7.434240000000000000e+05 4.879160864698202094e-01
7.454720000000000000e+05 4.879160864698202094e-01
7.475200000000000000e+05 4.879160864698202094e-01
7.495680000000000000e+05 4.879160864698202094e-01
7.516160000000000000e+05 4.879160864698202094e-01
7.536640000000000000e+05 4.879160864698202094e-01
7.557120000000000000e+05 4.879160864698202094e-01
7.577600000000000000e+05 4.879160864698202094e-01
7.598080000000000000e+05 4.879160864698202094e-01
7.618560000000000000e+05 4.879160864698202094e-01
7.639040000000000000e+05 4.879160864698202094e-01
7.659520000000000000e+05 4.295555419273239250e-01
7.680000000000000000e+05 4.295555419273239250e-01
7.700480000000000000e+05 4.295555419273239250e-01
7.720960000000000000e+05 4.295555419273239250e-01
7.741440000000000000e+05 4.295555419273239250e-01
7.761920000000000000e+05 3.753137511513126023e-01
7.782400000000000000e+05 3.753137511513126023e-01
7.802880000000000000e+05 3.753137511513126023e-01
7.823360000000000000e+05 3.753137511513126023e-01
7.843840000000000000e+05 3.753137511513126023e-01
7.864320000000000000e+05 3.753137511513126023e-01
7.884800000000000000e+05 3.753137511513126023e-01
7.905280000000000000e+05 3.753137511513126023e-01
7.925760000000000000e+05 3.753137511513126023e-01
7.946240000000000000e+05 3.356271567985294468e-01
7.966720000000000000e+05 3.356271567985294468e-01
7.987200000000000000e+05 3.356271567985294468e-01
8.007680000000000000e+05 3.356271567985294468e-01
8.028160000000000000e+05 3.356271567985294468e-01
8.048640000000000000e+05 3.356271567985294468e-01
8.069120000000000000e+05 3.356271567985294468e-01
8.089600000000000000e+05 3.356271567985294468e-01
8.110080000000000000e+05 3.356271567985294468e-01
8.130560000000000000e+05 3.356271567985294468e-01
8.151040000000000000e+05 3.356271567985294468e-01
8.171520000000000000e+05 2.766379079639615379e-01
8.192000000000000000e+05 2.766379079639615379e-01
8.212480000000000000e+05 2.766379079639615379e-01
8.232960000000000000e+05 1.996412590708452339e-01
8.253440000000000000e+05 1.996412590708452339e-01
8.273920000000000000e+05 1.996412590708452339e-01
8.294400000000000000e+05 1.996412590708452339e-01
8.314880000000000000e+05 1.996412590708452339e-01
8.335360000000000000e+05 1.996412590708452339e-01
8.355840000000000000e+05 1.996412590708452339e-01
8.376320000000000000e+05 1.996412590708452339e-01
8.396800000000000000e+05 1.996412590708452339e-01
8.417280000000000000e+05 1.996412590708452339e-01
8.437760000000000000e+05 1.996412590708452339e-01
8.458240000000000000e+05 1.996412590708452339e-01
8.478720000000000000e+05 1.996412590708452339e-01
8.499200000000000000e+05 1.996412590708452339e-01
8.519680000000000000e+05 1.996412590708452339e-01
8.540160000000000000e+05 1.996412590708452339e-01
8.560640000000000000e+05 1.996412590708452339e-01
8.581120000000000000e+05 1.996412590708452339e-01
8.601600000000000000e+05 1.996412590708452339e-01
8.622080000000000000e+05 1.996412590708452339e-01
8.642560000000000000e+05 1.996412590708452339e-01
8.663040000000000000e+05 1.996412590708452339e-01
8.683520000000000000e+05 1.996412590708452339e-01
8.704000000000000000e+05 1.996412590708452339e-01
8.724480000000000000e+05 1.996412590708452339e-01
8.744960000000000000e+05 1.996412590708452339e-01
8.765440000000000000e+05 1.996412590708452339e-01
8.785920000000000000e+05 1.996412590708452339e-01
8.806400000000000000e+05 1.577946486670349924e-01
8.826880000000000000e+05 1.577946486670349924e-01
8.847360000000000000e+05 1.577946486670349924e-01
8.867840000000000000e+05 1.577946486670349924e-01
8.888320000000000000e+05 1.577946486670349924e-01
8.908800000000000000e+05 1.577946486670349924e-01
8.929280000000000000e+05 1.577946486670349924e-01
8.949760000000000000e+05 1.577946486670349924e-01
8.970240000000000000e+05 1.577946486670349924e-01
8.990720000000000000e+05 1.577946486670349924e-01
9.011200000000000000e+05 1.577946486670349924e-01
9.031680000000000000e+05 1.577946486670349924e-01
9.052160000000000000e+05 1.577946486670349924e-01
9.072640000000000000e+05 1.577946486670349924e-01
9.093120000000000000e+05 1.577946486670349924e-01
9.113600000000000000e+05 1.577946486670349924e-01
9.134080000000000000e+05 1.577946486670349924e-01
9.154560000000000000e+05 1.577946486670349924e-01
9.175040000000000000e+05 1.577946486670349924e-01
9.195520000000000000e+05 1.571633045978594878e-01
9.216000000000000000e+05 1.571633045978594878e-01
9.236480000000000000e+05 1.571633045978594878e-01
9.256960000000000000e+05 1.571633045978594878e-01
9.277440000000000000e+05 1.571633045978594878e-01
9.297920000000000000e+05 1.571633045978594878e-01
9.318400000000000000e+05 1.571633045978594878e-01
9.338880000000000000e+05 1.248948546061506987e-01
9.359360000000000000e+05 1.248948546061506987e-01
9.379840000000000000e+05 1.248948546061506987e-01
9.400320000000000000e+05 1.248948546061506987e-01
9.420800000000000000e+05 1.248948546061506987e-01
9.441280000000000000e+05 1.248948546061506987e-01
9.461760000000000000e+05 1.248948546061506987e-01
9.482240000000000000e+05 1.248948546061506987e-01
9.502720000000000000e+05 1.248948546061506987e-01
9.523200000000000000e+05 1.248948546061506987e-01
9.543680000000000000e+05 1.248948546061506987e-01
9.564160000000000000e+05 1.248948546061506987e-01
9.584640000000000000e+05 1.248948546061506987e-01
9.605120000000000000e+05 1.248948546061506987e-01
9.625600000000000000e+05 1.248948546061506987e-01
9.646080000000000000e+05 1.248948546061506987e-01
9.666560000000000000e+05 1.248948546061506987e-01
9.687040000000000000e+05 1.248948546061506987e-01
9.707520000000000000e+05 1.248948546061506987e-01
9.728000000000000000e+05 1.248948546061506987e-01
9.748480000000000000e+05 1.248948546061506987e-01
9.768960000000000000e+05 1.248948546061506987e-01
9.789440000000000000e+05 1.080357808779705830e-01
9.809920000000000000e+05 1.080357808779705830e-01
9.830400000000000000e+05 6.890133718579967426e-02
9.850880000000000000e+05 6.890133718579967426e-02
9.871360000000000000e+05 6.890133718579967426e-02
9.891840000000000000e+05 6.890133718579967426e-02
9.912320000000000000e+05 6.890133718579967426e-02
9.932800000000000000e+05 6.890133718579967426e-02
9.953280000000000000e+05 6.890133718579967426e-02
9.973760000000000000e+05 6.890133718579967426e-02
9.994240000000000000e+05 6.890133718579967426e-02
1.001472000000000000e+06 6.890133718579967426e-02
