1.024000000000000000e+03 2.607852191021740396e+01
2.048000000000000000e+03 2.607852191021740396e+01
3.072000000000000000e+03 2.607852191021740396e+01
4.096000000000000000e+03 1.710648943824707757e+01
5.120000000000000000e+03 1.710648943824707757e+01
6.144000000000000000e+03 1.710648943824707757e+01
7.168000000000000000e+03 1.710648943824707757e+01
8.192000000000000000e+03 1.710648943824707757e+01
9.216000000000000000e+03 1.240575697155537860e+01
1.024000000000000000e+04 9.475274362514888082e+00
1.126400000000000000e+04 9.475274362514888082e+00
1.228800000000000000e+04 9.475274362514888082e+00
1.331200000000000000e+04 9.475274362514888082e+00
1.433600000000000000e+04 9.475274362514888082e+00
1.536000000000000000e+04 9.475274362514888082e+00
1.638400000000000000e+04 9.475274362514888082e+00
1.740800000000000000e+04 9.475274362514888082e+00
1.843200000000000000e+04 9.475274362514888082e+00
1.945600000000000000e+04 9.475274362514888082e+00
2.048000000000000000e+04 9.475274362514888082e+00
2.150400000000000000e+04 9.475274362514888082e+00
2.252800000000000000e+04 9.475274362514888082e+00
2.355200000000000000e+04 5.615159401907233061e+00
2.457600000000000000e+04 5.615159401907233061e+00
2.560000000000000000e+04 5.615159401907233061e+00
2.662400000000000000e+04 5.615159401907233061e+00
2.764800000000000000e+04 5.615159401907233061e+00
2.867200000000000000e+04 5.615159401907233061e+00
2.969600000000000000e+04 5.615159401907233061e+00
3.072000000000000000e+04 5.615159401907233061e+00
3.174400000000000000e+04 5.615159401907233061e+00
3.276800000000000000e+04 5.615159401907233061e+00
3.379200000000000000e+04 5.615159401907233061e+00
3.481600000000000000e+04 5.615159401907233061e+00
3.584000000000000000e+04 5.615159401907233061e+00
3.686400000000000000e+04 5.615159401907233061e+00
3.788800000000000000e+04 5.615159401907233061e+00
3.891200000000000000e+04 5.615159401907233061e+00
3.993600000000000000e+04 5.615159401907233061e+00
4.096000000000000000e+04 5.615159401907233061e+00
4.198400000000000000e+04 5.615159401907233061e+00
4.300800000000000000e+04 5.615159401907233061e+00
4.403200000000000000e+04 5.615159401907233061e+00
4.505600000000000000e+04 5.615159401907233061e+00
4.608000000000000000e+04 5.615159401907233061e+00
4.710400000000000000e+04 5.615159401907233061e+00
4.812800000000000000e+04 5.615159401907233061e+00
4.915200000000000000e+04 5.615159401907233061e+00
5.017600000000000000e+04 5.615159401907233061e+00
5.120000000000000000e+04 4.740477369710978550e+00
5.222400000000000000e+04 4.740477369710978550e+00
5.324800000000000000e+04 4.508443445376709491e+00
5.427200000000000000e+04 4.508443445376709491e+00
5.529600000000000000e+04 4.508443445376709491e+00
5.632000000000000000e+04 4.508443445376709491e+00
5.734400000000000000e+04 4.508443445376709491e+00
5.836800000000000000e+04 2.616124259761173132e+00
5.939200000000000000e+04 2.616124259761173132e+00
6.041600000000000000e+04 2.616124259761173132e+00
6.144000000000000000e+04 2.616124259761173132e+00
6.246400000000000000e+04 2.616124259761173132e+00
6.348800000000000000e+04 2.616124259761173132e+00
6.451200000000000000e+04 2.616124259761173132e+00
6.553600000000000000e+04 2.616124259761173132e+00
6.656000000000000000e+04 2.616124259761173132e+00
6.758400000000000000e+04 2.616124259761173132e+00
6.860800000000000000e+04 2.616124259761173132e+00
6.963200000000000000e+04 2.616124259761173132e+00
7.065600000000000000e+04 2.616124259761173132e+00
7.168000000000000000e+04 2.616124259761173132e+00
7.270400000000000000e+04 2.299294687419644490e+00
7.372800000000000000e+04 2.299294687419644490e+00
7.475200000000000000e+04 1.798603567009889659e+00
7.577600000000000000e+04 1.798603567009889659e+00
7.680000000000000000e+04 1.798603567009889659e+00
7.782400000000000000e+04 1.798603567009889659e+00
7.884800000000000000e+04 1.798603567009889659e+00
7.987200000000000000e+04 1.798603567009889659e+00
8.089600000000000000e+04 1.798603567009889659e+00
8.192000000000000000e+04 1.798603567009889659e+00
8.294400000000000000e+04 1.798603567009889659e+00
8.396800000000000000e+04 1.798603567009889659e+00
8.499200000000000000e+04 1.798603567009889659e+00
8.601600000000000000e+04 1.798603567009889659e+00
8.704000000000000000e+04 1.589062189599840691e+00
8.806400000000000000e+04 1.589062189599840691e+00
8.908800000000000000e+04 6.525188560296133478e-01
9.011200000000000000e+04 6.525188560296133478e-01
9.113600000000000000e+04 6.525188560296133478e-01
9.216000000000000000e+04 6.525188560296133478e-01
9.318400000000000000e+04 6.525188560296133478e-01
9.420800000000000000e+04 6.525188560296133478e-01
9.523200000000000000e+04 6.525188560296133478e-01
9.625600000000000000e+04 6.525188560296133478e-01
9.728000000000000000e+04 6.525188560296133478e-01
9.830400000000000000e+04 6.525188560296133478e-01
9.932800000000000000e+04 6.525188560296133478e-01
1.003520000000000000e+05 6.525188560296133478e-01
1.013760000000000000e+05 6.525188560296133478e-01
1.024000000000000000e+05 6.525188560296133478e-01
1.034240000000000000e+05 6.525188560296133478e-01
1.044480000000000000e+05 6.525188560296133478e-01
1.054720000000000000e+05 6.525188560296133478e-01
1.064960000000000000e+05 6.525188560296133478e-01
1.075200000000000000e+05 6.260731797527749887e-01
1.085440000000000000e+05 6.260731797527749887e-01
1.095680000000000000e+05 6.260731797527749887e-01
1.105920000000000000e+05 6.260731797527749887e-01
1.116160000000000000e+05 6.260731797527749887e-01
1.126400000000000000e+05 6.260731797527749887e-01
1.136640000000000000e+05 6.260731797527749887e-01
1.146880000000000000e+05 6.260731797527749887e-01
1.157120000000000000e+05 6.260731797527749887e-01
1.167360000000000000e+05 6.260731797527749887e-01
1.177600000000000000e+05 6.260731797527749887e-01
1.187840000000000000e+05 6.260731797527749887e-01
1.198080000000000000e+05 6.260731797527749887e-01
1.208320000000000000e+05 5.985969318283527185e-01
1.218560000000000000e+05 5.985969318283527185e-01
1.228800000000000000e+05 5.700605480830719385e-01
1.239040000000000000e+05 5.700605480830719385e-01
1.249280000000000000e+05 5.700605480830719385e-01
1.259520000000000000e+05 5.520074227672944200e-01
1.269760000000000000e+05 5.520074227672944200e-01
1.280000000000000000e+05 5.520074227672944200e-01
1.290240000000000000e+05 5.520074227672944200e-01
1.300480000000000000e+05 3.222300119406716346e-01
1.310720000000000000e+05 3.222300119406716346e-01
1.320960000000000000e+05 3.222300119406716346e-01
1.331200000000000000e+05 3.222300119406716346e-01
1.341440000000000000e+05 2.589471504645773914e-01
1.351680000000000000e+05 2.589471504645773914e-01
1.361920000000000000e+05 2.208793982147691792e-01
1.372160000000000000e+05 2.208793982147691792e-01
1.382400000000000000e+05 2.208793982147691792e-01
1.392640000000000000e+05 2.208793982147691792e-01
1.402880000000000000e+05 2.208793982147691792e-01
1.413120000000000000e+05 2.208793982147691792e-01
1.423360000000000000e+05 2.208793982147691792e-01
1.433600000000000000e+05 2.208793982147691792e-01
1.443840000000000000e+05 2.208793982147691792e-01
1.454080000000000000e+05 2.208793982147691792e-01
1.464320000000000000e+05 2.208793982147691792e-01
1.474560000000000000e+05 2.208793982147691792e-01
1.484800000000000000e+05 2.208793982147691792e-01
1.495040000000000000e+05 2.208793982147691792e-01
1.505280000000000000e+05 2.208793982147691792e-01
1.515520000000000000e+05 2.208793982147691792e-01
1.525760000000000000e+05 1.020266442302587284e-01
1.536000000000000000e+05 1.020266442302587284e-01
1.546240000000000000e+05 1.020266442302587284e-01
1.556480000000000000e+05 1.020266442302587284e-01
1.566720000000000000e+05 1.020266442302587284e-01
1.576960000000000000e+05 1.020266442302587284e-01
1.587200000000000000e+05 1.020266442302587284e-01
1.597440000000000000e+05 1.020266442302587284e-01
1.607680000000000000e+05 1.020266442302587284e-01
1.617920000000000000e+05 9.942980417895080913e-02
1.628160000000000000e+05 9.942980417895080913e-02
1.638400000000000000e+05 9.942980417895080913e-02
1.648640000000000000e+05 9.942980417895080913e-02
1.658880000000000000e+05 9.942980417895080913e-02
1.669120000000000000e+05 9.942980417895080913e-02
1.679360000000000000e+05 9.942980417895080913e-02
1.689600000000000000e+05 9.942980417895080913e-02
1.699840000000000000e+05 9.942980417895080913e-02
1.710080000000000000e+05 9.942980417895080913e-02
1.720320000000000000e+05 9.942980417895080913e-02
1.730560000000000000e+05 9.942980417895080913e-02
1.740800000000000000e+05 9.942980417895080913e-02
1.751040000000000000e+05 9.942980417895080913e-02
1.761280000000000000e+05 9.942980417895080913e-02
1.771520000000000000e+05 9.942980417895080913e-02
1.781760000000000000e+05 9.942980417895080913e-02
1.792000000000000000e+05 9.942980417895080913e-02
1.802240000000000000e+05 9.942980417895080913e-02
1.812480000000000000e+05 9.942980417895080913e-02
1.822720000000000000e+05 9.942980417895080913e-02
1.832960000000000000e+05 9.942980417895080913e-02
1.843200000000000000e+05 9.942980417895080913e-02
1.853440000000000000e+05 9.942980417895080913e-02
1.863680000000000000e+05 9.942980417895080913e-02
1.873920000000000000e+05 9.942980417895080913e-02
1.884160000000000000e+05 9.942980417895080913e-02
1.894400000000000000e+05 9.942980417895080913e-02
1.904640000000000000e+05 6.842632185517122378e-02
1.914880000000000000e+05 6.842632185517122378e-02
1.925120000000000000e+05 6.842632185517122378e-02
1.935360000000000000e+05 6.842632185517122378e-02
1.945600000000000000e+05 6.842632185517122378e-02
1.955840000000000000e+05 6.842632185517122378e-02
1.966080000000000000e+05 5.082419970099875950e-02
1.976320000000000000e+05 5.082419970099875950e-02
1.986560000000000000e+05 5.082419970099875950e-02
1.996800000000000000e+05 5.082419970099875950e-02
2.007040000000000000e+05 5.082419970099875950e-02
2.017280000000000000e+05 5.082419970099875950e-02
2.027520000000000000e+05 5.082419970099875950e-02
2.037760000000000000e+05 5.082419970099875950e-02
2.048000000000000000e+05 5.082419970099875950e-02
2.058240000000000000e+05 5.082419970099875950e-02
2.068480000000000000e+05 5.082419970099875950e-02
2.078720000000000000e+05 5.082419970099875950e-02
2.088960000000000000e+05 5.082419970099875950e-02
2.099200000000000000e+05 5.082419970099875950e-02
2.109440000000000000e+05 5.082419970099875950e-02
2.119680000000000000e+05 5.082419970099875950e-02
2.129920000000000000e+05 5.082419970099875950e-02
2.140160000000000000e+05 5.082419970099875950e-02
2.150400000000000000e+05 5.082419970099875950e-02
2.160640000000000000e+05 5.082419970099875950e-02
2.170880000000000000e+05 5.082419970099875950e-02
2.181120000000000000e+05 2.653162501055698549e-02
2.191360000000000000e+05 2.653162501055698549e-02
2.201600000000000000e+05 2.653162501055698549e-02
2.211840000000000000e+05 2.653162501055698549e-02
2.222080000000000000e+05 2.653162501055698549e-02
2.232320000000000000e+05 2.653162501055698549e-02
2.242560000000000000e+05 2.653162501055698549e-02
2.252800000000000000e+05 2.000341837245127319e-02
2.263040000000000000e+05 2.000341837245127319e-02
2.273280000000000000e+05 2.000341837245127319e-02
2.283520000000000000e+05 2.000341837245127319e-02
2.293760000000000000e+05 2.000341837245127319e-02
2.304000000000000000e+05 2.000341837245127319e-02
2.314240000000000000e+05 2.000341837245127319e-02
2.324480000000000000e+05 2.000341837245127319e-02
2.334720000000000000e+05 2.000341837245127319e-02
2.344960000000000000e+05 2.000341837245127319e-02
2.355200000000000000e+05 2.000341837245127319e-02
2.365440000000000000e+05 2.000341837245127319e-02
2.375680000000000000e+05 2.000341837245127319e-02
2.385920000000000000e+05 2.000341837245127319e-02
2.396160000000000000e+05 2.000341837245127319e-02
2.406400000000000000e+05 2.000341837245127319e-02
2.416640000000000000e+05 2.000341837245127319e-02
2.426880000000000000e+05 2.000341837245127319e-02
2.437120000000000000e+05 2.000341837245127319e-02
2.447360000000000000e+05 2.000341837245127319e-02
2.457600000000000000e+05 2.000341837245127319e-02
2.467840000000000000e+05 2.000341837245127319e-02
2.478080000000000000e+05 2.000341837245127319e-02
2.488320000000000000e+05 2.000341837245127319e-02
2.498560000000000000e+05 2.000341837245127319e-02
2.508800000000000000e+05 2.000341837245127319e-02
2.519040000000000000e+05 1.078789372063609572e-02
2.529280000000000000e+05 1.078789372063609572e-02
2.539520000000000000e+05 1.078789372063609572e-02
2.549760000000000000e+05 1.078789372063609572e-02
2.560000000000000000e+05 1.078789372063609572e-02
2.570240000000000000e+05 1.078789372063609572e-02
2.580480000000000000e+05 1.078789372063609572e-02
2.590720000000000000e+05 1.078789372063609572e-02
2.600960000000000000e+05 1.078789372063609572e-02
2.611200000000000000e+05 1.078789372063609572e-02
2.621440000000000000e+05 1.078789372063609572e-02
2.631680000000000000e+05 1.078789372063609572e-02
2.641920000000000000e+05 1.078789372063609572e-02
2.652160000000000000e+05 9.004902790073970181e-03
2.662400000000000000e+05 9.004902790073970181e-03
2.672640000000000000e+05 6.847999051097957909e-03
2.682880000000000000e+05 6.847999051097957909e-03
2.693120000000000000e+05 6.847999051097957909e-03
2.703360000000000000e+05 6.847999051097957909e-03
2.713600000000000000e+05 6.847999051097957909e-03
2.723840000000000000e+05 6.847999051097957909e-03
2.734080000000000000e+05 6.847999051097957909e-03
2.744320000000000000e+05 6.847999051097957909e-03
2.754560000000000000e+05 6.847999051097957909e-03
2.764800000000000000e+05 6.847999051097957909e-03
2.775040000000000000e+05 6.847999051097957909e-03
2.785280000000000000e+05 6.847999051097957909e-03
2.795520000000000000e+05 6.847999051097957909e-03
2.805760000000000000e+05 6.847999051097957909e-03
2.816000000000000000e+05 6.847999051097957909e-03
2.826240000000000000e+05 6.847999051097957909e-03
2.836480000000000000e+05 6.847999051097957909e-03
2.846720000000000000e+05 6.709949512181620675e-03
2.856960000000000000e+05 6.709949512181620675e-03
2.867200000000000000e+05 6.264101899237105135e-03
2.877440000000000000e+05 4.302873292985455803e-03
2.887680000000000000e+05 4.302873292985455803e-03
2.897920000000000000e+05 4.302873292985455803e-03
2.908160000000000000e+05 4.302873292985455803e-03
2.918400000000000000e+05 4.302873292985455803e-03
2.928640000000000000e+05 4.295704473074249061e-03
2.938880000000000000e+05 4.295704473074249061e-03
2.949120000000000000e+05 4.295704473074249061e-03
2.959360000000000000e+05 4.295704473074249061e-03
2.969600000000000000e+05 4.295704473074249061e-03
2.979840000000000000e+05 4.295704473074249061e-03
2.990080000000000000e+05 4.295704473074249061e-03
3.000320000000000000e+05 4.295704473074249061e-03
3.010560000000000000e+05 4.295704473074249061e-03
3.020800000000000000e+05 4.295704473074249061e-03
3.031040000000000000e+05 4.295704473074249061e-03
3.041280000000000000e+05 4.295704473074249061e-03
3.051520000000000000e+05 4.295704473074249061e-03
3.061760000000000000e+05 4.295704473074249061e-03
3.072000000000000000e+05 2.869159528850375850e-03
3.082240000000000000e+05 2.869159528850375850e-03
3.092480000000000000e+05 2.869159528850375850e-03
3.102720000000000000e+05 2.869159528850375850e-03
3.112960000000000000e+05 2.869159528850375850e-03
3.123200000000000000e+05 2.869159528850375850e-03
3.133440000000000000e+05 2.869159528850375850e-03
3.143680000000000000e+05 2.869159528850375850e-03
3.153920000000000000e+05 2.869159528850375850e-03
3.164160000000000000e+05 2.869159528850375850e-03
3.174400000000000000e+05 2.869159528850375850e-03
3.184640000000000000e+05 2.869159528850375850e-03
3.194880000000000000e+05 2.543390748213577007e-03
3.205120000000000000e+05 2.543390748213577007e-03
3.215360000000000000e+05 1.637040816172771274e-03
3.225600000000000000e+05 1.637040816172771274e-03
3.235840000000000000e+05 1.637040816172771274e-03
3.246080000000000000e+05 1.637040816172771274e-03
3.256320000000000000e+05 1.637040816172771274e-03
3.266560000000000000e+05 1.637040816172771274e-03
3.276800000000000000e+05 1.637040816172771274e-03
3.287040000000000000e+05 1.637040816172771274e-03
3.297280000000000000e+05 1.637040816172771274e-03
3.307520000000000000e+05 1.637040816172771274e-03
3.317760000000000000e+05 1.637040816172771274e-03
3.328000000000000000e+05 1.637040816172771274e-03
3.338240000000000000e+05 1.637040816172771274e-03
3.348480000000000000e+05 1.637040816172771274e-03
3.358720000000000000e+05 1.637040816172771274e-03
3.368960000000000000e+05 1.138232021024146922e-03
3.379200000000000000e+05 1.138232021024146922e-03
3.389440000000000000e+05 1.138232021024146922e-03
3.399680000000000000e+05 1.138232021024146922e-03
3.409920000000000000e+05 1.138232021024146922e-03
3.420160000000000000e+05 1.138232021024146922e-03
3.430400000000000000e+05 1.138232021024146922e-03
3.440640000000000000e+05 1.138232021024146922e-03
3.450880000000000000e+05 8.911034561825354004e-04
3.461120000000000000e+05 8.911034561825354004e-04
3.471360000000000000e+05 8.911034561825354004e-04
3.481600000000000000e+05 8.911034561825354004e-04
3.491840000000000000e+05 8.911034561825354004e-04
3.502080000000000000e+05 8.911034561825354004e-04
3.512320000000000000e+05 8.911034561825354004e-04
3.522560000000000000e+05 8.911034561825354004e-04
3.532800000000000000e+05 8.911034561825354004e-04
3.543040000000000000e+05 8.911034561825354004e-04
3.553280000000000000e+05 8.911034561825354004e-04
3.563520000000000000e+05 8.911034561825354004e-04
3.573760000000000000e+05 8.911034561825354004e-04
3.584000000000000000e+05 8.911034561825354004e-04
3.594240000000000000e+05 8.911034561825354004e-04
3.604480000000000000e+05 8.911034561825354004e-04
3.614720000000000000e+05 5.705257981802060695e-04
3.624960000000000000e+05 5.705257981802060695e-04
3.635200000000000000e+05 5.705257981802060695e-04
3.645440000000000000e+05 5.705257981802060695e-04
3.655680000000000000e+05 5.705257981802060695e-04
3.665920000000000000e+05 5.705257981802060695e-04
3.676160000000000000e+05 5.705257981802060695e-04
3.686400000000000000e+05 5.705257981802060695e-04
3.696640000000000000e+05 5.705257981802060695e-04
3.706880000000000000e+05 5.705257981802060695e-04
3.717120000000000000e+05 5.705257981802060695e-04
3.727360000000000000e+05 5.705257981802060695e-04
3.737600000000000000e+05 5.705257981802060695e-04
3.747840000000000000e+05 5.705257981802060695e-04
3.758080000000000000e+05 5.705257981802060695e-04
3.768320000000000000e+05 5.014881244991920093e-04
3.778560000000000000e+05 5.014881244991920093e-04
3.788800000000000000e+05 5.014881244991920093e-04
3.799040000000000000e+05 4.557603307700744573e-04
3.809280000000000000e+05 4.557603307700744573e-04
3.819520000000000000e+05 4.557603307700744573e-04
3.829760000000000000e+05 4.557603307700744573e-04
3.840000000000000000e+05 2.990878571798983145e-04
3.850240000000000000e+05 2.990878571798983145e-04
3.860480000000000000e+05 2.990878571798983145e-04
3.870720000000000000e+05 2.588970546973707221e-04
3.880960000000000000e+05 2.588970546973707221e-04
3.891200000000000000e+05 2.588970546973707221e-04
3.901440000000000000e+05 2.588970546973707221e-04
3.911680000000000000e+05 2.588970546973707221e-04
3.921920000000000000e+05 2.588970546973707221e-04
3.932160000000000000e+05 2.588970546973707221e-04
3.942400000000000000e+05 2.588970546973707221e-04
3.952640000000000000e+05 2.588970546973707221e-04
3.962880000000000000e+05 2.314859404231984857e-04
3.973120000000000000e+05 2.314859404231984857e-04
3.983360000000000000e+05 2.314859404231984857e-04
3.993600000000000000e+05 1.646173218954783844e-04
4.003840000000000000e+05 1.646173218954783844e-04
4.014080000000000000e+05 1.646173218954783844e-04
4.024320000000000000e+05 1.646173218954783844e-04
4.034560000000000000e+05 1.646173218954783844e-04
4.044800000000000000e+05 1.646173218954783844e-04
4.055040000000000000e+05 1.646173218954783844e-04
4.065280000000000000e+05 1.646173218954783844e-04
4.075520000000000000e+05 1.646173218954783844e-04
4.085760000000000000e+05 1.646173218954783844e-04
4.096000000000000000e+05 1.646173218954783844e-04
4.106240000000000000e+05 1.646173218954783844e-04
4.116480000000000000e+05 1.646173218954783844e-04
4.126720000000000000e+05 1.646173218954783844e-04
4.136960000000000000e+05 1.646173218954783844e-04
4.147200000000000000e+05 1.646173218954783844e-04
4.157440000000000000e+05 1.646173218954783844e-04
4.167680000000000000e+05 1.646173218954783844e-04
4.177920000000000000e+05 1.646173218954783844e-04
4.188160000000000000e+05 1.646173218954783844e-04
4.198400000000000000e+05 1.539056400507000466e-04
4.208640000000000000e+05 1.539056400507000466e-04
4.218880000000000000e+05 1.539056400507000466e-04
4.229120000000000000e+05 1.539056400507000466e-04
4.239360000000000000e+05 1.539056400507000466e-04
4.249600000000000000e+05 1.539056400507000466e-04
4.259840000000000000e+05 9.506410668101521449e-05
4.270080000000000000e+05 9.506410668101521449e-05
4.280320000000000000e+05 9.506410668101521449e-05
4.290560000000000000e+05 9.506410668101521449e-05
4.300800000000000000e+05 9.506410668101521449e-05
4.311040000000000000e+05 9.286766443844963071e-05
4.321280000000000000e+05 9.286766443844963071e-05
4.331520000000000000e+05 9.286766443844963071e-05
4.341760000000000000e+05 9.286766443844963071e-05
4.352000000000000000e+05 9.286766443844963071e-05
4.362240000000000000e+05 9.286766443844963071e-05
4.372480000000000000e+05 9.286766443844963071e-05
4.382720000000000000e+05 9.286766443844963071e-05
4.392960000000000000e+05 9.286766443844963071e-05
4.403200000000000000e+05 9.286766443844963071e-05
4.413440000000000000e+05 9.286766443844963071e-05
4.423680000000000000e+05 9.286766443844963071e-05
4.433920000000000000e+05 7.013425485261739264e-05
4.444160000000000000e+05 7.013425485261739264e-05
4.454400000000000000e+05 7.013425485261739264e-05
4.464640000000000000e+05 7.013425485261739264e-05
4.474880000000000000e+05 4.814176001147478008e-05
4.485120000000000000e+05 4.814176001147478008e-05
4.495360000000000000e+05 4.814176001147478008e-05
4.505600000000000000e+05 4.814176001147478008e-05
4.515840000000000000e+05 4.814176001147478008e-05
4.526080000000000000e+05 4.814176001147478008e-05
4.536320000000000000e+05 4.814176001147478008e-05
4.546560000000000000e+05 4.814176001147478008e-05
4.556800000000000000e+05 3.985004122821870104e-05
4.567040000000000000e+05 3.985004122821870104e-05
4.577280000000000000e+05 3.985004122821870104e-05
4.587520000000000000e+05 3.985004122821870104e-05
4.597760000000000000e+05 3.985004122821870104e-05
4.608000000000000000e+05 3.501642905831809478e-05
4.618240000000000000e+05 3.501642905831809478e-05
4.628480000000000000e+05 3.501642905831809478e-05
4.638720000000000000e+05 3.501642905831809478e-05
4.648960000000000000e+05 3.501642905831809478e-05
4.659200000000000000e+05 3.501642905831809478e-05
4.669440000000000000e+05 3.501642905831809478e-05
4.679680000000000000e+05 3.501642905831809478e-05
4.689920000000000000e+05 3.501642905831809478e-05
4.700160000000000000e+05 3.501642905831809478e-05
4.710400000000000000e+05 3.501642905831809478e-05
4.720640000000000000e+05 3.501642905831809478e-05
4.730880000000000000e+05 2.716520750169820880e-05
4.741120000000000000e+05 2.716520750169820880e-05
4.751360000000000000e+05 2.716520750169820880e-05
4.761600000000000000e+05 2.716520750169820880e-05
4.771840000000000000e+05 2.485438015022057394e-05
4.782080000000000000e+05 2.065859197996741380e-05
4.792320000000000000e+05 2.065859197996741380e-05
4.802560000000000000e+05 2.065859197996741380e-05
4.812800000000000000e+05 2.065859197996741380e-05
4.823040000000000000e+05 2.065859197996741380e-05
4.833280000000000000e+05 2.065859197996741380e-05
4.843520000000000000e+05 2.065859197996741380e-05
4.853760000000000000e+05 2.065859197996741380e-05
4.864000000000000000e+05 2.065859197996741380e-05
4.874240000000000000e+05 2.065859197996741380e-05
4.884480000000000000e+05 2.065859197996741380e-05
4.894720000000000000e+05 2.065859197996741380e-05
4.904960000000000000e+05 2.065859197996741380e-05
4.915200000000000000e+05 1.727817794486948827e-05
4.925440000000000000e+05 1.727817794486948827e-05
4.935680000000000000e+05 1.727817794486948827e-05
4.945920000000000000e+05 1.727817794486948827e-05
4.956160000000000000e+05 1.252582343537139852e-05
4.966400000000000000e+05 1.252582343537139852e-05
4.976640000000000000e+05 1.252582343537139852e-05
4.986880000000000000e+05 1.252582343537139852e-05
4.997120000000000000e+05 1.252582343537139852e-05
5.007360000000000000e+05 1.252582343537139852e-05
5.017600000000000000e+05 1.252582343537139852e-05
5.027840000000000000e+05 1.252582343537139852e-05
5.038080000000000000e+05 1.252582343537139852e-05
5.048320000000000000e+05 1.252582343537139852e-05
5.058560000000000000e+05 1.252582343537139852e-05
5.068800000000000000e+05 1.252582343537139852e-05
5.079040000000000000e+05 1.239367018012594814e-05
5.089280000000000000e+05 1.010576412236926990e-05
5.099520000000000000e+05 1.010576412236926990e-05
5.109760000000000000e+05 1.010576412236926990e-05
5.120000000000000000e+05 1.010576412236926990e-05
5.130240000000000000e+05 1.010576412236926990e-05
5.140480000000000000e+05 1.010576412236926990e-05
5.150720000000000000e+05 8.375585715914973320e-06
5.160960000000000000e+05 8.375585715914973320e-06
5.171200000000000000e+05 8.375585715914973320e-06
5.181440000000000000e+05 8.375585715914973320e-06
5.191680000000000000e+05 8.375585715914973320e-06
5.201920000000000000e+05 8.375585715914973320e-06
5.212160000000000000e+05 8.375585715914973320e-06
5.222400000000000000e+05 8.375585715914973320e-06
5.232640000000000000e+05 8.375585715914973320e-06
5.242880000000000000e+05 8.375585715914973320e-06
5.253120000000000000e+05 7.902484152939415700e-06
5.263360000000000000e+05 7.902484152939415700e-06
5.273600000000000000e+05 7.902484152939415700e-06
5.283840000000000000e+05 7.902484152939415700e-06
5.294080000000000000e+05 7.902484152939415700e-06
5.304320000000000000e+05 7.902484152939415700e-06
5.314560000000000000e+05 6.540736858172474954e-06
5.324800000000000000e+05 6.540736858172474954e-06
5.335040000000000000e+05 4.428142842277306925e-06
5.345280000000000000e+05 4.428142842277306925e-06
5.355520000000000000e+05 4.428142842277306925e-06
5.365760000000000000e+05 3.274455987842265695e-06
5.376000000000000000e+05 3.274455987842265695e-06
5.386240000000000000e+05 3.274455987842265695e-06
5.396480000000000000e+05 3.274455987842265695e-06
5.406720000000000000e+05 3.274455987842265695e-06
5.416960000000000000e+05 3.274455987842265695e-06
5.427200000000000000e+05 3.274455987842265695e-06
5.437440000000000000e+05 3.274455987842265695e-06
5.447680000000000000e+05 3.274455987842265695e-06
5.457920000000000000e+05 3.274455987842265695e-06
5.468160000000000000e+05 3.274455987842265695e-06
5.478400000000000000e+05 2.727891356559096537e-06
5.488640000000000000e+05 2.727891356559096537e-06
5.498880000000000000e+05 2.727891356559096537e-06
5.509120000000000000e+05 2.727891356559096537e-06
5.519360000000000000e+05 2.727891356559096537e-06
5.529600000000000000e+05 2.727891356559096537e-06
5.539840000000000000e+05 2.727891356559096537e-06
5.550080000000000000e+05 2.727891356559096537e-06
5.560320000000000000e+05 2.727891356559096537e-06
5.570560000000000000e+05 2.727891356559096537e-06
5.580800000000000000e+05 2.727891356559096537e-06
5.591040000000000000e+05 2.727891356559096537e-06
5.601280000000000000e+05 2.727891356559096537e-06
5.611520000000000000e+05 2.727891356559096537e-06
5.621760000000000000e+05 2.658583317509705242e-06
5.632000000000000000e+05 2.580985056941964526e-06
5.642240000000000000e+05 2.580985056941964526e-06
5.652480000000000000e+05 1.647387302143510241e-06
5.662720000000000000e+05 1.647387302143510241e-06
5.672960000000000000e+05 1.647387302143510241e-06
5.683200000000000000e+05 1.647387302143510241e-06
5.693440000000000000e+05 1.647387302143510241e-06
5.703680000000000000e+05 1.647387302143510241e-06
5.713920000000000000e+05 1.647387302143510241e-06
5.724160000000000000e+05 1.647387302143510241e-06
5.734400000000000000e+05 1.647387302143510241e-06
5.744640000000000000e+05 1.553980055207792253e-06
5.754880000000000000e+05 1.553980055207792253e-06
5.765120000000000000e+05 1.502945991026350041e-06
5.775360000000000000e+05 1.502945991026350041e-06
5.785600000000000000e+05 1.502945991026350041e-06
5.795840000000000000e+05 1.502945991026350041e-06
5.806080000000000000e+05 1.502945991026350041e-06
5.816320000000000000e+05 1.301946949658881656e-06
5.826560000000000000e+05 1.136395177003283112e-06
5.836800000000000000e+05 1.136395177003283112e-06
5.847040000000000000e+05 1.136395177003283112e-06
5.857280000000000000e+05 1.136395177003283112e-06
5.867520000000000000e+05 1.136395177003283112e-06
5.877760000000000000e+05 1.136395177003283112e-06
5.888000000000000000e+05 1.136395177003283112e-06
5.898240000000000000e+05 1.136395177003283112e-06
5.908480000000000000e+05 1.136395177003283112e-06
5.918720000000000000e+05 1.136395177003283112e-06
5.928960000000000000e+05 1.136395177003283112e-06
5.939200000000000000e+05 1.107219952159595958e-06
5.949440000000000000e+05 1.107219952159595958e-06
5.959680000000000000e+05 1.107219952159595958e-06
5.969920000000000000e+05 1.107219952159595958e-06
5.980160000000000000e+05 1.107219952159595958e-06
5.990400000000000000e+05 1.026107593117219538e-06
6.000640000000000000e+05 1.026107593117219538e-06
6.010880000000000000e+05 1.026107593117219538e-06
6.021120000000000000e+05 6.677067086903696088e-07
6.031360000000000000e+05 6.677067086903696088e-07
6.041600000000000000e+05 6.677067086903696088e-07
6.051840000000000000e+05 6.677067086903696088e-07
6.062080000000000000e+05 6.677067086903696088e-07
6.072320000000000000e+05 6.677067086903696088e-07
6.082560000000000000e+05 6.677067086903696088e-07
6.092800000000000000e+05 6.677067086903696088e-07
6.103040000000000000e+05 6.009058841642447677e-07
6.113280000000000000e+05 6.009058841642447677e-07
6.123520000000000000e+05 6.009058841642447677e-07
6.133760000000000000e+05 6.009058841642447677e-07
6.144000000000000000e+05 6.009058841642447677e-07
6.154240000000000000e+05 6.009058841642447677e-07
6.164480000000000000e+05 6.009058841642447677e-07
6.174720000000000000e+05 5.274122156197345912e-07
6.184960000000000000e+05 5.274122156197345912e-07
6.195200000000000000e+05 5.274122156197345912e-07
6.205440000000000000e+05 5.274122156197345912e-07
6.215680000000000000e+05 5.274122156197345912e-07
6.225920000000000000e+05 5.274122156197345912e-07
6.236160000000000000e+05 5.274122156197345912e-07
6.246400000000000000e+05 5.274122156197345912e-07
6.256640000000000000e+05 5.274122156197345912e-07
6.266880000000000000e+05 5.134318457162321424e-07
6.277120000000000000e+05 5.134318457162321424e-07
6.287360000000000000e+05 2.265768760653676284e-07
6.297600000000000000e+05 2.265768760653676284e-07
6.307840000000000000e+05 2.265768760653676284e-07
6.318080000000000000e+05 2.265768760653676284e-07
6.328320000000000000e+05 2.265768760653676284e-07
6.338560000000000000e+05 2.265768760653676284e-07
6.348800000000000000e+05 2.265768760653676284e-07
6.359040000000000000e+05 2.265768760653676284e-07
6.369280000000000000e+05 2.265768760653676284e-07
6.379520000000000000e+05 2.265768760653676284e-07
6.389760000000000000e+05 2.265768760653676284e-07
6.400000000000000000e+05 1.270053868835250477e-07
6.410240000000000000e+05 1.270053868835250477e-07
6.420480000000000000e+05 1.270053868835250477e-07
6.430720000000000000e+05 1.270053868835250477e-07
6.440960000000000000e+05 1.270053868835250477e-07
6.451200000000000000e+05 1.270053868835250477e-07
6.461440000000000000e+05 1.270053868835250477e-07
6.471680000000000000e+05 1.270053868835250477e-07
6.481920000000000000e+05 1.270053868835250477e-07
6.492160000000000000e+05 1.270053868835250477e-07
6.502400000000000000e+05 1.264111588088668572e-07
6.512640000000000000e+05 1.264111588088668572e-07
6.522880000000000000e+05 1.264111588088668572e-07
6.533120000000000000e+05 7.498188452080130998e-08
6.543360000000000000e+05 7.498188452080130998e-08
6.553600000000000000e+05 7.498188452080130998e-08
6.563840000000000000e+05 7.498188452080130998e-08
6.574080000000000000e+05 7.498188452080130998e-08
6.584320000000000000e+05 7.498188452080130998e-08
6.594560000000000000e+05 7.498188452080130998e-08
6.604800000000000000e+05 7.498188452080130998e-08
6.615040000000000000e+05 7.498188452080130998e-08
6.625280000000000000e+05 7.498188452080130998e-08
6.635520000000000000e+05 7.498188452080130998e-08
6.645760000000000000e+05 7.498188452080130998e-08
6.656000000000000000e+05 7.498188452080130998e-08
6.666240000000000000e+05 7.498188452080130998e-08
6.676480000000000000e+05 7.498188452080130998e-08
6.686720000000000000e+05 7.498188452080130998e-08
6.696960000000000000e+05 6.007783232243444997e-08
6.707200000000000000e+05 6.007783232243444997e-08
6.717440000000000000e+05 6.007783232243444997e-08
6.727680000000000000e+05 6.007783232243444997e-08
6.737920000000000000e+05 6.007783232243444997e-08
6.748160000000000000e+05 6.007783232243444997e-08
6.758400000000000000e+05 6.007783232243444997e-08
6.768640000000000000e+05 6.007783232243444997e-08
6.778880000000000000e+05 6.007783232243444997e-08
6.789120000000000000e+05 6.007783232243444997e-08
6.799360000000000000e+05 6.007783232243444997e-08
6.809600000000000000e+05 6.007783232243444997e-08
6.819840000000000000e+05 6.007783232243444997e-08
6.830080000000000000e+05 6.007783232243444997e-08
6.840320000000000000e+05 6.007783232243444997e-08
6.850560000000000000e+05 6.007783232243444997e-08
6.860800000000000000e+05 6.007783232243444997e-08
6.871040000000000000e+05 6.007783232243444997e-08
6.881280000000000000e+05 6.007783232243444997e-08
6.891520000000000000e+05 6.007783232243444997e-08
6.901760000000000000e+05 6.007783232243444997e-08
6.912000000000000000e+05 6.007783232243444997e-08
6.922240000000000000e+05 5.070152675584662193e-08
6.932480000000000000e+05 5.070152675584662193e-08
6.942720000000000000e+05 5.070152675584662193e-08
6.952960000000000000e+05 3.797717038267160965e-08
6.963200000000000000e+05 3.797717038267160965e-08
6.973440000000000000e+05 3.797717038267160965e-08
6.983680000000000000e+05 3.797717038267160965e-08
6.993920000000000000e+05 3.797717038267160965e-08
7.004160000000000000e+05 3.797717038267160965e-08
7.014400000000000000e+05 3.797717038267160965e-08
7.024640000000000000e+05 3.797717038267160965e-08
7.034880000000000000e+05 3.797717038267160965e-08
7.045120000000000000e+05 3.797717038267160965e-08
7.055360000000000000e+05 3.797717038267160965e-08
7.065600000000000000e+05 2.333395504905053439e-08
7.075840000000000000e+05 2.333395504905053439e-08
7.086080000000000000e+05 1.607520595411544389e-08
7.096320000000000000e+05 1.607520595411544389e-08
7.106560000000000000e+05 1.607520595411544389e-08
7.116800000000000000e+05 1.607520595411544389e-08
7.127040000000000000e+05 1.607520595411544389e-08
7.137280000000000000e+05 1.607520595411544389e-08
7.147520000000000000e+05 1.607520595411544389e-08
7.157760000000000000e+05 1.607520595411544389e-08
7.168000000000000000e+05 1.607520595411544389e-08
7.178240000000000000e+05 1.607520595411544389e-08
7.188480000000000000e+05 1.607520595411544389e-08
7.198720000000000000e+05 1.607520595411544389e-08
7.208960000000000000e+05 1.607520595411544389e-08
7.219200000000000000e+05 1.607520595411544389e-08
7.229440000000000000e+05 1.607520595411544389e-08
7.239680000000000000e+05 1.607520595411544389e-08
7.249920000000000000e+05 1.607520595411544389e-08
7.260160000000000000e+05 1.607520595411544389e-08
7.270400000000000000e+05 1.607520595411544389e-08
7.280640000000000000e+05 1.607520595411544389e-08
7.290880000000000000e+05 1.454488106708390331e-08
7.301120000000000000e+05 1.454488106708390331e-08
7.311360000000000000e+05 1.114369885245052043e-08
7.321600000000000000e+05 1.114369885245052043e-08
7.331840000000000000e+05 1.114369885245052043e-08
7.342080000000000000e+05 1.114369885245052043e-08
7.352320000000000000e+05 1.114369885245052043e-08
7.362560000000000000e+05 1.114369885245052043e-08
7.372800000000000000e+05 1.114369885245052043e-08
7.383040000000000000e+05 1.114369885245052043e-08
7.393280000000000000e+05 1.114369885245052043e-08
7.403520000000000000e+05 1.114369885245052043e-08
7.413760000000000000e+05 1.114369885245052043e-08
7.424000000000000000e+05 1.114369885245052043e-08
7.434240000000000000e+05 1.053043564035288011e-08
7.444480000000000000e+05 1.053043564035288011e-08
7.454720000000000000e+05 1.053043564035288011e-08
7.464960000000000000e+05 1.053043564035288011e-08
7.475200000000000000e+05 1.053043564035288011e-08
7.485440000000000000e+05 1.053043564035288011e-08
7.495680000000000000e+05 1.053043564035288011e-08
7.505920000000000000e+05 7.200339830627604515e-09
7.516160000000000000e+05 7.200339830627604515e-09
7.526400000000000000e+05 7.200339830627604515e-09
7.536640000000000000e+05 7.200339830627604515e-09
7.546880000000000000e+05 7.200339830627604515e-09
7.557120000000000000e+05 7.200339830627604515e-09
7.567360000000000000e+05 7.200339830627604515e-09
7.577600000000000000e+05 7.142180230934965795e-09
7.587840000000000000e+05 7.142180230934965795e-09
7.598080000000000000e+05 7.142180230934965795e-09
7.608320000000000000e+05 7.142180230934965795e-09
7.618560000000000000e+05 7.142180230934965795e-09
7.628800000000000000e+05 7.142180230934965795e-09
7.639040000000000000e+05 7.142180230934965795e-09
7.649280000000000000e+05 7.142180230934965795e-09
7.659520000000000000e+05 7.142180230934965795e-09
7.669760000000000000e+05 7.142180230934965795e-09
7.680000000000000000e+05 4.072842872401171661e-09
7.690240000000000000e+05 4.072842872401171661e-09
7.700480000000000000e+05 4.072842872401171661e-09
7.710720000000000000e+05 4.072842872401171661e-09
7.720960000000000000e+05 4.072842872401171661e-09
7.731200000000000000e+05 4.072842872401171661e-09
7.741440000000000000e+05 4.072842872401171661e-09
7.751680000000000000e+05 4.072842872401171661e-09
7.761920000000000000e+05 4.072842872401171661e-09
7.772160000000000000e+05 4.072842872401171661e-09
7.782400000000000000e+05 4.072842872401171661e-09
7.792640000000000000e+05 4.072842872401171661e-09
7.802880000000000000e+05 4.072842872401171661e-09
7.813120000000000000e+05 4.072842872401171661e-09
7.823360000000000000e+05 4.072842872401171661e-09
7.833600000000000000e+05 4.072842872401171661e-09
7.843840000000000000e+05 4.072842872401171661e-09
7.854080000000000000e+05 4.072842872401171661e-09
7.864320000000000000e+05 4.072842872401171661e-09
7.874560000000000000e+05 4.072842872401171661e-09
7.884800000000000000e+05 4.072842872401171661e-09
7.895040000000000000e+05 4.072842872401171661e-09
7.905280000000000000e+05 4.072842872401171661e-09
7.915520000000000000e+05 4.072842872401171661e-09
7.925760000000000000e+05 3.732243088700265827e-09
7.936000000000000000e+05 3.034041742785294031e-09
7.946240000000000000e+05 3.034041742785294031e-09
7.956480000000000000e+05 3.034041742785294031e-09
7.966720000000000000e+05 3.034041742785294031e-09
7.976960000000000000e+05 3.034041742785294031e-09
7.987200000000000000e+05 3.034041742785294031e-09
7.997440000000000000e+05 3.034041742785294031e-09
8.007680000000000000e+05 2.806274385924223437e-09
8.017920000000000000e+05 2.806274385924223437e-09
8.028160000000000000e+05 2.806274385924223437e-09
8.038400000000000000e+05 2.806274385924223437e-09
8.048640000000000000e+05 2.733665184883701804e-09
8.058880000000000000e+05 2.276395655982199530e-09
8.069120000000000000e+05 2.276395655982199530e-09
8.079360000000000000e+05 2.276395655982199530e-09
8.089600000000000000e+05 1.736384328497815616e-09
8.099840000000000000e+05 1.736384328497815616e-09
8.110080000000000000e+05 1.736384328497815616e-09
8.120320000000000000e+05 1.736384328497815616e-09
8.130560000000000000e+05 1.736384328497815616e-09
8.140800000000000000e+05 1.736384328497815616e-09
8.151040000000000000e+05 1.505627433678879806e-09
8.161280000000000000e+05 1.505627433678879806e-09
8.171520000000000000e+05 1.505627433678879806e-09
8.181760000000000000e+05 1.505627433678879806e-09
8.192000000000000000e+05 1.505627433678879806e-09
8.202240000000000000e+05 1.505627433678879806e-09
8.212480000000000000e+05 1.505627433678879806e-09
8.222720000000000000e+05 1.505627433678879806e-09
8.232960000000000000e+05 1.316837586564170693e-09
8.243200000000000000e+05 1.316837586564170693e-09
8.253440000000000000e+05 1.316837586564170693e-09
8.263680000000000000e+05 1.110955702047935965e-09
8.273920000000000000e+05 1.110955702047935965e-09
8.284160000000000000e+05 1.110955702047935965e-09
8.294400000000000000e+05 1.110955702047935965e-09
8.304640000000000000e+05 1.110955702047935965e-09
8.314880000000000000e+05 1.110955702047935965e-09
8.325120000000000000e+05 1.110955702047935965e-09
8.335360000000000000e+05 1.110955702047935965e-09
8.345600000000000000e+05 1.110955702047935965e-09
8.355840000000000000e+05 9.905779071084331093e-10
8.366080000000000000e+05 9.905779071084331093e-10
8.376320000000000000e+05 9.905779071084331093e-10
8.386560000000000000e+05 9.905779071084331093e-10
8.396800000000000000e+05 9.905779071084331093e-10
8.407040000000000000e+05 9.905779071084331093e-10
8.417280000000000000e+05 9.905779071084331093e-10
8.427520000000000000e+05 6.848571848020336794e-10
8.437760000000000000e+05 6.848571848020336794e-10
8.448000000000000000e+05 6.301033602091671985e-10
8.458240000000000000e+05 6.301033602091671985e-10
8.468480000000000000e+05 6.301033602091671985e-10
8.478720000000000000e+05 6.301033602091671985e-10
8.488960000000000000e+05 6.009399133748942184e-10
8.499200000000000000e+05 6.009399133748942184e-10
8.509440000000000000e+05 6.009399133748942184e-10
8.519680000000000000e+05 6.009399133748942184e-10
8.529920000000000000e+05 6.009399133748942184e-10
8.540160000000000000e+05 6.009399133748942184e-10
8.550400000000000000e+05 6.009399133748942184e-10
8.560640000000000000e+05 6.009399133748942184e-10
8.570880000000000000e+05 5.002895502450551489e-10
8.581120000000000000e+05 5.002895502450551489e-10
8.591360000000000000e+05 4.991959804619868587e-10
8.601600000000000000e+05 4.991959804619868587e-10
8.611840000000000000e+05 4.991959804619868587e-10
8.622080000000000000e+05 4.991959804619868587e-10
8.632320000000000000e+05 4.991959804619868587e-10
8.642560000000000000e+05 4.991959804619868587e-10
8.652800000000000000e+05 3.371873655838053081e-10
8.663040000000000000e+05 3.371873655838053081e-10
8.673280000000000000e+05 3.371873655838053081e-10
8.683520000000000000e+05 3.371873655838053081e-10
8.693760000000000000e+05 3.371873655838053081e-10
8.704000000000000000e+05 3.371873655838053081e-10
8.714240000000000000e+05 3.371873655838053081e-10
8.724480000000000000e+05 3.371873655838053081e-10
8.734720000000000000e+05 3.371873655838053081e-10
8.744960000000000000e+05 3.092167658953239644e-10
8.755200000000000000e+05 3.092167658953239644e-10
8.765440000000000000e+05 3.092167658953239644e-10
8.775680000000000000e+05 2.053208735344132711e-10
8.785920000000000000e+05 2.053208735344132711e-10
8.796160000000000000e+05 2.053208735344132711e-10
8.806400000000000000e+05 2.053208735344132711e-10
8.816640000000000000e+05 2.053208735344132711e-10
8.826880000000000000e+05 2.053208735344132711e-10
8.837120000000000000e+05 2.053208735344132711e-10
8.847360000000000000e+05 2.053208735344132711e-10
8.857600000000000000e+05 2.053208735344132711e-10
8.867840000000000000e+05 2.053208735344132711e-10
8.878080000000000000e+05 1.918160689223315811e-10
8.888320000000000000e+05 1.918160689223315811e-10
8.898560000000000000e+05 1.918160689223315811e-10
8.908800000000000000e+05 1.918160689223315811e-10
8.919040000000000000e+05 1.918160689223315811e-10
8.929280000000000000e+05 1.918160689223315811e-10
8.939520000000000000e+05 1.918160689223315811e-10
8.949760000000000000e+05 1.918160689223315811e-10
8.960000000000000000e+05 1.918160689223315811e-10
8.970240000000000000e+05 1.918160689223315811e-10
8.980480000000000000e+05 1.918160689223315811e-10
8.990720000000000000e+05 1.918160689223315811e-10
9.000960000000000000e+05 1.918160689223315811e-10
9.011200000000000000e+05 1.779611382648014226e-10
9.021440000000000000e+05 1.779611382648014226e-10
9.031680000000000000e+05 1.779611382648014226e-10
9.041920000000000000e+05 1.779611382648014226e-10
9.052160000000000000e+05 1.779611382648014226e-10
9.062400000000000000e+05 1.779611382648014226e-10
9.072640000000000000e+05 1.445784070604640314e-10
9.082880000000000000e+05 1.445784070604640314e-10
9.093120000000000000e+05 1.445784070604640314e-10
9.103360000000000000e+05 1.445784070604640314e-10
9.113600000000000000e+05 9.325884740874050402e-11
9.123840000000000000e+05 9.325884740874050402e-11
9.134080000000000000e+05 9.325884740874050402e-11
9.144320000000000000e+05 9.325884740874050402e-11
9.154560000000000000e+05 9.325884740874050402e-11
9.164800000000000000e+05 9.325884740874050402e-11
9.175040000000000000e+05 9.325884740874050402e-11
9.185280000000000000e+05 6.580116794086071935e-11
9.195520000000000000e+05 6.580116794086071935e-11
9.205760000000000000e+05 6.580116794086071935e-11
9.216000000000000000e+05 6.580116794086071935e-11
9.226240000000000000e+05 6.580116794086071935e-11
9.236480000000000000e+05 6.580116794086071935e-11
9.246720000000000000e+05 6.580116794086071935e-11
9.256960000000000000e+05 6.580116794086071935e-11
9.267200000000000000e+05 6.580116794086071935e-11
9.277440000000000000e+05 6.580116794086071935e-11
9.287680000000000000e+05 6.580116794086071935e-11
9.297920000000000000e+05 6.580116794086071935e-11
9.308160000000000000e+05 6.580116794086071935e-11
9.318400000000000000e+05 6.580116794086071935e-11
9.328640000000000000e+05 6.580116794086071935e-11
9.338880000000000000e+05 5.059600720744351460e-11
9.349120000000000000e+05 5.059600720744351460e-11
9.359360000000000000e+05 5.059600720744351460e-11
9.369600000000000000e+05 5.059600720744351460e-11
9.379840000000000000e+05 3.428078854682976058e-11
9.390080000000000000e+05 3.428078854682976058e-11
9.400320000000000000e+05 3.428078854682976058e-11
9.410560000000000000e+05 3.428078854682976058e-11
9.420800000000000000e+05 3.428078854682976058e-11
9.431040000000000000e+05 3.428078854682976058e-11
9.441280000000000000e+05 3.428078854682976058e-11
9.451520000000000000e+05 3.428078854682976058e-11
9.461760000000000000e+05 3.428078854682976058e-11
9.472000000000000000e+05 3.428078854682976058e-11
9.482240000000000000e+05 3.428078854682976058e-11
9.492480000000000000e+05 2.382430101900763097e-11
9.502720000000000000e+05 2.382430101900763097e-11
9.512960000000000000e+05 2.382430101900763097e-11
9.523200000000000000e+05 2.382430101900763097e-11
9.533440000000000000e+05 2.382430101900763097e-11
9.543680000000000000e+05 2.382430101900763097e-11
9.553920000000000000e+05 2.382430101900763097e-11
9.564160000000000000e+05 2.382430101900763097e-11
9.574400000000000000e+05 2.382430101900763097e-11
9.584640000000000000e+05 2.382430101900763097e-11
9.594880000000000000e+05 2.382430101900763097e-11
9.605120000000000000e+05 2.382430101900763097e-11
9.615360000000000000e+05 2.382430101900763097e-11
9.625600000000000000e+05 2.382430101900763097e-11
9.635840000000000000e+05 2.382430101900763097e-11
9.646080000000000000e+05 2.382430101900763097e-11
9.656320000000000000e+05 2.382430101900763097e-11
9.666560000000000000e+05 2.382430101900763097e-11
9.676800000000000000e+05 2.382430101900763097e-11
9.687040000000000000e+05 2.382430101900763097e-11
9.697280000000000000e+05 2.382430101900763097e-11
9.707520000000000000e+05 2.382430101900763097e-11
9.717760000000000000e+05 2.382430101900763097e-11
9.728000000000000000e+05 2.382430101900763097e-11
9.738240000000000000e+05 1.756928583327483794e-11
9.748480000000000000e+05 1.756928583327483794e-11
9.758720000000000000e+05 1.756928583327483794e-11
9.768960000000000000e+05 1.756928583327483794e-11
9.779200000000000000e+05 1.756928583327483794e-11
9.789440000000000000e+05 1.179287874643767704e-11
9.799680000000000000e+05 1.179287874643767704e-11
9.809920000000000000e+05 1.179287874643767704e-11
9.820160000000000000e+05 1.179287874643767704e-11
9.830400000000000000e+05 1.179287874643767704e-11
9.840640000000000000e+05 1.179287874643767704e-11
9.850880000000000000e+05 1.179287874643767704e-11
9.861120000000000000e+05 1.179287874643767704e-11
9.871360000000000000e+05 1.179287874643767704e-11
9.881600000000000000e+05 1.179287874643767704e-11
9.891840000000000000e+05 1.179287874643767704e-11
9.902080000000000000e+05 1.179287874643767704e-11
9.912320000000000000e+05 1.179287874643767704e-11
9.922560000000000000e+05 1.179287874643767704e-11
9.932800000000000000e+05 1.179287874643767704e-11
9.943040000000000000e+05 1.179287874643767704e-11
9.953280000000000000e+05 1.179287874643767704e-11
9.963520000000000000e+05 1.179287874643767704e-11
9.973760000000000000e+05 1.179287874643767704e-11
9.984000000000000000e+05 1.179287874643767704e-11
9.994240000000000000e+05 1.179287874643767704e-11
1.000448000000000000e+06 1.179287874643767704e-11
