5.120000000000000000e+02 2.746493321482217098e+01
1.024000000000000000e+03 2.746493321482217098e+01
1.536000000000000000e+03 2.746493321482217098e+01
2.048000000000000000e+03 2.746493321482217098e+01
2.560000000000000000e+03 2.364483412334156398e+01
3.072000000000000000e+03 2.364483412334156398e+01
3.584000000000000000e+03 2.364483412334156398e+01
4.096000000000000000e+03 2.364483412334156398e+01
4.608000000000000000e+03 2.364483412334156398e+01
5.120000000000000000e+03 1.834922954722992472e+01
5.632000000000000000e+03 1.834922954722992472e+01
6.144000000000000000e+03 1.484757655893997352e+01
6.656000000000000000e+03 1.484757655893997352e+01
7.168000000000000000e+03 1.484757655893997352e+01
7.680000000000000000e+03 1.484757655893997352e+01
8.192000000000000000e+03 1.484757655893997352e+01
8.704000000000000000e+03 1.404501924544126723e+01
9.216000000000000000e+03 1.404501924544126723e+01
9.728000000000000000e+03 1.404501924544126723e+01
1.024000000000000000e+04 7.793409993794993440e+00
1.075200000000000000e+04 7.793409993794993440e+00
1.126400000000000000e+04 7.793409993794993440e+00
1.177600000000000000e+04 7.793409993794993440e+00
1.228800000000000000e+04 7.793409993794993440e+00
1.280000000000000000e+04 7.793409993794993440e+00
1.331200000000000000e+04 7.793409993794993440e+00
1.382400000000000000e+04 7.793409993794993440e+00
1.433600000000000000e+04 7.793409993794993440e+00
1.484800000000000000e+04 7.793409993794993440e+00
1.536000000000000000e+04 7.793409993794993440e+00
1.587200000000000000e+04 7.793409993794993440e+00
1.638400000000000000e+04 7.793409993794993440e+00
1.689600000000000000e+04 7.793409993794993440e+00
1.740800000000000000e+04 7.793409993794993440e+00
1.792000000000000000e+04 7.793409993794993440e+00
1.843200000000000000e+04 7.793409993794993440e+00
1.894400000000000000e+04 7.793409993794993440e+00
1.945600000000000000e+04 7.793409993794993440e+00
1.996800000000000000e+04 7.793409993794993440e+00
2.048000000000000000e+04 7.793409993794993440e+00
2.099200000000000000e+04 7.522944604954322045e+00
2.150400000000000000e+04 7.522944604954322045e+00
2.201600000000000000e+04 7.522944604954322045e+00
2.252800000000000000e+04 7.522944604954322045e+00
2.304000000000000000e+04 7.522944604954322045e+00
2.355200000000000000e+04 7.522944604954322045e+00
2.406400000000000000e+04 4.196997096960274121e+00
2.457600000000000000e+04 4.196997096960274121e+00
2.508800000000000000e+04 4.196997096960274121e+00
2.560000000000000000e+04 4.196997096960274121e+00
2.611200000000000000e+04 4.196997096960274121e+00
2.662400000000000000e+04 4.196997096960274121e+00
2.713600000000000000e+04 2.460304241938042313e+00
2.764800000000000000e+04 2.460304241938042313e+00
2.816000000000000000e+04 2.460304241938042313e+00
2.867200000000000000e+04 2.460304241938042313e+00
2.918400000000000000e+04 2.460304241938042313e+00
2.969600000000000000e+04 2.460304241938042313e+00
3.020800000000000000e+04 2.460304241938042313e+00
3.072000000000000000e+04 2.460304241938042313e+00
3.123200000000000000e+04 2.460304241938042313e+00
3.174400000000000000e+04 2.460304241938042313e+00
3.225600000000000000e+04 2.460304241938042313e+00
3.276800000000000000e+04 2.460304241938042313e+00
3.328000000000000000e+04 2.460304241938042313e+00
3.379200000000000000e+04 2.460304241938042313e+00
3.430400000000000000e+04 2.460304241938042313e+00
3.481600000000000000e+04 2.460304241938042313e+00
3.532800000000000000e+04 2.460304241938042313e+00
3.584000000000000000e+04 2.460304241938042313e+00
3.635200000000000000e+04 2.460304241938042313e+00
3.686400000000000000e+04 2.148509075469853258e+00
3.737600000000000000e+04 2.148509075469853258e+00
3.788800000000000000e+04 2.007269479692888048e+00
3.840000000000000000e+04 2.007269479692888048e+00
3.891200000000000000e+04 2.007269479692888048e+00
3.942400000000000000e+04 2.007269479692888048e+00
3.993600000000000000e+04 2.007269479692888048e+00
4.044800000000000000e+04 1.700491945870211019e+00
4.096000000000000000e+04 1.700491945870211019e+00
4.147200000000000000e+04 1.700491945870211019e+00
4.198400000000000000e+04 1.700491945870211019e+00
4.249600000000000000e+04 1.700491945870211019e+00
4.300800000000000000e+04 1.700491945870211019e+00
4.352000000000000000e+04 1.700491945870211019e+00
4.403200000000000000e+04 1.348597833789933143e+00
4.454400000000000000e+04 1.348597833789933143e+00
4.505600000000000000e+04 1.348597833789933143e+00
4.556800000000000000e+04 1.051963349722127239e+00
4.608000000000000000e+04 1.051963349722127239e+00
4.659200000000000000e+04 1.051963349722127239e+00
4.710400000000000000e+04 1.051963349722127239e+00
4.761600000000000000e+04 1.051963349722127239e+00
4.812800000000000000e+04 1.051963349722127239e+00
4.864000000000000000e+04 1.051963349722127239e+00
4.915200000000000000e+04 1.051963349722127239e+00
4.966400000000000000e+04 1.051963349722127239e+00
5.017600000000000000e+04 1.051963349722127239e+00
5.068800000000000000e+04 1.051963349722127239e+00
5.120000000000000000e+04 1.051963349722127239e+00
5.171200000000000000e+04 1.051963349722127239e+00
5.222400000000000000e+04 1.051963349722127239e+00
5.273600000000000000e+04 1.051963349722127239e+00
5.324800000000000000e+04 1.051963349722127239e+00
5.376000000000000000e+04 9.367800498058982406e-01
5.427200000000000000e+04 9.367800498058982406e-01
5.478400000000000000e+04 8.416527312701901353e-01
5.529600000000000000e+04 8.416527312701901353e-01
5.580800000000000000e+04 8.416527312701901353e-01
5.632000000000000000e+04 8.129804699207682228e-01
5.683200000000000000e+04 8.129804699207682228e-01
5.734400000000000000e+04 7.896470262600379098e-01
5.785600000000000000e+04 7.595826885289782560e-01
5.836800000000000000e+04 7.595826885289782560e-01
5.888000000000000000e+04 7.595826885289782560e-01
5.939200000000000000e+04 7.595826885289782560e-01
5.990400000000000000e+04 7.595826885289782560e-01
6.041600000000000000e+04 7.595826885289782560e-01
6.092800000000000000e+04 4.235932222385754287e-01
6.144000000000000000e+04 4.235932222385754287e-01
6.195200000000000000e+04 4.235932222385754287e-01
6.246400000000000000e+04 4.235932222385754287e-01
6.297600000000000000e+04 4.235932222385754287e-01
6.348800000000000000e+04 4.235932222385754287e-01
6.400000000000000000e+04 4.235932222385754287e-01
6.451200000000000000e+04 4.235932222385754287e-01
6.502400000000000000e+04 4.235932222385754287e-01
6.553600000000000000e+04 4.123768499284911626e-01
6.604800000000000000e+04 4.123768499284911626e-01
6.656000000000000000e+04 4.123768499284911626e-01
6.707200000000000000e+04 4.123768499284911626e-01
6.758400000000000000e+04 4.123768499284911626e-01
6.809600000000000000e+04 3.692951221694205088e-01
6.860800000000000000e+04 3.692951221694205088e-01
6.912000000000000000e+04 3.692951221694205088e-01
6.963200000000000000e+04 3.692951221694205088e-01
7.014400000000000000e+04 2.916736112389392011e-01
7.065600000000000000e+04 2.916736112389392011e-01
7.116800000000000000e+04 2.916736112389392011e-01
7.168000000000000000e+04 2.916736112389392011e-01
7.219200000000000000e+04 2.916736112389392011e-01
7.270400000000000000e+04 2.916736112389392011e-01
7.321600000000000000e+04 2.916736112389392011e-01
7.372800000000000000e+04 2.916736112389392011e-01
7.424000000000000000e+04 2.916736112389392011e-01
7.475200000000000000e+04 2.916736112389392011e-01
7.526400000000000000e+04 2.369470435099583494e-01
7.577600000000000000e+04 1.670864730851550628e-01
7.628800000000000000e+04 1.670864730851550628e-01
7.680000000000000000e+04 1.670864730851550628e-01
7.731200000000000000e+04 1.670864730851550628e-01
7.782400000000000000e+04 1.670864730851550628e-01
7.833600000000000000e+04 1.670864730851550628e-01
7.884800000000000000e+04 1.670864730851550628e-01
7.936000000000000000e+04 1.548885147688382757e-01
7.987200000000000000e+04 1.548885147688382757e-01
8.038400000000000000e+04 1.548885147688382757e-01
8.089600000000000000e+04 1.548885147688382757e-01
8.140800000000000000e+04 1.548885147688382757e-01
8.192000000000000000e+04 1.548885147688382757e-01
8.243200000000000000e+04 1.548885147688382757e-01
8.294400000000000000e+04 1.548885147688382757e-01
8.345600000000000000e+04 1.548885147688382757e-01
8.396800000000000000e+04 1.548885147688382757e-01
8.448000000000000000e+04 1.548885147688382757e-01
8.499200000000000000e+04 1.548885147688382757e-01
8.550400000000000000e+04 1.548885147688382757e-01
8.601600000000000000e+04 1.520924240140306138e-01
8.652800000000000000e+04 1.333495469732054461e-01
8.704000000000000000e+04 8.555282014207436780e-02
8.755200000000000000e+04 8.555282014207436780e-02
8.806400000000000000e+04 8.555282014207436780e-02
8.857600000000000000e+04 8.555282014207436780e-02
8.908800000000000000e+04 8.555282014207436780e-02
8.960000000000000000e+04 8.555282014207436780e-02
9.011200000000000000e+04 8.555282014207436780e-02
9.062400000000000000e+04 8.555282014207436780e-02
9.113600000000000000e+04 8.555282014207436780e-02
9.164800000000000000e+04 8.555282014207436780e-02
9.216000000000000000e+04 8.555282014207436780e-02
9.267200000000000000e+04 8.555282014207436780e-02
9.318400000000000000e+04 8.555282014207436780e-02
9.369600000000000000e+04 8.555282014207436780e-02
9.420800000000000000e+04 7.550606829219570770e-02
9.472000000000000000e+04 7.550606829219570770e-02
9.523200000000000000e+04 6.943004154448192966e-02
9.574400000000000000e+04 6.943004154448192966e-02
9.625600000000000000e+04 6.943004154448192966e-02
9.676800000000000000e+04 6.943004154448192966e-02
9.728000000000000000e+04 6.816112844507420110e-02
9.779200000000000000e+04 6.420280945806317030e-02
9.830400000000000000e+04 6.420280945806317030e-02
9.881600000000000000e+04 6.420280945806317030e-02
9.932800000000000000e+04 6.420280945806317030e-02
9.984000000000000000e+04 6.420280945806317030e-02
1.003520000000000000e+05 6.420280945806317030e-02
1.008640000000000000e+05 5.170603957931164951e-02
1.013760000000000000e+05 5.170603957931164951e-02
1.018880000000000000e+05 4.154719166203910824e-02
1.024000000000000000e+05 4.154719166203910824e-02
1.029120000000000000e+05 4.154719166203910824e-02
1.034240000000000000e+05 4.154719166203910824e-02
1.039360000000000000e+05 4.154719166203910824e-02
1.044480000000000000e+05 2.443691356102670187e-02
1.049600000000000000e+05 2.443691356102670187e-02
1.054720000000000000e+05 2.443691356102670187e-02
1.059840000000000000e+05 2.443691356102670187e-02
1.064960000000000000e+05 2.443691356102670187e-02
1.070080000000000000e+05 2.443691356102670187e-02
1.075200000000000000e+05 2.443691356102670187e-02
1.080320000000000000e+05 2.443691356102670187e-02
1.085440000000000000e+05 2.443691356102670187e-02
1.090560000000000000e+05 2.443691356102670187e-02
1.095680000000000000e+05 2.443691356102670187e-02
1.100800000000000000e+05 2.443691356102670187e-02
1.105920000000000000e+05 2.443691356102670187e-02
1.111040000000000000e+05 2.443691356102670187e-02
1.116160000000000000e+05 2.443691356102670187e-02
1.121280000000000000e+05 2.150747825381349107e-02
1.126400000000000000e+05 2.150747825381349107e-02
1.131520000000000000e+05 1.870410822723671262e-02
1.136640000000000000e+05 1.870410822723671262e-02
1.141760000000000000e+05 1.870410822723671262e-02
1.146880000000000000e+05 1.478212381332668496e-02
1.152000000000000000e+05 1.478212381332668496e-02
1.157120000000000000e+05 1.478212381332668496e-02
1.162240000000000000e+05 1.478212381332668496e-02
1.167360000000000000e+05 1.478212381332668496e-02
1.172480000000000000e+05 1.478212381332668496e-02
1.177600000000000000e+05 1.478212381332668496e-02
1.182720000000000000e+05 1.478212381332668496e-02
1.187840000000000000e+05 1.478212381332668496e-02
1.192960000000000000e+05 1.478212381332668496e-02
1.198080000000000000e+05 1.478212381332668496e-02
1.203200000000000000e+05 1.099143484670644239e-02
1.208320000000000000e+05 1.099143484670644239e-02
1.213440000000000000e+05 1.099143484670644239e-02
1.218560000000000000e+05 1.099143484670644239e-02
1.223680000000000000e+05 1.099143484670644239e-02
1.228800000000000000e+05 1.099143484670644239e-02
1.233920000000000000e+05 1.099143484670644239e-02
1.239040000000000000e+05 1.099143484670644239e-02
1.244160000000000000e+05 1.099143484670644239e-02
1.249280000000000000e+05 1.099143484670644239e-02
1.254400000000000000e+05 1.099143484670644239e-02
1.259520000000000000e+05 1.099143484670644239e-02
1.264640000000000000e+05 1.074044611875980999e-02
1.269760000000000000e+05 1.074044611875980999e-02
1.274880000000000000e+05 1.074044611875980999e-02
1.280000000000000000e+05 7.531391945914124933e-03
1.285120000000000000e+05 7.531391945914124933e-03
1.290240000000000000e+05 7.531391945914124933e-03
1.295360000000000000e+05 7.531391945914124933e-03
1.300480000000000000e+05 7.531391945914124933e-03
1.305600000000000000e+05 7.531391945914124933e-03
1.310720000000000000e+05 7.531391945914124933e-03
1.315840000000000000e+05 7.531391945914124933e-03
1.320960000000000000e+05 7.531391945914124933e-03
1.326080000000000000e+05 7.531391945914124933e-03
1.331200000000000000e+05 7.492523258368494199e-03
1.336320000000000000e+05 6.230321155781053458e-03
1.341440000000000000e+05 6.230321155781053458e-03
1.346560000000000000e+05 6.230321155781053458e-03
1.351680000000000000e+05 6.230321155781053458e-03
1.356800000000000000e+05 6.230321155781053458e-03
1.361920000000000000e+05 5.917634028695023529e-03
1.367040000000000000e+05 4.741202981638566356e-03
1.372160000000000000e+05 4.741202981638566356e-03
1.377280000000000000e+05 4.741202981638566356e-03
1.382400000000000000e+05 4.741202981638566356e-03
1.387520000000000000e+05 4.741202981638566356e-03
1.392640000000000000e+05 4.741202981638566356e-03
1.397760000000000000e+05 4.741202981638566356e-03
1.402880000000000000e+05 4.741202981638566356e-03
1.408000000000000000e+05 3.579065035585962760e-03
1.413120000000000000e+05 3.280144649123447297e-03
1.418240000000000000e+05 3.280144649123447297e-03
1.423360000000000000e+05 3.280144649123447297e-03
1.428480000000000000e+05 3.280144649123447297e-03
1.433600000000000000e+05 3.280144649123447297e-03
1.438720000000000000e+05 3.280144649123447297e-03
1.443840000000000000e+05 3.280144649123447297e-03
1.448960000000000000e+05 3.280144649123447297e-03
1.454080000000000000e+05 3.280144649123447297e-03
1.459200000000000000e+05 9.889708269423657522e-04
1.464320000000000000e+05 9.889708269423657522e-04
1.469440000000000000e+05 9.889708269423657522e-04
1.474560000000000000e+05 9.889708269423657522e-04
1.479680000000000000e+05 9.889708269423657522e-04
1.484800000000000000e+05 9.889708269423657522e-04
1.489920000000000000e+05 9.889708269423657522e-04
1.495040000000000000e+05 9.889708269423657522e-04
1.500160000000000000e+05 9.889708269423657522e-04
1.505280000000000000e+05 9.889708269423657522e-04
1.510400000000000000e+05 9.889708269423657522e-04
1.515520000000000000e+05 9.889708269423657522e-04
1.520640000000000000e+05 9.889708269423657522e-04
1.525760000000000000e+05 9.889708269423657522e-04
1.530880000000000000e+05 9.889708269423657522e-04
1.536000000000000000e+05 9.889708269423657522e-04
1.541120000000000000e+05 9.889708269423657522e-04
1.546240000000000000e+05 9.889708269423657522e-04
1.551360000000000000e+05 9.889708269423657522e-04
1.556480000000000000e+05 9.889708269423657522e-04
1.561600000000000000e+05 9.889708269423657522e-04
1.566720000000000000e+05 9.889708269423657522e-04
1.571840000000000000e+05 9.889708269423657522e-04
1.576960000000000000e+05 9.889708269423657522e-04
1.582080000000000000e+05 9.889708269423657522e-04
1.587200000000000000e+05 9.889708269423657522e-04
1.592320000000000000e+05 9.889708269423657522e-04
1.597440000000000000e+05 9.889708269423657522e-04
1.602560000000000000e+05 9.889708269423657522e-04
1.607680000000000000e+05 9.889708269423657522e-04
1.612800000000000000e+05 9.889708269423657522e-04
1.617920000000000000e+05 9.889708269423657522e-04
1.623040000000000000e+05 9.889708269423657522e-04
1.628160000000000000e+05 9.889708269423657522e-04
1.633280000000000000e+05 9.889708269423657522e-04
1.638400000000000000e+05 9.889708269423657522e-04
1.643520000000000000e+05 9.889708269423657522e-04
1.648640000000000000e+05 9.889708269423657522e-04
1.653760000000000000e+05 9.889708269423657522e-04
1.658880000000000000e+05 9.889708269423657522e-04
1.664000000000000000e+05 9.889708269423657522e-04
1.669120000000000000e+05 9.889708269423657522e-04
1.674240000000000000e+05 8.210312955293906255e-04
1.679360000000000000e+05 8.210312955293906255e-04
1.684480000000000000e+05 8.210312955293906255e-04
1.689600000000000000e+05 8.210312955293906255e-04
1.694720000000000000e+05 8.210312955293906255e-04
1.699840000000000000e+05 8.210312955293906255e-04
1.704960000000000000e+05 8.210312955293906255e-04
1.710080000000000000e+05 6.749056842123054688e-04
1.715200000000000000e+05 6.749056842123054688e-04
1.720320000000000000e+05 6.749056842123054688e-04
1.725440000000000000e+05 6.749056842123054688e-04
1.730560000000000000e+05 5.830137940032977450e-04
1.735680000000000000e+05 4.706995321062479396e-04
1.740800000000000000e+05 4.706995321062479396e-04
1.745920000000000000e+05 4.706995321062479396e-04
1.751040000000000000e+05 4.706995321062479396e-04
1.756160000000000000e+05 4.706995321062479396e-04
1.761280000000000000e+05 4.706995321062479396e-04
1.766400000000000000e+05 4.706995321062479396e-04
1.771520000000000000e+05 4.706995321062479396e-04
1.776640000000000000e+05 4.706995321062479396e-04
1.781760000000000000e+05 4.706995321062479396e-04
1.786880000000000000e+05 4.706995321062479396e-04
1.792000000000000000e+05 4.706995321062479396e-04
1.797120000000000000e+05 4.706995321062479396e-04
1.802240000000000000e+05 4.706995321062479396e-04
1.807360000000000000e+05 4.706995321062479396e-04
1.812480000000000000e+05 4.706995321062479396e-04
1.817600000000000000e+05 4.706995321062479396e-04
1.822720000000000000e+05 4.706995321062479396e-04
1.827840000000000000e+05 4.706995321062479396e-04
1.832960000000000000e+05 4.706995321062479396e-04
1.838080000000000000e+05 3.793128704249996855e-04
1.843200000000000000e+05 3.143677251464904016e-04
1.848320000000000000e+05 3.143677251464904016e-04
1.853440000000000000e+05 3.143677251464904016e-04
1.858560000000000000e+05 2.960298822234038222e-04
1.863680000000000000e+05 2.960298822234038222e-04
1.868800000000000000e+05 2.960298822234038222e-04
1.873920000000000000e+05 2.960298822234038222e-04
1.879040000000000000e+05 2.960298822234038222e-04
1.884160000000000000e+05 2.278479471167252325e-04
1.889280000000000000e+05 2.278479471167252325e-04
1.894400000000000000e+05 2.123321478306712876e-04
1.899520000000000000e+05 2.123321478306712876e-04
1.904640000000000000e+05 2.123321478306712876e-04
1.909760000000000000e+05 2.123321478306712876e-04
1.914880000000000000e+05 2.123321478306712876e-04
1.920000000000000000e+05 2.123321478306712876e-04
1.925120000000000000e+05 2.123321478306712876e-04
1.930240000000000000e+05 2.123321478306712876e-04
1.935360000000000000e+05 2.123321478306712876e-04
1.940480000000000000e+05 2.123321478306712876e-04
1.945600000000000000e+05 1.857763932032137951e-04
1.950720000000000000e+05 1.857763932032137951e-04
1.955840000000000000e+05 1.857763932032137951e-04
1.960960000000000000e+05 1.857763932032137951e-04
1.966080000000000000e+05 1.857763932032137951e-04
1.971200000000000000e+05 1.857763932032137951e-04
1.976320000000000000e+05 1.229989411388290638e-04
1.981440000000000000e+05 1.035802460979865338e-04
1.986560000000000000e+05 1.035802460979865338e-04
1.991680000000000000e+05 1.035802460979865338e-04
1.996800000000000000e+05 1.035802460979865338e-04
2.001920000000000000e+05 1.035802460979865338e-04
2.007040000000000000e+05 1.035802460979865338e-04
2.012160000000000000e+05 1.035802460979865338e-04
2.017280000000000000e+05 9.138201717086367592e-05
2.022400000000000000e+05 9.138201717086367592e-05
2.027520000000000000e+05 9.138201717086367592e-05
2.032640000000000000e+05 9.138201717086367592e-05
2.037760000000000000e+05 9.138201717086367592e-05
2.042880000000000000e+05 9.138201717086367592e-05
2.048000000000000000e+05 9.138201717086367592e-05
2.053120000000000000e+05 9.138201717086367592e-05
2.058240000000000000e+05 9.138201717086367592e-05
2.063360000000000000e+05 9.138201717086367592e-05
2.068480000000000000e+05 7.183929804339217278e-05
2.073600000000000000e+05 7.183929804339217278e-05
2.078720000000000000e+05 7.183929804339217278e-05
2.083840000000000000e+05 7.183929804339217278e-05
2.088960000000000000e+05 7.183929804339217278e-05
2.094080000000000000e+05 7.183929804339217278e-05
2.099200000000000000e+05 7.015957920614900251e-05
2.104320000000000000e+05 7.015957920614900251e-05
2.109440000000000000e+05 7.015957920614900251e-05
2.114560000000000000e+05 7.015957920614900251e-05
2.119680000000000000e+05 4.784168893329203843e-05
2.124800000000000000e+05 4.784168893329203843e-05
2.129920000000000000e+05 4.784168893329203843e-05
2.135040000000000000e+05 4.784168893329203843e-05
2.140160000000000000e+05 4.784168893329203843e-05
2.145280000000000000e+05 4.784168893329203843e-05
2.150400000000000000e+05 4.784168893329203843e-05
2.155520000000000000e+05 4.784168893329203843e-05
2.160640000000000000e+05 4.784168893329203843e-05
2.165760000000000000e+05 4.784168893329203843e-05
2.170880000000000000e+05 4.784168893329203843e-05
2.176000000000000000e+05 4.784168893329203843e-05
2.181120000000000000e+05 4.784168893329203843e-05
2.186240000000000000e+05 4.784168893329203843e-05
2.191360000000000000e+05 4.784168893329203843e-05
2.196480000000000000e+05 4.784168893329203843e-05
2.201600000000000000e+05 4.784168893329203843e-05
2.206720000000000000e+05 3.768190087478779358e-05
2.211840000000000000e+05 3.768190087478779358e-05
2.216960000000000000e+05 3.267039878099979621e-05
2.222080000000000000e+05 3.267039878099979621e-05
2.227200000000000000e+05 3.267039878099979621e-05
2.232320000000000000e+05 1.490385740466428199e-05
2.237440000000000000e+05 1.490385740466428199e-05
2.242560000000000000e+05 1.490385740466428199e-05
2.247680000000000000e+05 1.490385740466428199e-05
2.252800000000000000e+05 1.286110708858086965e-05
2.257920000000000000e+05 1.286110708858086965e-05
2.263040000000000000e+05 1.286110708858086965e-05
2.268160000000000000e+05 1.286110708858086965e-05
2.273280000000000000e+05 1.286110708858086965e-05
2.278400000000000000e+05 1.286110708858086965e-05
2.283520000000000000e+05 1.286110708858086965e-05
2.288640000000000000e+05 1.286110708858086965e-05
2.293760000000000000e+05 1.286110708858086965e-05
2.298880000000000000e+05 1.247518597332507457e-05
2.304000000000000000e+05 1.247518597332507457e-05
2.309120000000000000e+05 1.247518597332507457e-05
2.314240000000000000e+05 1.247518597332507457e-05
2.319360000000000000e+05 1.247518597332507457e-05
2.324480000000000000e+05 1.247518597332507457e-05
2.329600000000000000e+05 1.247518597332507457e-05
2.334720000000000000e+05 1.247518597332507457e-05
2.339840000000000000e+05 1.247518597332507457e-05
2.344960000000000000e+05 1.247518597332507457e-05
2.350080000000000000e+05 1.247518597332507457e-05
2.355200000000000000e+05 1.247518597332507457e-05
2.360320000000000000e+05 1.247518597332507457e-05
2.365440000000000000e+05 1.247518597332507457e-05
2.370560000000000000e+05 1.247518597332507457e-05
2.375680000000000000e+05 1.157550556161884451e-05
2.380800000000000000e+05 1.157550556161884451e-05
2.385920000000000000e+05 1.157550556161884451e-05
2.391040000000000000e+05 1.157550556161884451e-05
2.396160000000000000e+05 1.157550556161884451e-05
2.401280000000000000e+05 7.376540365659531415e-06
2.406400000000000000e+05 7.376540365659531415e-06
2.411520000000000000e+05 7.376540365659531415e-06
2.416640000000000000e+05 7.376540365659531415e-06
2.421760000000000000e+05 7.376540365659531415e-06
2.426880000000000000e+05 7.376540365659531415e-06
2.432000000000000000e+05 7.376540365659531415e-06
2.437120000000000000e+05 7.376540365659531415e-06
2.442240000000000000e+05 7.376540365659531415e-06
2.447360000000000000e+05 7.376540365659531415e-06
2.452480000000000000e+05 7.376540365659531415e-06
2.457600000000000000e+05 3.793122866881218232e-06
2.462720000000000000e+05 3.793122866881218232e-06
2.467840000000000000e+05 3.793122866881218232e-06
2.472960000000000000e+05 3.793122866881218232e-06
2.478080000000000000e+05 3.793122866881218232e-06
2.483200000000000000e+05 3.793122866881218232e-06
2.488320000000000000e+05 3.793122866881218232e-06
2.493440000000000000e+05 3.793122866881218232e-06
2.498560000000000000e+05 3.793122866881218232e-06
2.503680000000000000e+05 3.793122866881218232e-06
2.508800000000000000e+05 3.793122866881218232e-06
2.513920000000000000e+05 3.793122866881218232e-06
2.519040000000000000e+05 3.793122866881218232e-06
2.524160000000000000e+05 3.793122866881218232e-06
2.529280000000000000e+05 3.793122866881218232e-06
2.534400000000000000e+05 3.793122866881218232e-06
2.539520000000000000e+05 3.793122866881218232e-06
2.544640000000000000e+05 3.793122866881218232e-06
2.549760000000000000e+05 3.793122866881218232e-06
2.554880000000000000e+05 3.238730534189265299e-06
2.560000000000000000e+05 3.238730534189265299e-06
2.565120000000000000e+05 3.238730534189265299e-06
2.570240000000000000e+05 2.474004985925363724e-06
2.575360000000000000e+05 2.474004985925363724e-06
2.580480000000000000e+05 2.474004985925363724e-06
2.585600000000000000e+05 2.474004985925363724e-06
2.590720000000000000e+05 2.474004985925363724e-06
2.595840000000000000e+05 2.474004985925363724e-06
2.600960000000000000e+05 2.474004985925363724e-06
2.606080000000000000e+05 2.474004985925363724e-06
2.611200000000000000e+05 2.474004985925363724e-06
2.616320000000000000e+05 2.474004985925363724e-06
2.621440000000000000e+05 2.474004985925363724e-06
2.626560000000000000e+05 2.474004985925363724e-06
2.631680000000000000e+05 2.474004985925363724e-06
2.636800000000000000e+05 2.474004985925363724e-06
2.641920000000000000e+05 2.474004985925363724e-06
2.647040000000000000e+05 2.474004985925363724e-06
2.652160000000000000e+05 2.474004985925363724e-06
2.657280000000000000e+05 2.474004985925363724e-06
2.662400000000000000e+05 2.474004985925363724e-06
2.667520000000000000e+05 2.474004985925363724e-06
2.672640000000000000e+05 2.474004985925363724e-06
2.677760000000000000e+05 8.775444711126331747e-07
2.682880000000000000e+05 8.775444711126331747e-07
2.688000000000000000e+05 8.775444711126331747e-07
2.693120000000000000e+05 8.775444711126331747e-07
2.698240000000000000e+05 8.775444711126331747e-07
2.703360000000000000e+05 8.775444711126331747e-07
2.708480000000000000e+05 8.775444711126331747e-07
2.713600000000000000e+05 8.775444711126331747e-07
2.718720000000000000e+05 8.775444711126331747e-07
2.723840000000000000e+05 8.775444711126331747e-07
2.728960000000000000e+05 7.220050225352128416e-07
2.734080000000000000e+05 7.220050225352128416e-07
2.739200000000000000e+05 7.220050225352128416e-07
2.744320000000000000e+05 7.220050225352128416e-07
2.749440000000000000e+05 7.220050225352128416e-07
2.754560000000000000e+05 7.220050225352128416e-07
2.759680000000000000e+05 7.220050225352128416e-07
2.764800000000000000e+05 7.220050225352128416e-07
2.769920000000000000e+05 7.220050225352128416e-07
2.775040000000000000e+05 7.220050225352128416e-07
2.780160000000000000e+05 7.220050225352128416e-07
2.785280000000000000e+05 7.220050225352128416e-07
2.790400000000000000e+05 7.220050225352128416e-07
2.795520000000000000e+05 7.220050225352128416e-07
2.800640000000000000e+05 2.417277844847411165e-07
2.805760000000000000e+05 2.417277844847411165e-07
2.810880000000000000e+05 2.417277844847411165e-07
2.816000000000000000e+05 2.417277844847411165e-07
2.821120000000000000e+05 2.417277844847411165e-07
2.826240000000000000e+05 2.417277844847411165e-07
2.831360000000000000e+05 2.417277844847411165e-07
2.836480000000000000e+05 2.417277844847411165e-07
2.841600000000000000e+05 2.417277844847411165e-07
2.846720000000000000e+05 2.417277844847411165e-07
2.851840000000000000e+05 2.417277844847411165e-07
2.856960000000000000e+05 2.417277844847411165e-07
2.862080000000000000e+05 2.417277844847411165e-07
2.867200000000000000e+05 2.417277844847411165e-07
2.872320000000000000e+05 2.417277844847411165e-07
2.877440000000000000e+05 2.417277844847411165e-07
2.882560000000000000e+05 2.417277844847411165e-07
2.887680000000000000e+05 2.417277844847411165e-07
2.892800000000000000e+05 2.417277844847411165e-07
2.897920000000000000e+05 2.417277844847411165e-07
2.903040000000000000e+05 2.417277844847411165e-07
2.908160000000000000e+05 2.417277844847411165e-07
2.913280000000000000e+05 2.417277844847411165e-07
2.918400000000000000e+05 2.417277844847411165e-07
2.923520000000000000e+05 2.417277844847411165e-07
2.928640000000000000e+05 2.417277844847411165e-07
2.933760000000000000e+05 2.417277844847411165e-07
2.938880000000000000e+05 2.417277844847411165e-07
2.944000000000000000e+05 2.417277844847411165e-07
2.949120000000000000e+05 2.417277844847411165e-07
2.954240000000000000e+05 2.417277844847411165e-07
2.959360000000000000e+05 2.417277844847411165e-07
2.964480000000000000e+05 2.417277844847411165e-07
2.969600000000000000e+05 2.417277844847411165e-07
2.974720000000000000e+05 2.417277844847411165e-07
2.979840000000000000e+05 2.417277844847411165e-07
2.984960000000000000e+05 2.317220898460790762e-07
2.990080000000000000e+05 2.317220898460790762e-07
2.995200000000000000e+05 2.317220898460790762e-07
3.000320000000000000e+05 1.805024313808008526e-07
3.005440000000000000e+05 1.805024313808008526e-07
3.010560000000000000e+05 1.805024313808008526e-07
3.015680000000000000e+05 1.805024313808008526e-07
3.020800000000000000e+05 1.805024313808008526e-07
3.025920000000000000e+05 1.805024313808008526e-07
3.031040000000000000e+05 1.805024313808008526e-07
3.036160000000000000e+05 1.805024313808008526e-07
3.041280000000000000e+05 1.805024313808008526e-07
3.046400000000000000e+05 1.805024313808008526e-07
3.051520000000000000e+05 1.805024313808008526e-07
3.056640000000000000e+05 1.805024313808008526e-07
3.061760000000000000e+05 1.805024313808008526e-07
3.066880000000000000e+05 1.329607333104955501e-07
3.072000000000000000e+05 1.329607333104955501e-07
3.077120000000000000e+05 1.329607333104955501e-07
3.082240000000000000e+05 1.329607333104955501e-07
3.087360000000000000e+05 1.329607333104955501e-07
3.092480000000000000e+05 1.213216408261293624e-07
3.097600000000000000e+05 1.213216408261293624e-07
3.102720000000000000e+05 1.213216408261293624e-07
3.107840000000000000e+05 1.213216408261293624e-07
3.112960000000000000e+05 1.213216408261293624e-07
3.118080000000000000e+05 1.213216408261293624e-07
3.123200000000000000e+05 1.213216408261293624e-07
3.128320000000000000e+05 1.213216408261293624e-07
3.133440000000000000e+05 6.976967964764259153e-08
3.138560000000000000e+05 6.976967964764259153e-08
3.143680000000000000e+05 6.394154211162743869e-08
3.148800000000000000e+05 6.394154211162743869e-08
3.153920000000000000e+05 6.394154211162743869e-08
3.159040000000000000e+05 6.394154211162743869e-08
3.164160000000000000e+05 6.394154211162743869e-08
3.169280000000000000e+05 6.394154211162743869e-08
3.174400000000000000e+05 6.394154211162743869e-08
3.179520000000000000e+05 6.394154211162743869e-08
3.184640000000000000e+05 6.394154211162743869e-08
3.189760000000000000e+05 6.394154211162743869e-08
3.194880000000000000e+05 6.394154211162743869e-08
3.200000000000000000e+05 6.394154211162743869e-08
3.205120000000000000e+05 6.394154211162743869e-08
3.210240000000000000e+05 6.394154211162743869e-08
3.215360000000000000e+05 6.394154211162743869e-08
3.220480000000000000e+05 6.394154211162743869e-08
3.225600000000000000e+05 6.051157704363129608e-08
3.230720000000000000e+05 6.051157704363129608e-08
3.235840000000000000e+05 6.051157704363129608e-08
3.240960000000000000e+05 6.051157704363129608e-08
3.246080000000000000e+05 6.051157704363129608e-08
3.251200000000000000e+05 5.695748244636733130e-08
3.256320000000000000e+05 5.695748244636733130e-08
3.261440000000000000e+05 5.695748244636733130e-08
3.266560000000000000e+05 5.695748244636733130e-08
3.271680000000000000e+05 3.710810210921403592e-08
3.276800000000000000e+05 3.710810210921403592e-08
3.281920000000000000e+05 3.710810210921403592e-08
3.287040000000000000e+05 3.449749085945696033e-08
3.292160000000000000e+05 3.449749085945696033e-08
3.297280000000000000e+05 3.449749085945696033e-08
3.302400000000000000e+05 3.449749085945696033e-08
3.307520000000000000e+05 3.449749085945696033e-08
3.312640000000000000e+05 3.449749085945696033e-08
3.317760000000000000e+05 3.449749085945696033e-08
3.322880000000000000e+05 2.802179107265232597e-08
3.328000000000000000e+05 2.802179107265232597e-08
3.333120000000000000e+05 2.802179107265232597e-08
3.338240000000000000e+05 2.802179107265232597e-08
3.343360000000000000e+05 2.802179107265232597e-08
3.348480000000000000e+05 2.334412212352691715e-08
3.353600000000000000e+05 2.334412212352691715e-08
3.358720000000000000e+05 2.334412212352691715e-08
3.363840000000000000e+05 2.334412212352691715e-08
3.368960000000000000e+05 2.334412212352691715e-08
3.374080000000000000e+05 2.334412212352691715e-08
3.379200000000000000e+05 2.326251515266204064e-08
3.384320000000000000e+05 1.979228286170221791e-08
3.389440000000000000e+05 1.483543703756397445e-08
3.394560000000000000e+05 1.483543703756397445e-08
3.399680000000000000e+05 1.483543703756397445e-08
3.404800000000000000e+05 1.483543703756397445e-08
3.409920000000000000e+05 1.483543703756397445e-08
3.415040000000000000e+05 1.483543703756397445e-08
3.420160000000000000e+05 1.483543703756397445e-08
3.425280000000000000e+05 1.483543703756397445e-08
3.430400000000000000e+05 1.483543703756397445e-08
3.435520000000000000e+05 1.483543703756397445e-08
3.440640000000000000e+05 1.411364064975526236e-08
3.445760000000000000e+05 1.411364064975526236e-08
3.450880000000000000e+05 1.411364064975526236e-08
3.456000000000000000e+05 1.411364064975526236e-08
3.461120000000000000e+05 1.411364064975526236e-08
3.466240000000000000e+05 1.411364064975526236e-08
3.471360000000000000e+05 1.411364064975526236e-08
3.476480000000000000e+05 3.768801813374106167e-09
3.481600000000000000e+05 3.768801813374106167e-09
3.486720000000000000e+05 3.768801813374106167e-09
3.491840000000000000e+05 3.768801813374106167e-09
3.496960000000000000e+05 3.768801813374106167e-09
3.502080000000000000e+05 3.768801813374106167e-09
3.507200000000000000e+05 3.768801813374106167e-09
3.512320000000000000e+05 3.768801813374106167e-09
3.517440000000000000e+05 3.768801813374106167e-09
3.522560000000000000e+05 3.768801813374106167e-09
3.527680000000000000e+05 3.768801813374106167e-09
3.532800000000000000e+05 3.768801813374106167e-09
3.537920000000000000e+05 3.768801813374106167e-09
3.543040000000000000e+05 3.768801813374106167e-09
3.548160000000000000e+05 3.768801813374106167e-09
3.553280000000000000e+05 3.768801813374106167e-09
3.558400000000000000e+05 3.768801813374106167e-09
3.563520000000000000e+05 3.768801813374106167e-09
3.568640000000000000e+05 3.768801813374106167e-09
3.573760000000000000e+05 3.768801813374106167e-09
3.578880000000000000e+05 3.768801813374106167e-09
3.584000000000000000e+05 3.768801813374106167e-09
3.589120000000000000e+05 3.768801813374106167e-09
3.594240000000000000e+05 3.768801813374106167e-09
3.599360000000000000e+05 3.768801813374106167e-09
3.604480000000000000e+05 3.768801813374106167e-09
3.609600000000000000e+05 3.768801813374106167e-09
3.614720000000000000e+05 3.768801813374106167e-09
3.619840000000000000e+05 3.768801813374106167e-09
3.624960000000000000e+05 3.768801813374106167e-09
3.630080000000000000e+05 3.768801813374106167e-09
3.635200000000000000e+05 3.768801813374106167e-09
3.640320000000000000e+05 3.768801813374106167e-09
3.645440000000000000e+05 3.768801813374106167e-09
3.650560000000000000e+05 3.768801813374106167e-09
3.655680000000000000e+05 3.768801813374106167e-09
3.660800000000000000e+05 3.768801813374106167e-09
3.665920000000000000e+05 3.768801813374106167e-09
3.671040000000000000e+05 3.768801813374106167e-09
3.676160000000000000e+05 3.768801813374106167e-09
3.681280000000000000e+05 3.656826100468042028e-09
3.686400000000000000e+05 2.959154712937146461e-09
3.691520000000000000e+05 2.959154712937146461e-09
3.696640000000000000e+05 2.959154712937146461e-09
3.701760000000000000e+05 2.959154712937146461e-09
3.706880000000000000e+05 2.959154712937146461e-09
3.712000000000000000e+05 2.959154712937146461e-09
3.717120000000000000e+05 1.997509755630138235e-09
3.722240000000000000e+05 1.997509755630138235e-09
3.727360000000000000e+05 1.997509755630138235e-09
3.732480000000000000e+05 1.997509755630138235e-09
3.737600000000000000e+05 1.997509755630138235e-09
3.742720000000000000e+05 1.997509755630138235e-09
3.747840000000000000e+05 1.997509755630138235e-09
3.752960000000000000e+05 1.997509755630138235e-09
3.758080000000000000e+05 1.997509755630138235e-09
3.763200000000000000e+05 1.997509755630138235e-09
3.768320000000000000e+05 1.515716787416144383e-09
3.773440000000000000e+05 1.515716787416144383e-09
3.778560000000000000e+05 1.515716787416144383e-09
3.783680000000000000e+05 1.276161464003017072e-09
3.788800000000000000e+05 1.276161464003017072e-09
3.793920000000000000e+05 1.276161464003017072e-09
3.799040000000000000e+05 1.276161464003017072e-09
3.804160000000000000e+05 1.276161464003017072e-09
3.809280000000000000e+05 1.276161464003017072e-09
3.814400000000000000e+05 1.276161464003017072e-09
3.819520000000000000e+05 1.276161464003017072e-09
3.824640000000000000e+05 1.276161464003017072e-09
3.829760000000000000e+05 1.276161464003017072e-09
3.834880000000000000e+05 1.276161464003017072e-09
3.840000000000000000e+05 1.276161464003017072e-09
3.845120000000000000e+05 1.276161464003017072e-09
3.850240000000000000e+05 1.276161464003017072e-09
3.855360000000000000e+05 1.276161464003017072e-09
3.860480000000000000e+05 1.276161464003017072e-09
3.865600000000000000e+05 1.192077666918558704e-09
3.870720000000000000e+05 1.034736912688913302e-09
3.875840000000000000e+05 9.591553293217434390e-10
3.880960000000000000e+05 9.591553293217434390e-10
3.886080000000000000e+05 9.591553293217434390e-10
3.891200000000000000e+05 9.591553293217434390e-10
3.896320000000000000e+05 9.591553293217434390e-10
3.901440000000000000e+05 9.591553293217434390e-10
3.906560000000000000e+05 9.142222267459881856e-10
3.911680000000000000e+05 9.142222267459881856e-10
3.916800000000000000e+05 9.142222267459881856e-10
3.921920000000000000e+05 9.142222267459881856e-10
3.927040000000000000e+05 9.142222267459881856e-10
3.932160000000000000e+05 9.142222267459881856e-10
3.937280000000000000e+05 9.142222267459881856e-10
3.942400000000000000e+05 8.066600557905677591e-10
3.947520000000000000e+05 8.066600557905677591e-10
3.952640000000000000e+05 8.066600557905677591e-10
3.957760000000000000e+05 5.005428179426765605e-10
3.962880000000000000e+05 5.005428179426765605e-10
3.968000000000000000e+05 5.005428179426765605e-10
3.973120000000000000e+05 5.005428179426765605e-10
3.978240000000000000e+05 5.005428179426765605e-10
3.983360000000000000e+05 5.005428179426765605e-10
3.988480000000000000e+05 5.005428179426765605e-10
3.993600000000000000e+05 5.005428179426765605e-10
3.998720000000000000e+05 4.587358790905976446e-10
4.003840000000000000e+05 4.587358790905976446e-10
4.008960000000000000e+05 4.587358790905976446e-10
4.014080000000000000e+05 4.587358790905976446e-10
4.019200000000000000e+05 3.890988546050316981e-10
4.024320000000000000e+05 3.747715476320159645e-10
4.029440000000000000e+05 3.747715476320159645e-10
4.034560000000000000e+05 3.747715476320159645e-10
4.039680000000000000e+05 3.747715476320159645e-10
4.044800000000000000e+05 3.747715476320159645e-10
4.049920000000000000e+05 3.747715476320159645e-10
4.055040000000000000e+05 3.663984313019443706e-10
4.060160000000000000e+05 3.663984313019443706e-10
4.065280000000000000e+05 3.663984313019443706e-10
4.070400000000000000e+05 3.663984313019443706e-10
4.075520000000000000e+05 2.868140015949496479e-10
4.080640000000000000e+05 2.868140015949496479e-10
4.085760000000000000e+05 2.868140015949496479e-10
4.090880000000000000e+05 1.940379535961232800e-10
4.096000000000000000e+05 1.940379535961232800e-10
4.101120000000000000e+05 1.940379535961232800e-10
4.106240000000000000e+05 1.940379535961232800e-10
4.111360000000000000e+05 1.940379535961232800e-10
4.116480000000000000e+05 1.940379535961232800e-10
4.121600000000000000e+05 1.940379535961232800e-10
4.126720000000000000e+05 1.940379535961232800e-10
4.131840000000000000e+05 1.940379535961232800e-10
4.136960000000000000e+05 1.940379535961232800e-10
4.142080000000000000e+05 1.940379535961232800e-10
4.147200000000000000e+05 1.940379535961232800e-10
4.152320000000000000e+05 1.940379535961232800e-10
4.157440000000000000e+05 9.301128919157950002e-11
4.162560000000000000e+05 9.301128919157950002e-11
4.167680000000000000e+05 9.301128919157950002e-11
4.172800000000000000e+05 9.301128919157950002e-11
4.177920000000000000e+05 9.301128919157950002e-11
4.183040000000000000e+05 9.301128919157950002e-11
4.188160000000000000e+05 9.301128919157950002e-11
4.193280000000000000e+05 9.301128919157950002e-11
4.198400000000000000e+05 9.301128919157950002e-11
4.203520000000000000e+05 9.301128919157950002e-11
4.208640000000000000e+05 9.301128919157950002e-11
4.213760000000000000e+05 9.301128919157950002e-11
4.218880000000000000e+05 9.301128919157950002e-11
4.224000000000000000e+05 9.301128919157950002e-11
4.229120000000000000e+05 9.301128919157950002e-11
4.234240000000000000e+05 9.301128919157950002e-11
4.239360000000000000e+05 9.301128919157950002e-11
4.244480000000000000e+05 9.301128919157950002e-11
4.249600000000000000e+05 9.301128919157950002e-11
4.254720000000000000e+05 9.301128919157950002e-11
4.259840000000000000e+05 9.301128919157950002e-11
4.264960000000000000e+05 9.301128919157950002e-11
4.270080000000000000e+05 9.301128919157950002e-11
4.275200000000000000e+05 9.301128919157950002e-11
4.280320000000000000e+05 9.301128919157950002e-11
4.285440000000000000e+05 8.560691679016182992e-11
4.290560000000000000e+05 6.391594864030607302e-11
4.295680000000000000e+05 6.391594864030607302e-11
4.300800000000000000e+05 6.391594864030607302e-11
4.305920000000000000e+05 6.391594864030607302e-11
4.311040000000000000e+05 6.391594864030607302e-11
4.316160000000000000e+05 6.391594864030607302e-11
4.321280000000000000e+05 6.391594864030607302e-11
4.326400000000000000e+05 6.148973205951065564e-11
4.331520000000000000e+05 6.148973205951065564e-11
4.336640000000000000e+05 6.148973205951065564e-11
4.341760000000000000e+05 6.148973205951065564e-11
4.346880000000000000e+05 5.140346916146528470e-11
4.352000000000000000e+05 5.140346916146528470e-11
4.357120000000000000e+05 5.140346916146528470e-11
4.362240000000000000e+05 4.070339651223103990e-11
4.367360000000000000e+05 4.070339651223103990e-11
4.372480000000000000e+05 4.070339651223103990e-11
4.377600000000000000e+05 4.070339651223103990e-11
4.382720000000000000e+05 4.070339651223103990e-11
4.387840000000000000e+05 4.070339651223103990e-11
4.392960000000000000e+05 4.070339651223103990e-11
4.398080000000000000e+05 3.489677269938128030e-11
4.403200000000000000e+05 3.489677269938128030e-11
4.408320000000000000e+05 3.489677269938128030e-11
4.413440000000000000e+05 3.489677269938128030e-11
4.418560000000000000e+05 3.489677269938128030e-11
4.423680000000000000e+05 3.489677269938128030e-11
4.428800000000000000e+05 3.489677269938128030e-11
4.433920000000000000e+05 3.489677269938128030e-11
4.439040000000000000e+05 2.845982247565480030e-11
4.444160000000000000e+05 2.845982247565480030e-11
4.449280000000000000e+05 2.845982247565480030e-11
4.454400000000000000e+05 2.845982247565480030e-11
4.459520000000000000e+05 2.845982247565480030e-11
4.464640000000000000e+05 2.845982247565480030e-11
4.469760000000000000e+05 2.845982247565480030e-11
4.474880000000000000e+05 2.845982247565480030e-11
4.480000000000000000e+05 2.662493613418126175e-11
4.485120000000000000e+05 1.965727698692036318e-11
4.490240000000000000e+05 1.965727698692036318e-11
4.495360000000000000e+05 1.965727698692036318e-11
4.500480000000000000e+05 1.965727698692036318e-11
4.505600000000000000e+05 1.965727698692036318e-11
4.510720000000000000e+05 1.288052183284883569e-11
4.515840000000000000e+05 1.288052183284883569e-11
4.520960000000000000e+05 1.288052183284883569e-11
4.526080000000000000e+05 1.288052183284883569e-11
4.531200000000000000e+05 1.288052183284883569e-11
4.536320000000000000e+05 1.288052183284883569e-11
4.541440000000000000e+05 1.288052183284883569e-11
4.546560000000000000e+05 1.288052183284883569e-11
4.551680000000000000e+05 1.248219779643309442e-11
4.556800000000000000e+05 1.248219779643309442e-11
4.561920000000000000e+05 1.054050618024532241e-11
4.567040000000000000e+05 1.054050618024532241e-11
4.572160000000000000e+05 1.054050618024532241e-11
4.577280000000000000e+05 1.054050618024532241e-11
4.582400000000000000e+05 1.054050618024532241e-11
4.587520000000000000e+05 1.054050618024532241e-11
4.592640000000000000e+05 1.054050618024532241e-11
4.597760000000000000e+05 1.054050618024532241e-11
4.602880000000000000e+05 1.054050618024532241e-11
4.608000000000000000e+05 1.054050618024532241e-11
4.613120000000000000e+05 1.054050618024532241e-11
4.618240000000000000e+05 1.054050618024532241e-11
4.623360000000000000e+05 1.054050618024532241e-11
4.628480000000000000e+05 1.054050618024532241e-11
4.633600000000000000e+05 1.054050618024532241e-11
4.638720000000000000e+05 1.054050618024532241e-11
4.643840000000000000e+05 1.054050618024532241e-11
4.648960000000000000e+05 1.054050618024532241e-11
4.654080000000000000e+05 1.054050618024532241e-11
4.659200000000000000e+05 1.012080792189070238e-11
4.664320000000000000e+05 7.907239190901170865e-12
4.669440000000000000e+05 6.869424823278009070e-12
4.674560000000000000e+05 6.452029097927296431e-12
4.679680000000000000e+05 6.452029097927296431e-12
4.684800000000000000e+05 6.452029097927296431e-12
4.689920000000000000e+05 6.452029097927296431e-12
4.695040000000000000e+05 6.452029097927296431e-12
4.700160000000000000e+05 6.452029097927296431e-12
4.705280000000000000e+05 6.452029097927296431e-12
4.710400000000000000e+05 5.665548156979269744e-12
4.715520000000000000e+05 5.665548156979269744e-12
4.720640000000000000e+05 5.665548156979269744e-12
4.725760000000000000e+05 5.665548156979269744e-12
4.730880000000000000e+05 5.665548156979269744e-12
4.736000000000000000e+05 5.248858339402445294e-12
4.741120000000000000e+05 4.034478004057319741e-12
4.746240000000000000e+05 4.034478004057319741e-12
4.751360000000000000e+05 4.034478004057319741e-12
4.756480000000000000e+05 4.034478004057319741e-12
4.761600000000000000e+05 4.034478004057319741e-12
4.766720000000000000e+05 4.034478004057319741e-12
4.771840000000000000e+05 4.034478004057319741e-12
4.776960000000000000e+05 4.034478004057319741e-12
4.782080000000000000e+05 4.034478004057319741e-12
4.787200000000000000e+05 4.034478004057319741e-12
4.792320000000000000e+05 4.034478004057319741e-12
4.797440000000000000e+05 3.327746253905275665e-12
4.802560000000000000e+05 2.227370461876930943e-12
4.807680000000000000e+05 2.227370461876930943e-12
4.812800000000000000e+05 2.227370461876930943e-12
4.817920000000000000e+05 2.227370461876930943e-12
4.823040000000000000e+05 2.227370461876930943e-12
4.828160000000000000e+05 2.227370461876930943e-12
4.833280000000000000e+05 2.227370461876930943e-12
4.838400000000000000e+05 2.227370461876930943e-12
4.843520000000000000e+05 2.227370461876930943e-12
4.848640000000000000e+05 2.227370461876930943e-12
4.853760000000000000e+05 2.227370461876930943e-12
4.858880000000000000e+05 2.227370461876930943e-12
4.864000000000000000e+05 2.227370461876930943e-12
4.869120000000000000e+05 2.181341000991708214e-12
4.874240000000000000e+05 2.058993662295020351e-12
4.879360000000000000e+05 2.058993662295020351e-12
4.884480000000000000e+05 2.058993662295020351e-12
4.889600000000000000e+05 2.058993662295020351e-12
4.894720000000000000e+05 2.058993662295020351e-12
4.899840000000000000e+05 2.058993662295020351e-12
4.904960000000000000e+05 2.058993662295020351e-12
4.910080000000000000e+05 1.096201705991941146e-12
4.915200000000000000e+05 1.096201705991941146e-12
4.920320000000000000e+05 1.096201705991941146e-12
4.925440000000000000e+05 1.096201705991941146e-12
4.930560000000000000e+05 1.096201705991941146e-12
4.935680000000000000e+05 1.096201705991941146e-12
4.940800000000000000e+05 1.096201705991941146e-12
4.945920000000000000e+05 1.060267852390253749e-12
4.951040000000000000e+05 1.060267852390253749e-12
4.956160000000000000e+05 1.060267852390253749e-12
4.961280000000000000e+05 1.060267852390253749e-12
4.966400000000000000e+05 1.060267852390253749e-12
4.971520000000000000e+05 1.060267852390253749e-12
4.976640000000000000e+05 1.060267852390253749e-12
4.981760000000000000e+05 1.060267852390253749e-12
4.986880000000000000e+05 1.060267852390253749e-12
4.992000000000000000e+05 1.060267852390253749e-12
4.997120000000000000e+05 1.060267852390253749e-12
5.002240000000000000e+05 1.060267852390253749e-12
5.007360000000000000e+05 1.060267852390253749e-12
5.012480000000000000e+05 8.409185183651728685e-13
5.017600000000000000e+05 8.409185183651728685e-13
5.022720000000000000e+05 8.409185183651728685e-13
5.027840000000000000e+05 8.409185183651728685e-13
5.032960000000000000e+05 8.409185183651728685e-13
5.038080000000000000e+05 8.409185183651728685e-13
5.043200000000000000e+05 8.409185183651728685e-13
5.048320000000000000e+05 8.409185183651728685e-13
5.053440000000000000e+05 8.409185183651728685e-13
5.058560000000000000e+05 8.409185183651728685e-13
5.063680000000000000e+05 7.175553595650197758e-13
5.068800000000000000e+05 4.859871722221021459e-13
5.073920000000000000e+05 4.859871722221021459e-13
5.079040000000000000e+05 4.859871722221021459e-13
5.084160000000000000e+05 4.859871722221021459e-13
5.089280000000000000e+05 4.859871722221021459e-13
5.094400000000000000e+05 4.470007118884784806e-13
5.099520000000000000e+05 4.470007118884784806e-13
5.104640000000000000e+05 4.470007118884784806e-13
5.109760000000000000e+05 4.470007118884784806e-13
5.114880000000000000e+05 4.470007118884784806e-13
5.120000000000000000e+05 4.470007118884784806e-13
5.125120000000000000e+05 4.470007118884784806e-13
5.130240000000000000e+05 4.470007118884784806e-13
5.135360000000000000e+05 4.470007118884784806e-13
5.140480000000000000e+05 4.470007118884784806e-13
5.145600000000000000e+05 4.470007118884784806e-13
5.150720000000000000e+05 4.015398208833225488e-13
5.155840000000000000e+05 4.015398208833225488e-13
5.160960000000000000e+05 3.898335764405588765e-13
5.166080000000000000e+05 3.643237825128845891e-13
5.171200000000000000e+05 3.643237825128845891e-13
5.176320000000000000e+05 3.643237825128845891e-13
5.181440000000000000e+05 3.643237825128845891e-13
5.186560000000000000e+05 3.643237825128845891e-13
5.191680000000000000e+05 3.300520837023721414e-13
5.196800000000000000e+05 3.300520837023721414e-13
5.201920000000000000e+05 3.300520837023721414e-13
5.207040000000000000e+05 2.780697267861089615e-13
5.212160000000000000e+05 2.780697267861089615e-13
5.217280000000000000e+05 2.780697267861089615e-13
5.222400000000000000e+05 2.780697267861089615e-13
5.227520000000000000e+05 2.415617329495366990e-13
5.232640000000000000e+05 2.415617329495366990e-13
5.237760000000000000e+05 2.415617329495366990e-13
5.242880000000000000e+05 2.142390033937233939e-13
5.248000000000000000e+05 2.142390033937233939e-13
5.253120000000000000e+05 2.142390033937233939e-13
5.258240000000000000e+05 2.142390033937233939e-13
5.263360000000000000e+05 2.142390033937233939e-13
5.268480000000000000e+05 2.142390033937233939e-13
5.273600000000000000e+05 2.142390033937233939e-13
5.278720000000000000e+05 2.142390033937233939e-13
5.283840000000000000e+05 2.142390033937233939e-13
5.288960000000000000e+05 2.142390033937233939e-13
5.294080000000000000e+05 2.142390033937233939e-13
5.299200000000000000e+05 2.142390033937233939e-13
5.304320000000000000e+05 2.142390033937233939e-13
5.309440000000000000e+05 2.142390033937233939e-13
5.314560000000000000e+05 2.142390033937233939e-13
5.319680000000000000e+05 2.076885067159675832e-13
5.324800000000000000e+05 2.076885067159675832e-13
5.329920000000000000e+05 2.076885067159675832e-13
5.335040000000000000e+05 2.076885067159675832e-13
5.340160000000000000e+05 2.076885067159675832e-13
5.345280000000000000e+05 1.400112191690367261e-13
5.350400000000000000e+05 1.400112191690367261e-13
5.355520000000000000e+05 1.400112191690367261e-13
5.360640000000000000e+05 1.400112191690367261e-13
5.365760000000000000e+05 1.400112191690367261e-13
5.370880000000000000e+05 8.900111288640407481e-14
5.376000000000000000e+05 8.900111288640407481e-14
5.381120000000000000e+05 8.900111288640407481e-14
5.386240000000000000e+05 8.900111288640407481e-14
5.391360000000000000e+05 8.900111288640407481e-14
5.396480000000000000e+05 8.900111288640407481e-14
5.401600000000000000e+05 8.900111288640407481e-14
5.406720000000000000e+05 8.900111288640407481e-14
5.411840000000000000e+05 8.900111288640407481e-14
5.416960000000000000e+05 8.900111288640407481e-14
5.422080000000000000e+05 8.900111288640407481e-14
5.427200000000000000e+05 8.900111288640407481e-14
5.432320000000000000e+05 8.900111288640407481e-14
5.437440000000000000e+05 8.900111288640407481e-14
5.442560000000000000e+05 8.900111288640407481e-14
5.447680000000000000e+05 8.900111288640407481e-14
5.452800000000000000e+05 8.900111288640407481e-14
5.457920000000000000e+05 8.900111288640407481e-14
5.463040000000000000e+05 8.900111288640407481e-14
5.468160000000000000e+05 8.900111288640407481e-14
5.473280000000000000e+05 8.900111288640407481e-14
5.478400000000000000e+05 7.021888720889042564e-14
5.483520000000000000e+05 7.021888720889042564e-14
5.488640000000000000e+05 7.021888720889042564e-14
5.493760000000000000e+05 5.314091691257715994e-14
5.498880000000000000e+05 5.314091691257715994e-14
5.504000000000000000e+05 5.314091691257715994e-14
5.509120000000000000e+05 5.314091691257715994e-14
5.514240000000000000e+05 5.314091691257715994e-14
5.519360000000000000e+05 5.314091691257715994e-14
5.524480000000000000e+05 5.314091691257715994e-14
5.529600000000000000e+05 5.314091691257715994e-14
5.534720000000000000e+05 5.314091691257715994e-14
5.539840000000000000e+05 5.314091691257715994e-14
5.544960000000000000e+05 5.314091691257715994e-14
5.550080000000000000e+05 4.881397164693906702e-14
5.555200000000000000e+05 4.881397164693906702e-14
5.560320000000000000e+05 4.881397164693906702e-14
5.565440000000000000e+05 4.881397164693906702e-14
5.570560000000000000e+05 4.881397164693906702e-14
5.575680000000000000e+05 4.881397164693906702e-14
5.580800000000000000e+05 2.933503297445797366e-14
5.585920000000000000e+05 2.933503297445797366e-14
5.591040000000000000e+05 2.933503297445797366e-14
5.596160000000000000e+05 2.933503297445797366e-14
5.601280000000000000e+05 2.933503297445797366e-14
5.606400000000000000e+05 1.896072081325711835e-14
5.611520000000000000e+05 1.896072081325711835e-14
5.616640000000000000e+05 1.896072081325711835e-14
5.621760000000000000e+05 1.493427951254855741e-14
5.626880000000000000e+05 1.493427951254855741e-14
5.632000000000000000e+05 1.493427951254855741e-14
5.637120000000000000e+05 1.493427951254855741e-14
5.642240000000000000e+05 1.382621777884758512e-14
5.647360000000000000e+05 1.382621777884758512e-14
5.652480000000000000e+05 1.382621777884758512e-14
5.657600000000000000e+05 1.382621777884758512e-14
5.662720000000000000e+05 1.382621777884758512e-14
5.667840000000000000e+05 1.382621777884758512e-14
5.672960000000000000e+05 8.885632292392477438e-15
5.678080000000000000e+05 8.885632292392477438e-15
5.683200000000000000e+05 8.885632292392477438e-15
5.688320000000000000e+05 8.885632292392477438e-15
5.693440000000000000e+05 8.885632292392477438e-15
5.698560000000000000e+05 8.885632292392477438e-15
5.703680000000000000e+05 8.885632292392477438e-15
5.708800000000000000e+05 8.885632292392477438e-15
5.713920000000000000e+05 8.885632292392477438e-15
5.719040000000000000e+05 8.885632292392477438e-15
5.724160000000000000e+05 8.885632292392477438e-15
5.729280000000000000e+05 8.885632292392477438e-15
5.734400000000000000e+05 8.885632292392477438e-15
5.739520000000000000e+05 6.298733171801000921e-15
5.744640000000000000e+05 6.298733171801000921e-15
5.749760000000000000e+05 6.298733171801000921e-15
5.754880000000000000e+05 6.298733171801000921e-15
5.760000000000000000e+05 6.298733171801000921e-15
5.765120000000000000e+05 6.298733171801000921e-15
5.770240000000000000e+05 6.298733171801000921e-15
5.775360000000000000e+05 6.298733171801000921e-15
5.780480000000000000e+05 6.298733171801000921e-15
5.785600000000000000e+05 6.298733171801000921e-15
5.790720000000000000e+05 6.298733171801000921e-15
5.795840000000000000e+05 6.298733171801000921e-15
5.800960000000000000e+05 6.298733171801000921e-15
5.806080000000000000e+05 6.298733171801000921e-15
5.811200000000000000e+05 6.298733171801000921e-15
5.816320000000000000e+05 6.298733171801000921e-15
5.821440000000000000e+05 6.298733171801000921e-15
5.826560000000000000e+05 6.298733171801000921e-15
5.831680000000000000e+05 4.819717608581890574e-15
5.836800000000000000e+05 4.819717608581890574e-15
5.841920000000000000e+05 4.819717608581890574e-15
5.847040000000000000e+05 4.819717608581890574e-15
5.852160000000000000e+05 4.819717608581890574e-15
5.857280000000000000e+05 4.819717608581890574e-15
5.862400000000000000e+05 4.819717608581890574e-15
5.867520000000000000e+05 4.819717608581890574e-15
5.872640000000000000e+05 4.819717608581890574e-15
5.877760000000000000e+05 4.625930596742651034e-15
5.882880000000000000e+05 4.625930596742651034e-15
5.888000000000000000e+05 4.625930596742651034e-15
5.893120000000000000e+05 4.625930596742651034e-15
5.898240000000000000e+05 4.120902793704315544e-15
5.903360000000000000e+05 4.120902793704315544e-15
5.908480000000000000e+05 4.120902793704315544e-15
5.913600000000000000e+05 4.120902793704315544e-15
5.918720000000000000e+05 4.120902793704315544e-15
5.923840000000000000e+05 4.120902793704315544e-15
5.928960000000000000e+05 4.120902793704315544e-15
5.934080000000000000e+05 4.120902793704315544e-15
5.939200000000000000e+05 4.120902793704315544e-15
5.944320000000000000e+05 4.120902793704315544e-15
5.949440000000000000e+05 4.120902793704315544e-15
5.954560000000000000e+05 4.120902793704315544e-15
5.959680000000000000e+05 4.120902793704315544e-15
5.964800000000000000e+05 3.024748456065610248e-15
5.969920000000000000e+05 3.005087400558205235e-15
5.975040000000000000e+05 3.005087400558205235e-15
5.980160000000000000e+05 3.005087400558205235e-15
5.985280000000000000e+05 2.897310586406503526e-15
5.990400000000000000e+05 1.957760096766123161e-15
5.995520000000000000e+05 1.957760096766123161e-15
6.000640000000000000e+05 1.957760096766123161e-15
6.005760000000000000e+05 1.957760096766123161e-15
6.010880000000000000e+05 1.957760096766123161e-15
6.016000000000000000e+05 1.957760096766123161e-15
6.021120000000000000e+05 1.957760096766123161e-15
6.026240000000000000e+05 1.957760096766123161e-15
6.031360000000000000e+05 1.957760096766123161e-15
6.036480000000000000e+05 1.957760096766123161e-15
6.041600000000000000e+05 1.957760096766123161e-15
6.046720000000000000e+05 1.957760096766123161e-15
6.051840000000000000e+05 1.957760096766123161e-15
6.056960000000000000e+05 1.614029154593952854e-15
6.062080000000000000e+05 1.614029154593952854e-15
6.067200000000000000e+05 1.614029154593952854e-15
6.072320000000000000e+05 1.614029154593952854e-15
6.077440000000000000e+05 1.614029154593952854e-15
6.082560000000000000e+05 1.614029154593952854e-15
6.087680000000000000e+05 1.614029154593952854e-15
6.092800000000000000e+05 1.614029154593952854e-15
6.097920000000000000e+05 1.614029154593952854e-15
6.103040000000000000e+05 1.614029154593952854e-15
6.108160000000000000e+05 1.614029154593952854e-15
6.113280000000000000e+05 1.614029154593952854e-15
6.118400000000000000e+05 1.278880961940150948e-15
6.123520000000000000e+05 1.278880961940150948e-15
6.128640000000000000e+05 1.036669447357853025e-15
6.133760000000000000e+05 1.036669447357853025e-15
6.138880000000000000e+05 1.036669447357853025e-15
6.144000000000000000e+05 1.036669447357853025e-15
6.149120000000000000e+05 1.036669447357853025e-15
6.154240000000000000e+05 1.036669447357853025e-15
6.159360000000000000e+05 9.572943299078147307e-16
6.164480000000000000e+05 9.572943299078147307e-16
6.169600000000000000e+05 9.572943299078147307e-16
6.174720000000000000e+05 9.572943299078147307e-16
6.179840000000000000e+05 9.572943299078147307e-16
6.184960000000000000e+05 9.572943299078147307e-16
6.190080000000000000e+05 8.374410498826134192e-16
6.195200000000000000e+05 8.374410498826134192e-16
6.200320000000000000e+05 8.374410498826134192e-16
6.205440000000000000e+05 8.374410498826134192e-16
6.210560000000000000e+05 8.374410498826134192e-16
6.215680000000000000e+05 8.305587763441558286e-16
6.220800000000000000e+05 6.189612365584397605e-16
6.225920000000000000e+05 6.189612365584397605e-16
6.231040000000000000e+05 6.189612365584397605e-16
6.236160000000000000e+05 6.189612365584397605e-16
6.241280000000000000e+05 6.189612365584397605e-16
6.246400000000000000e+05 6.189612365584397605e-16
6.251520000000000000e+05 6.189612365584397605e-16
6.256640000000000000e+05 6.189612365584397605e-16
6.261760000000000000e+05 6.189612365584397605e-16
6.266880000000000000e+05 6.189612365584397605e-16
6.272000000000000000e+05 6.189612365584397605e-16
6.277120000000000000e+05 6.189612365584397605e-16
6.282240000000000000e+05 4.881409666644640718e-16
6.287360000000000000e+05 4.881409666644640718e-16
6.292480000000000000e+05 4.881409666644640718e-16
6.297600000000000000e+05 4.652564891029049447e-16
6.302720000000000000e+05 4.652564891029049447e-16
6.307840000000000000e+05 4.652564891029049447e-16
6.312960000000000000e+05 3.395853254707121836e-16
6.318080000000000000e+05 3.395853254707121836e-16
6.323200000000000000e+05 3.395853254707121836e-16
6.328320000000000000e+05 3.395853254707121836e-16
6.333440000000000000e+05 3.395853254707121836e-16
6.338560000000000000e+05 3.395853254707121836e-16
6.343680000000000000e+05 3.395853254707121836e-16
6.348800000000000000e+05 3.395853254707121836e-16
6.353920000000000000e+05 3.395853254707121836e-16
6.359040000000000000e+05 3.395853254707121836e-16
6.364160000000000000e+05 3.395853254707121836e-16
6.369280000000000000e+05 3.395853254707121836e-16
6.374400000000000000e+05 3.395853254707121836e-16
6.379520000000000000e+05 2.300667693761537082e-16
6.384640000000000000e+05 2.300667693761537082e-16
6.389760000000000000e+05 2.300667693761537082e-16
6.394880000000000000e+05 2.300667693761537082e-16
6.400000000000000000e+05 1.658597662153163398e-16
6.405120000000000000e+05 1.658597662153163398e-16
6.410240000000000000e+05 1.658597662153163398e-16
6.415360000000000000e+05 1.658597662153163398e-16
6.420480000000000000e+05 1.658597662153163398e-16
6.425600000000000000e+05 1.658597662153163398e-16
6.430720000000000000e+05 1.658597662153163398e-16
6.435840000000000000e+05 1.658597662153163398e-16
6.440960000000000000e+05 1.418241557444954383e-16
6.446080000000000000e+05 1.418241557444954383e-16
6.451200000000000000e+05 1.405751590709627198e-16
6.456320000000000000e+05 1.405751590709627198e-16
6.461440000000000000e+05 1.405751590709627198e-16
6.466560000000000000e+05 1.405751590709627198e-16
6.471680000000000000e+05 1.017252737644135649e-16
6.476800000000000000e+05 1.017252737644135649e-16
6.481920000000000000e+05 1.017252737644135649e-16
6.487040000000000000e+05 1.017252737644135649e-16
6.492160000000000000e+05 1.017252737644135649e-16
6.497280000000000000e+05 1.017252737644135649e-16
6.502400000000000000e+05 1.017252737644135649e-16
6.507520000000000000e+05 1.017252737644135649e-16
6.512640000000000000e+05 8.229111849797084546e-17
6.517760000000000000e+05 8.229111849797084546e-17
6.522880000000000000e+05 8.229111849797084546e-17
6.528000000000000000e+05 8.229111849797084546e-17
6.533120000000000000e+05 8.229111849797084546e-17
6.538240000000000000e+05 8.229111849797084546e-17
6.543360000000000000e+05 8.229111849797084546e-17
6.548480000000000000e+05 8.229111849797084546e-17
6.553600000000000000e+05 5.804668104985365751e-17
6.558720000000000000e+05 5.804668104985365751e-17
6.563840000000000000e+05 5.804668104985365751e-17
6.568960000000000000e+05 5.804668104985365751e-17
6.574080000000000000e+05 5.804668104985365751e-17
6.579200000000000000e+05 5.804668104985365751e-17
6.584320000000000000e+05 5.804668104985365751e-17
6.589440000000000000e+05 5.804668104985365751e-17
6.594560000000000000e+05 5.804668104985365751e-17
6.599680000000000000e+05 5.804668104985365751e-17
6.604800000000000000e+05 5.804668104985365751e-17
6.609920000000000000e+05 5.804668104985365751e-17
6.615040000000000000e+05 5.804668104985365751e-17
6.620160000000000000e+05 5.804668104985365751e-17
6.625280000000000000e+05 5.804668104985365751e-17
6.630400000000000000e+05 5.804668104985365751e-17
6.635520000000000000e+05 5.804668104985365751e-17
6.640640000000000000e+05 5.363194769884831893e-17
6.645760000000000000e+05 5.363194769884831893e-17
6.650880000000000000e+05 5.363194769884831893e-17
6.656000000000000000e+05 5.363194769884831893e-17
6.661120000000000000e+05 5.363194769884831893e-17
6.666240000000000000e+05 5.363194769884831893e-17
6.671360000000000000e+05 5.363194769884831893e-17
6.676480000000000000e+05 4.331497617133449384e-17
6.681600000000000000e+05 4.331497617133449384e-17
6.686720000000000000e+05 2.689981098936543545e-17
6.691840000000000000e+05 2.689981098936543545e-17
6.696960000000000000e+05 2.689981098936543545e-17
6.702080000000000000e+05 2.689981098936543545e-17
6.707200000000000000e+05 2.689981098936543545e-17
6.712320000000000000e+05 2.689981098936543545e-17
6.717440000000000000e+05 2.689981098936543545e-17
6.722560000000000000e+05 2.689981098936543545e-17
6.727680000000000000e+05 2.689981098936543545e-17
6.732800000000000000e+05 2.689981098936543545e-17
6.737920000000000000e+05 2.689981098936543545e-17
6.743040000000000000e+05 2.285021937850461464e-17
6.748160000000000000e+05 2.285021937850461464e-17
6.753280000000000000e+05 1.908422575108603946e-17
6.758400000000000000e+05 1.908422575108603946e-17
6.763520000000000000e+05 1.908422575108603946e-17
6.768640000000000000e+05 1.908422575108603946e-17
6.773760000000000000e+05 1.908422575108603946e-17
6.778880000000000000e+05 1.908422575108603946e-17
6.784000000000000000e+05 1.908422575108603946e-17
6.789120000000000000e+05 1.908422575108603946e-17
6.794240000000000000e+05 1.908422575108603946e-17
6.799360000000000000e+05 1.908422575108603946e-17
6.804480000000000000e+05 1.908422575108603946e-17
6.809600000000000000e+05 1.908422575108603946e-17
6.814720000000000000e+05 1.908422575108603946e-17
6.819840000000000000e+05 1.908422575108603946e-17
6.824960000000000000e+05 1.736563448896489479e-17
6.830080000000000000e+05 1.736563448896489479e-17
6.835200000000000000e+05 1.736563448896489479e-17
6.840320000000000000e+05 1.736563448896489479e-17
6.845440000000000000e+05 1.736563448896489479e-17
6.850560000000000000e+05 1.736563448896489479e-17
6.855680000000000000e+05 1.736563448896489479e-17
6.860800000000000000e+05 1.736563448896489479e-17
6.865920000000000000e+05 1.736563448896489479e-17
6.871040000000000000e+05 1.089419649585203642e-17
6.876160000000000000e+05 1.089419649585203642e-17
6.881280000000000000e+05 1.089419649585203642e-17
6.886400000000000000e+05 1.089419649585203642e-17
6.891520000000000000e+05 1.089419649585203642e-17
6.896640000000000000e+05 1.089419649585203642e-17
6.901760000000000000e+05 1.089419649585203642e-17
6.906880000000000000e+05 1.063007453850213093e-17
6.912000000000000000e+05 1.063007453850213093e-17
6.917120000000000000e+05 7.322315397313246496e-18
6.922240000000000000e+05 7.322315397313246496e-18
6.927360000000000000e+05 7.322315397313246496e-18
6.932480000000000000e+05 7.322315397313246496e-18
6.937600000000000000e+05 7.322315397313246496e-18
6.942720000000000000e+05 5.803738088263789428e-18
6.947840000000000000e+05 5.803738088263789428e-18
6.952960000000000000e+05 5.803738088263789428e-18
6.958080000000000000e+05 5.803738088263789428e-18
6.963200000000000000e+05 5.803738088263789428e-18
6.968320000000000000e+05 5.803738088263789428e-18
6.973440000000000000e+05 5.803738088263789428e-18
6.978560000000000000e+05 5.406121666070814777e-18
6.983680000000000000e+05 5.406121666070814777e-18
6.988800000000000000e+05 5.406121666070814777e-18
6.993920000000000000e+05 5.406121666070814777e-18
6.999040000000000000e+05 5.406121666070814777e-18
7.004160000000000000e+05 5.406121666070814777e-18
7.009280000000000000e+05 5.406121666070814777e-18
7.014400000000000000e+05 5.406121666070814777e-18
7.019520000000000000e+05 5.406121666070814777e-18
7.024640000000000000e+05 5.406121666070814777e-18
7.029760000000000000e+05 5.406121666070814777e-18
7.034880000000000000e+05 5.406121666070814777e-18
7.040000000000000000e+05 5.197909574317597376e-18
7.045120000000000000e+05 5.197909574317597376e-18
7.050240000000000000e+05 5.197909574317597376e-18
7.055360000000000000e+05 5.197909574317597376e-18
7.060480000000000000e+05 5.197909574317597376e-18
7.065600000000000000e+05 4.090079732354563375e-18
7.070720000000000000e+05 4.090079732354563375e-18
7.075840000000000000e+05 4.008485862936886613e-18
7.080960000000000000e+05 4.008485862936886613e-18
7.086080000000000000e+05 4.008485862936886613e-18
7.091200000000000000e+05 4.008485862936886613e-18
7.096320000000000000e+05 2.855039522682393593e-18
7.101440000000000000e+05 2.855039522682393593e-18
7.106560000000000000e+05 2.855039522682393593e-18
7.111680000000000000e+05 2.855039522682393593e-18
7.116800000000000000e+05 2.855039522682393593e-18
7.121920000000000000e+05 2.855039522682393593e-18
7.127040000000000000e+05 2.141548330778000903e-18
7.132160000000000000e+05 2.141548330778000903e-18
7.137280000000000000e+05 2.141548330778000903e-18
7.142400000000000000e+05 2.141548330778000903e-18
7.147520000000000000e+05 2.141548330778000903e-18
7.152640000000000000e+05 2.141548330778000903e-18
7.157760000000000000e+05 2.141548330778000903e-18
7.162880000000000000e+05 1.912287934787053652e-18
7.168000000000000000e+05 1.912287934787053652e-18
7.173120000000000000e+05 1.912287934787053652e-18
7.178240000000000000e+05 1.912287934787053652e-18
7.183360000000000000e+05 1.912287934787053652e-18
7.188480000000000000e+05 1.912287934787053652e-18
7.193600000000000000e+05 1.912287934787053652e-18
7.198720000000000000e+05 1.912287934787053652e-18
7.203840000000000000e+05 1.912287934787053652e-18
7.208960000000000000e+05 1.912287934787053652e-18
7.214080000000000000e+05 1.912287934787053652e-18
7.219200000000000000e+05 1.912287934787053652e-18
7.224320000000000000e+05 1.726751774549302058e-18
7.229440000000000000e+05 1.726751774549302058e-18
7.234560000000000000e+05 1.726751774549302058e-18
7.239680000000000000e+05 1.687419374443298923e-18
7.244800000000000000e+05 1.687419374443298923e-18
7.249920000000000000e+05 1.096141848482822639e-18
7.255040000000000000e+05 1.096141848482822639e-18
7.260160000000000000e+05 1.096141848482822639e-18
7.265280000000000000e+05 1.096141848482822639e-18
7.270400000000000000e+05 1.096141848482822639e-18
7.275520000000000000e+05 1.096141848482822639e-18
7.280640000000000000e+05 1.096141848482822639e-18
7.285760000000000000e+05 1.096141848482822639e-18
7.290880000000000000e+05 1.096141848482822639e-18
7.296000000000000000e+05 1.096141848482822639e-18
7.301120000000000000e+05 1.096141848482822639e-18
7.306240000000000000e+05 1.096141848482822639e-18
7.311360000000000000e+05 1.042265780707904291e-18
7.316480000000000000e+05 1.042265780707904291e-18
7.321600000000000000e+05 1.042265780707904291e-18
7.326720000000000000e+05 1.042265780707904291e-18
7.331840000000000000e+05 1.042265780707904291e-18
7.336960000000000000e+05 1.042265780707904291e-18
7.342080000000000000e+05 1.042265780707904291e-18
7.347200000000000000e+05 1.042265780707904291e-18
7.352320000000000000e+05 1.042265780707904291e-18
7.357440000000000000e+05 1.042265780707904291e-18
7.362560000000000000e+05 1.042265780707904291e-18
7.367680000000000000e+05 1.042265780707904291e-18
7.372800000000000000e+05 1.042265780707904291e-18
7.377920000000000000e+05 1.042265780707904291e-18
7.383040000000000000e+05 9.659076457887828078e-19
7.388160000000000000e+05 9.659076457887828078e-19
7.393280000000000000e+05 8.407771380664008169e-19
7.398400000000000000e+05 8.407771380664008169e-19
7.403520000000000000e+05 8.407771380664008169e-19
7.408640000000000000e+05 8.407771380664008169e-19
7.413760000000000000e+05 8.259859894911141215e-19
7.418880000000000000e+05 5.854011234937661196e-19
7.424000000000000000e+05 5.854011234937661196e-19
7.429120000000000000e+05 5.854011234937661196e-19
7.434240000000000000e+05 5.854011234937661196e-19
7.439360000000000000e+05 5.854011234937661196e-19
7.444480000000000000e+05 5.854011234937661196e-19
7.449600000000000000e+05 4.088332436372117258e-19
7.454720000000000000e+05 3.234398521427816889e-19
7.459840000000000000e+05 3.234398521427816889e-19
7.464960000000000000e+05 3.234398521427816889e-19
7.470080000000000000e+05 3.234398521427816889e-19
7.475200000000000000e+05 3.234398521427816889e-19
7.480320000000000000e+05 3.234398521427816889e-19
7.485440000000000000e+05 3.234398521427816889e-19
7.490560000000000000e+05 3.234398521427816889e-19
7.495680000000000000e+05 2.858098549454381453e-19
7.500800000000000000e+05 2.858098549454381453e-19
7.505920000000000000e+05 2.858098549454381453e-19
7.511040000000000000e+05 2.858098549454381453e-19
7.516160000000000000e+05 2.858098549454381453e-19
7.521280000000000000e+05 2.858098549454381453e-19
7.526400000000000000e+05 2.858098549454381453e-19
7.531520000000000000e+05 2.858098549454381453e-19
7.536640000000000000e+05 2.858098549454381453e-19
7.541760000000000000e+05 2.858098549454381453e-19
7.546880000000000000e+05 2.858098549454381453e-19
7.552000000000000000e+05 2.858098549454381453e-19
7.557120000000000000e+05 2.858098549454381453e-19
7.562240000000000000e+05 2.858098549454381453e-19
7.567360000000000000e+05 2.858098549454381453e-19
7.572480000000000000e+05 2.858098549454381453e-19
7.577600000000000000e+05 2.519049759983792531e-19
7.582720000000000000e+05 2.519049759983792531e-19
7.587840000000000000e+05 2.519049759983792531e-19
7.592960000000000000e+05 1.896858681126496431e-19
7.598080000000000000e+05 1.896858681126496431e-19
7.603200000000000000e+05 1.896858681126496431e-19
7.608320000000000000e+05 1.670958315290699588e-19
7.613440000000000000e+05 1.670958315290699588e-19
7.618560000000000000e+05 1.670958315290699588e-19
7.623680000000000000e+05 1.670958315290699588e-19
7.628800000000000000e+05 1.670958315290699588e-19
7.633920000000000000e+05 1.670958315290699588e-19
7.639040000000000000e+05 1.670958315290699588e-19
7.644160000000000000e+05 1.670958315290699588e-19
7.649280000000000000e+05 1.670958315290699588e-19
7.654400000000000000e+05 1.670958315290699588e-19
7.659520000000000000e+05 1.670958315290699588e-19
7.664640000000000000e+05 1.670958315290699588e-19
7.669760000000000000e+05 1.653115372039978367e-19
7.674880000000000000e+05 1.653115372039978367e-19
7.680000000000000000e+05 1.653115372039978367e-19
7.685120000000000000e+05 1.210153905936277990e-19
7.690240000000000000e+05 1.210153905936277990e-19
7.695360000000000000e+05 1.210153905936277990e-19
7.700480000000000000e+05 1.210153905936277990e-19
7.705600000000000000e+05 1.210153905936277990e-19
7.710720000000000000e+05 1.210153905936277990e-19
7.715840000000000000e+05 9.822575640251654245e-20
7.720960000000000000e+05 9.822575640251654245e-20
7.726080000000000000e+05 9.822575640251654245e-20
7.731200000000000000e+05 9.822575640251654245e-20
7.736320000000000000e+05 9.822575640251654245e-20
7.741440000000000000e+05 9.822575640251654245e-20
7.746560000000000000e+05 9.822575640251654245e-20
7.751680000000000000e+05 9.822575640251654245e-20
7.756800000000000000e+05 5.161377310270103530e-20
7.761920000000000000e+05 5.161377310270103530e-20
7.767040000000000000e+05 5.161377310270103530e-20
7.772160000000000000e+05 5.161377310270103530e-20
7.777280000000000000e+05 5.161377310270103530e-20
7.782400000000000000e+05 5.161377310270103530e-20
7.787520000000000000e+05 5.161377310270103530e-20
7.792640000000000000e+05 5.161377310270103530e-20
7.797760000000000000e+05 5.161377310270103530e-20
7.802880000000000000e+05 5.161377310270103530e-20
7.808000000000000000e+05 5.161377310270103530e-20
7.813120000000000000e+05 5.161377310270103530e-20
7.818240000000000000e+05 5.161377310270103530e-20
7.823360000000000000e+05 5.161377310270103530e-20
7.828480000000000000e+05 5.161377310270103530e-20
7.833600000000000000e+05 2.984147945823476062e-20
7.838720000000000000e+05 2.544228832460481849e-20
7.843840000000000000e+05 2.544228832460481849e-20
7.848960000000000000e+05 2.544228832460481849e-20
7.854080000000000000e+05 2.544228832460481849e-20
7.859200000000000000e+05 2.544228832460481849e-20
7.864320000000000000e+05 2.544228832460481849e-20
7.869440000000000000e+05 2.544228832460481849e-20
7.874560000000000000e+05 2.544228832460481849e-20
7.879680000000000000e+05 2.544228832460481849e-20
7.884800000000000000e+05 2.544228832460481849e-20
7.889920000000000000e+05 2.544228832460481849e-20
7.895040000000000000e+05 2.544228832460481849e-20
7.900160000000000000e+05 2.544228832460481849e-20
7.905280000000000000e+05 2.544228832460481849e-20
7.910400000000000000e+05 2.544228832460481849e-20
7.915520000000000000e+05 2.544228832460481849e-20
7.920640000000000000e+05 2.271688524592259749e-20
7.925760000000000000e+05 2.271688524592259749e-20
7.930880000000000000e+05 2.271688524592259749e-20
7.936000000000000000e+05 2.271688524592259749e-20
7.941120000000000000e+05 2.271688524592259749e-20
7.946240000000000000e+05 2.271688524592259749e-20
7.951360000000000000e+05 2.271688524592259749e-20
7.956480000000000000e+05 2.271688524592259749e-20
7.961600000000000000e+05 2.271688524592259749e-20
7.966720000000000000e+05 2.271688524592259749e-20
7.971840000000000000e+05 2.271688524592259749e-20
7.976960000000000000e+05 1.852661727531636590e-20
7.982080000000000000e+05 1.852661727531636590e-20
7.987200000000000000e+05 1.852661727531636590e-20
7.992320000000000000e+05 1.852661727531636590e-20
7.997440000000000000e+05 1.852661727531636590e-20
8.002560000000000000e+05 1.852661727531636590e-20
8.007680000000000000e+05 1.852661727531636590e-20
8.012800000000000000e+05 1.852661727531636590e-20
8.017920000000000000e+05 1.852661727531636590e-20
8.023040000000000000e+05 1.852661727531636590e-20
8.028160000000000000e+05 1.852661727531636590e-20
8.033280000000000000e+05 1.852661727531636590e-20
8.038400000000000000e+05 1.852661727531636590e-20
8.043520000000000000e+05 1.852661727531636590e-20
8.048640000000000000e+05 1.852661727531636590e-20
8.053760000000000000e+05 1.852661727531636590e-20
8.058880000000000000e+05 1.852661727531636590e-20
8.064000000000000000e+05 1.576155213494173477e-20
8.069120000000000000e+05 1.440081540705399257e-20
8.074240000000000000e+05 1.440081540705399257e-20
8.079360000000000000e+05 1.158261916288240556e-20
8.084480000000000000e+05 1.158261916288240556e-20
8.089600000000000000e+05 1.158261916288240556e-20
8.094720000000000000e+05 1.084055643940051472e-20
8.099840000000000000e+05 1.084055643940051472e-20
8.104960000000000000e+05 1.084055643940051472e-20
8.110080000000000000e+05 1.058482840714530555e-20
8.115200000000000000e+05 1.058482840714530555e-20
8.120320000000000000e+05 1.058482840714530555e-20
8.125440000000000000e+05 1.058482840714530555e-20
8.130560000000000000e+05 9.592010421548416731e-21
8.135680000000000000e+05 7.308132759089215990e-21
8.140800000000000000e+05 7.308132759089215990e-21
8.145920000000000000e+05 7.308132759089215990e-21
8.151040000000000000e+05 7.308132759089215990e-21
8.156160000000000000e+05 7.308132759089215990e-21
8.161280000000000000e+05 7.308132759089215990e-21
8.166400000000000000e+05 7.308132759089215990e-21
8.171520000000000000e+05 7.308132759089215990e-21
8.176640000000000000e+05 7.308132759089215990e-21
8.181760000000000000e+05 7.308132759089215990e-21
8.186880000000000000e+05 7.308132759089215990e-21
8.192000000000000000e+05 7.308132759089215990e-21
8.197120000000000000e+05 7.308132759089215990e-21
8.202240000000000000e+05 7.308132759089215990e-21
8.207360000000000000e+05 6.500732626448975577e-21
8.212480000000000000e+05 5.656352324737802620e-21
8.217600000000000000e+05 5.656352324737802620e-21
8.222720000000000000e+05 5.656352324737802620e-21
8.227840000000000000e+05 5.656352324737802620e-21
8.232960000000000000e+05 5.656352324737802620e-21
8.238080000000000000e+05 5.656352324737802620e-21
8.243200000000000000e+05 5.085390159223782030e-21
8.248320000000000000e+05 5.085390159223782030e-21
8.253440000000000000e+05 5.085390159223782030e-21
8.258560000000000000e+05 5.085390159223782030e-21
8.263680000000000000e+05 3.999838709911055633e-21
8.268800000000000000e+05 3.999838709911055633e-21
8.273920000000000000e+05 3.999838709911055633e-21
8.279040000000000000e+05 3.999838709911055633e-21
8.284160000000000000e+05 3.999838709911055633e-21
8.289280000000000000e+05 3.999838709911055633e-21
8.294400000000000000e+05 2.881320913448945213e-21
8.299520000000000000e+05 2.881320913448945213e-21
8.304640000000000000e+05 2.881320913448945213e-21
8.309760000000000000e+05 2.881320913448945213e-21
8.314880000000000000e+05 2.881320913448945213e-21
8.320000000000000000e+05 2.881320913448945213e-21
8.325120000000000000e+05 2.575684744323171331e-21
8.330240000000000000e+05 2.361418300800891041e-21
8.335360000000000000e+05 2.361418300800891041e-21
8.340480000000000000e+05 2.361418300800891041e-21
8.345600000000000000e+05 2.361418300800891041e-21
8.350720000000000000e+05 2.361418300800891041e-21
8.355840000000000000e+05 1.988420930638558624e-21
8.360960000000000000e+05 1.988420930638558624e-21
8.366080000000000000e+05 1.988420930638558624e-21
8.371200000000000000e+05 1.988420930638558624e-21
8.376320000000000000e+05 1.988420930638558624e-21
8.381440000000000000e+05 1.988420930638558624e-21
8.386560000000000000e+05 1.668746278033649569e-21
8.391680000000000000e+05 1.420371449077880469e-21
8.396800000000000000e+05 1.420371449077880469e-21
8.401920000000000000e+05 1.420371449077880469e-21
8.407040000000000000e+05 8.792189115988804618e-22
8.412160000000000000e+05 8.792189115988804618e-22
8.417280000000000000e+05 8.792189115988804618e-22
8.422400000000000000e+05 8.792189115988804618e-22
8.427520000000000000e+05 8.792189115988804618e-22
8.432640000000000000e+05 8.792189115988804618e-22
8.437760000000000000e+05 8.792189115988804618e-22
8.442880000000000000e+05 8.792189115988804618e-22
8.448000000000000000e+05 8.792189115988804618e-22
8.453120000000000000e+05 8.792189115988804618e-22
8.458240000000000000e+05 8.792189115988804618e-22
8.463360000000000000e+05 8.792189115988804618e-22
8.468480000000000000e+05 8.792189115988804618e-22
8.473600000000000000e+05 8.792189115988804618e-22
8.478720000000000000e+05 8.792189115988804618e-22
8.483840000000000000e+05 8.792189115988804618e-22
8.488960000000000000e+05 8.792189115988804618e-22
8.494080000000000000e+05 8.792189115988804618e-22
8.499200000000000000e+05 8.792189115988804618e-22
8.504320000000000000e+05 8.792189115988804618e-22
8.509440000000000000e+05 8.580991991826972603e-22
8.514560000000000000e+05 8.580991991826972603e-22
8.519680000000000000e+05 8.580991991826972603e-22
8.524800000000000000e+05 8.580991991826972603e-22
8.529920000000000000e+05 8.580991991826972603e-22
8.535040000000000000e+05 8.580991991826972603e-22
8.540160000000000000e+05 8.580991991826972603e-22
8.545280000000000000e+05 8.580991991826972603e-22
8.550400000000000000e+05 6.830094705463568913e-22
8.555520000000000000e+05 6.830094705463568913e-22
8.560640000000000000e+05 6.830094705463568913e-22
8.565760000000000000e+05 6.830094705463568913e-22
8.570880000000000000e+05 6.830094705463568913e-22
8.576000000000000000e+05 6.830094705463568913e-22
8.581120000000000000e+05 6.830094705463568913e-22
8.586240000000000000e+05 6.830094705463568913e-22
8.591360000000000000e+05 6.830094705463568913e-22
8.596480000000000000e+05 6.830094705463568913e-22
8.601600000000000000e+05 5.116332963491265316e-22
8.606720000000000000e+05 5.116332963491265316e-22
8.611840000000000000e+05 3.055249112508620728e-22
8.616960000000000000e+05 3.055249112508620728e-22
8.622080000000000000e+05 3.055249112508620728e-22
8.627200000000000000e+05 3.055249112508620728e-22
8.632320000000000000e+05 3.055249112508620728e-22
8.637440000000000000e+05 3.055249112508620728e-22
8.642560000000000000e+05 3.055249112508620728e-22
8.647680000000000000e+05 3.055249112508620728e-22
8.652800000000000000e+05 1.793869897375405616e-22
8.657920000000000000e+05 1.793869897375405616e-22
8.663040000000000000e+05 1.793869897375405616e-22
8.668160000000000000e+05 1.793869897375405616e-22
8.673280000000000000e+05 1.793869897375405616e-22
8.678400000000000000e+05 1.793869897375405616e-22
8.683520000000000000e+05 1.793869897375405616e-22
8.688640000000000000e+05 1.793869897375405616e-22
8.693760000000000000e+05 1.793869897375405616e-22
8.698880000000000000e+05 1.793869897375405616e-22
8.704000000000000000e+05 1.793869897375405616e-22
8.709120000000000000e+05 1.793869897375405616e-22
8.714240000000000000e+05 1.793869897375405616e-22
8.719360000000000000e+05 1.558279100130874839e-22
8.724480000000000000e+05 1.558279100130874839e-22
8.729600000000000000e+05 1.558279100130874839e-22
8.734720000000000000e+05 1.558279100130874839e-22
8.739840000000000000e+05 1.558279100130874839e-22
8.744960000000000000e+05 1.558279100130874839e-22
8.750080000000000000e+05 1.558279100130874839e-22
8.755200000000000000e+05 1.558279100130874839e-22
8.760320000000000000e+05 1.558279100130874839e-22
8.765440000000000000e+05 1.558279100130874839e-22
8.770560000000000000e+05 1.558279100130874839e-22
8.775680000000000000e+05 1.558279100130874839e-22
8.780800000000000000e+05 1.558279100130874839e-22
8.785920000000000000e+05 8.348818322918770589e-23
8.791040000000000000e+05 8.348818322918770589e-23
8.796160000000000000e+05 8.348818322918770589e-23
8.801280000000000000e+05 8.348818322918770589e-23
8.806400000000000000e+05 8.348818322918770589e-23
8.811520000000000000e+05 8.348818322918770589e-23
8.816640000000000000e+05 8.348818322918770589e-23
8.821760000000000000e+05 8.348818322918770589e-23
8.826880000000000000e+05 8.348818322918770589e-23
8.832000000000000000e+05 8.348818322918770589e-23
8.837120000000000000e+05 8.348818322918770589e-23
8.842240000000000000e+05 5.553393289871130485e-23
8.847360000000000000e+05 5.553393289871130485e-23
8.852480000000000000e+05 5.553393289871130485e-23
8.857600000000000000e+05 5.553393289871130485e-23
8.862720000000000000e+05 5.553393289871130485e-23
8.867840000000000000e+05 5.553393289871130485e-23
8.872960000000000000e+05 5.553393289871130485e-23
8.878080000000000000e+05 5.553393289871130485e-23
8.883200000000000000e+05 5.553393289871130485e-23
8.888320000000000000e+05 5.553393289871130485e-23
8.893440000000000000e+05 5.553393289871130485e-23
8.898560000000000000e+05 5.553393289871130485e-23
8.903680000000000000e+05 5.553393289871130485e-23
8.908800000000000000e+05 5.553393289871130485e-23
8.913920000000000000e+05 5.553393289871130485e-23
8.919040000000000000e+05 5.553393289871130485e-23
8.924160000000000000e+05 4.864929354904612468e-23
8.929280000000000000e+05 4.864929354904612468e-23
8.934400000000000000e+05 4.864929354904612468e-23
8.939520000000000000e+05 4.864929354904612468e-23
8.944640000000000000e+05 4.864929354904612468e-23
8.949760000000000000e+05 4.864929354904612468e-23
8.954880000000000000e+05 4.864929354904612468e-23
8.960000000000000000e+05 4.864929354904612468e-23
8.965120000000000000e+05 4.864929354904612468e-23
8.970240000000000000e+05 3.694078052916066283e-23
8.975360000000000000e+05 3.294759081030733266e-23
8.980480000000000000e+05 3.265171324766358117e-23
8.985600000000000000e+05 3.265171324766358117e-23
8.990720000000000000e+05 3.265171324766358117e-23
8.995840000000000000e+05 3.265171324766358117e-23
9.000960000000000000e+05 3.265171324766358117e-23
9.006080000000000000e+05 3.265171324766358117e-23
9.011200000000000000e+05 3.265171324766358117e-23
9.016320000000000000e+05 3.265171324766358117e-23
9.021440000000000000e+05 1.591311664832441774e-23
9.026560000000000000e+05 1.591311664832441774e-23
9.031680000000000000e+05 1.591311664832441774e-23
9.036800000000000000e+05 1.591311664832441774e-23
9.041920000000000000e+05 1.591311664832441774e-23
9.047040000000000000e+05 1.591311664832441774e-23
9.052160000000000000e+05 1.591311664832441774e-23
9.057280000000000000e+05 1.591311664832441774e-23
9.062400000000000000e+05 1.591311664832441774e-23
9.067520000000000000e+05 1.591311664832441774e-23
9.072640000000000000e+05 1.591311664832441774e-23
9.077760000000000000e+05 1.591311664832441774e-23
9.082880000000000000e+05 1.591311664832441774e-23
9.088000000000000000e+05 1.591311664832441774e-23
9.093120000000000000e+05 1.591311664832441774e-23
9.098240000000000000e+05 1.591311664832441774e-23
9.103360000000000000e+05 1.591311664832441774e-23
9.108480000000000000e+05 1.591311664832441774e-23
9.113600000000000000e+05 1.591311664832441774e-23
9.118720000000000000e+05 1.591311664832441774e-23
9.123840000000000000e+05 1.591311664832441774e-23
9.128960000000000000e+05 1.591311664832441774e-23
9.134080000000000000e+05 1.591311664832441774e-23
9.139200000000000000e+05 1.591311664832441774e-23
9.144320000000000000e+05 1.591311664832441774e-23
9.149440000000000000e+05 1.591311664832441774e-23
9.154560000000000000e+05 1.591311664832441774e-23
9.159680000000000000e+05 5.157335052018427342e-24
9.164800000000000000e+05 5.157335052018427342e-24
9.169920000000000000e+05 5.157335052018427342e-24
9.175040000000000000e+05 5.157335052018427342e-24
9.180160000000000000e+05 5.157335052018427342e-24
9.185280000000000000e+05 5.157335052018427342e-24
9.190400000000000000e+05 5.157335052018427342e-24
9.195520000000000000e+05 5.157335052018427342e-24
9.200640000000000000e+05 5.157335052018427342e-24
9.205760000000000000e+05 5.157335052018427342e-24
9.210880000000000000e+05 5.157335052018427342e-24
9.216000000000000000e+05 5.157335052018427342e-24
9.221120000000000000e+05 5.157335052018427342e-24
9.226240000000000000e+05 5.157335052018427342e-24
9.231360000000000000e+05 5.157335052018427342e-24
9.236480000000000000e+05 5.157335052018427342e-24
9.241600000000000000e+05 5.157335052018427342e-24
9.246720000000000000e+05 5.157335052018427342e-24
9.251840000000000000e+05 5.157335052018427342e-24
9.256960000000000000e+05 5.157335052018427342e-24
9.262080000000000000e+05 5.157335052018427342e-24
9.267200000000000000e+05 5.157335052018427342e-24
9.272320000000000000e+05 5.157335052018427342e-24
9.277440000000000000e+05 5.157335052018427342e-24
9.282560000000000000e+05 5.157335052018427342e-24
9.287680000000000000e+05 5.157335052018427342e-24
9.292800000000000000e+05 5.157335052018427342e-24
9.297920000000000000e+05 5.157335052018427342e-24
9.303040000000000000e+05 5.157335052018427342e-24
9.308160000000000000e+05 5.157335052018427342e-24
9.313280000000000000e+05 5.157335052018427342e-24
9.318400000000000000e+05 3.985678955526323679e-24
9.323520000000000000e+05 3.985678955526323679e-24
9.328640000000000000e+05 3.985678955526323679e-24
9.333760000000000000e+05 3.985678955526323679e-24
9.338880000000000000e+05 3.382788831550231290e-24
9.344000000000000000e+05 3.382788831550231290e-24
9.349120000000000000e+05 3.382788831550231290e-24
9.354240000000000000e+05 3.382788831550231290e-24
9.359360000000000000e+05 3.382788831550231290e-24
9.364480000000000000e+05 3.382788831550231290e-24
9.369600000000000000e+05 3.382788831550231290e-24
9.374720000000000000e+05 3.382788831550231290e-24
9.379840000000000000e+05 3.382788831550231290e-24
9.384960000000000000e+05 3.382788831550231290e-24
9.390080000000000000e+05 2.443280288527454741e-24
9.395200000000000000e+05 2.443280288527454741e-24
9.400320000000000000e+05 2.443280288527454741e-24
9.405440000000000000e+05 2.443280288527454741e-24
9.410560000000000000e+05 2.443280288527454741e-24
9.415680000000000000e+05 2.443280288527454741e-24
9.420800000000000000e+05 2.443280288527454741e-24
9.425920000000000000e+05 2.443280288527454741e-24
9.431040000000000000e+05 2.443280288527454741e-24
9.436160000000000000e+05 2.443280288527454741e-24
9.441280000000000000e+05 2.443280288527454741e-24
9.446400000000000000e+05 2.443280288527454741e-24
9.451520000000000000e+05 2.443280288527454741e-24
9.456640000000000000e+05 2.443280288527454741e-24
9.461760000000000000e+05 2.443280288527454741e-24
9.466880000000000000e+05 2.443280288527454741e-24
9.472000000000000000e+05 2.443280288527454741e-24
9.477120000000000000e+05 2.443280288527454741e-24
9.482240000000000000e+05 2.443280288527454741e-24
9.487360000000000000e+05 2.294784474486563130e-24
9.492480000000000000e+05 1.479244932093118499e-24
9.497600000000000000e+05 1.479244932093118499e-24
9.502720000000000000e+05 1.479244932093118499e-24
9.507840000000000000e+05 1.479244932093118499e-24
9.512960000000000000e+05 1.479244932093118499e-24
9.518080000000000000e+05 1.479244932093118499e-24
9.523200000000000000e+05 1.479244932093118499e-24
9.528320000000000000e+05 1.479244932093118499e-24
9.533440000000000000e+05 1.479244932093118499e-24
9.538560000000000000e+05 1.479244932093118499e-24
9.543680000000000000e+05 1.479244932093118499e-24
9.548800000000000000e+05 1.212163093079112153e-24
9.553920000000000000e+05 1.212163093079112153e-24
9.559040000000000000e+05 1.212163093079112153e-24
9.564160000000000000e+05 1.212163093079112153e-24
9.569280000000000000e+05 1.212163093079112153e-24
9.574400000000000000e+05 7.067835800542100477e-25
9.579520000000000000e+05 7.067835800542100477e-25
9.584640000000000000e+05 7.067835800542100477e-25
9.589760000000000000e+05 7.067835800542100477e-25
9.594880000000000000e+05 7.067835800542100477e-25
9.600000000000000000e+05 7.067835800542100477e-25
9.605120000000000000e+05 7.067835800542100477e-25
9.610240000000000000e+05 7.067835800542100477e-25
9.615360000000000000e+05 7.067835800542100477e-25
9.620480000000000000e+05 7.067835800542100477e-25
9.625600000000000000e+05 7.067835800542100477e-25
9.630720000000000000e+05 7.067835800542100477e-25
9.635840000000000000e+05 7.067835800542100477e-25
9.640960000000000000e+05 7.067835800542100477e-25
9.646080000000000000e+05 7.067835800542100477e-25
9.651200000000000000e+05 7.067835800542100477e-25
9.656320000000000000e+05 7.067835800542100477e-25
9.661440000000000000e+05 7.067835800542100477e-25
9.666560000000000000e+05 7.067835800542100477e-25
9.671680000000000000e+05 5.050016794608715245e-25
9.676800000000000000e+05 5.050016794608715245e-25
9.681920000000000000e+05 5.050016794608715245e-25
9.687040000000000000e+05 5.050016794608715245e-25
9.692160000000000000e+05 5.050016794608715245e-25
9.697280000000000000e+05 5.050016794608715245e-25
9.702400000000000000e+05 5.050016794608715245e-25
9.707520000000000000e+05 5.050016794608715245e-25
9.712640000000000000e+05 5.050016794608715245e-25
9.717760000000000000e+05 4.535286918910547942e-25
9.722880000000000000e+05 4.535286918910547942e-25
9.728000000000000000e+05 4.535286918910547942e-25
9.733120000000000000e+05 4.535286918910547942e-25
9.738240000000000000e+05 4.535286918910547942e-25
9.743360000000000000e+05 4.535286918910547942e-25
9.748480000000000000e+05 4.445456107546908691e-25
9.753600000000000000e+05 4.445456107546908691e-25
9.758720000000000000e+05 4.445456107546908691e-25
9.763840000000000000e+05 4.445456107546908691e-25
9.768960000000000000e+05 1.629863872193801327e-25
9.774080000000000000e+05 1.629863872193801327e-25
9.779200000000000000e+05 1.629863872193801327e-25
9.784320000000000000e+05 1.629863872193801327e-25
9.789440000000000000e+05 1.629863872193801327e-25
9.794560000000000000e+05 1.629863872193801327e-25
9.799680000000000000e+05 1.629863872193801327e-25
9.804800000000000000e+05 1.629863872193801327e-25
9.809920000000000000e+05 1.629863872193801327e-25
9.815040000000000000e+05 1.629863872193801327e-25
9.820160000000000000e+05 1.629863872193801327e-25
9.825280000000000000e+05 1.629863872193801327e-25
9.830400000000000000e+05 1.629863872193801327e-25
9.835520000000000000e+05 1.629863872193801327e-25
9.840640000000000000e+05 1.629863872193801327e-25
9.845760000000000000e+05 1.629863872193801327e-25
9.850880000000000000e+05 1.629863872193801327e-25
9.856000000000000000e+05 1.629863872193801327e-25
9.861120000000000000e+05 1.629863872193801327e-25
9.866240000000000000e+05 1.629863872193801327e-25
9.871360000000000000e+05 1.629863872193801327e-25
9.876480000000000000e+05 1.629863872193801327e-25
9.881600000000000000e+05 1.629863872193801327e-25
9.886720000000000000e+05 1.629863872193801327e-25
9.891840000000000000e+05 1.629863872193801327e-25
9.896960000000000000e+05 1.629863872193801327e-25
9.902080000000000000e+05 1.290473887904089439e-25
9.907200000000000000e+05 1.290473887904089439e-25
9.912320000000000000e+05 1.290473887904089439e-25
9.917440000000000000e+05 1.290473887904089439e-25
9.922560000000000000e+05 1.290473887904089439e-25
9.927680000000000000e+05 1.290473887904089439e-25
9.932800000000000000e+05 1.290473887904089439e-25
9.937920000000000000e+05 1.290473887904089439e-25
9.943040000000000000e+05 1.290473887904089439e-25
9.948160000000000000e+05 1.290473887904089439e-25
9.953280000000000000e+05 1.290473887904089439e-25
9.958400000000000000e+05 1.290473887904089439e-25
9.963520000000000000e+05 1.290473887904089439e-25
9.968640000000000000e+05 1.070481490550534891e-25
9.973760000000000000e+05 1.070481490550534891e-25
9.978880000000000000e+05 1.070481490550534891e-25
9.984000000000000000e+05 9.609493369229417965e-26
9.989120000000000000e+05 9.609493369229417965e-26
9.994240000000000000e+05 9.609493369229417965e-26
9.999360000000000000e+05 9.609493369229417965e-26
1.000448000000000000e+06 9.609493369229417965e-26
